0	1.04276	10	4
0	1.08553	15	9
0	1.08645	20	14
0	1.12918	25	21
0	1.1301	30	26
0	2.15234	35	754
0	3.25233	40	1629
0	4.25	36	2210
0	4.3	33	2237
0	4.3	29	2237
0	4.3	25	2237
0	4.3	21	2237
0	4.3	18	2237
0	4.31085	20	2238
0	5.30599	25	2681
0	5.35	26	2705
0	6.27363	30	3200
0	7.4	34	3867
0	7.41132	35	3867
0	8.41691	40	4422
0	10.06	45	5657
0	10.8776	50	6362
0	11.5	52	6855
0	12.4241	55	7631
0	13.3998	60	8622
0	14.3411	65	9685
0	15.7286	10	10087
0	15.7704	15	10092
0	15.7714	20	10097
0	15.8123	25	10102
0	15.8132	30	10107
0	16.9434	35	10893
0	17.95	33	11607
0	17.9706	35	11617
0	18.35	34	11814
0	18.8792	35	12019
0	19.4	35	12216
0	20.5125	40	12705
0	21.5	42	13190
0	22.6646	45	13740
0	23.8229	50	14434
0	24.9816	55	15185
0	25.55	57	15509
0	26.19	60	15919
0	27.7077	65	17026
0	29.2833	70	18136
0	30.1541	75	18904
0	31.5039	80	20039
0	32.7149	10	20170
0	32.7561	15	20177
0	32.7576	20	20184
0	32.7988	25	20200
0	32.802	30	20214
0	33.7781	35	21066
0	34.6579	40	21926
0	34.7	37	21970
0	34.75	37	22027
0	35.2096	40	22494
0	35.6706	45	22996
0	36	47	23399
0	36.1682	50	23622
0	36.5716	55	24226
0	36.8645	60	24697
0	37.2685	65	25355
0	37.5818	70	25880
0	37.9729	75	26548
0	38.05	76	26674
0	38.2475	80	27005
0	38.7215	85	27786
0	39.1095	90	28387
0	39.5923	95	29150
0	40.1141	100	29983
0	41.3557	10	30253
0	41.3978	15	30258
0	41.3994	20	30263
0	41.4409	25	30270
0	41.4423	30	30277
0	42.3531	35	30869
0	43.2	32	31438
0	43.25	32	31470
0	43.25	28	31470
0	43.2549	30	31474
0	43.35	27	31538
0	43.4	24	31571
0	43.4029	25	31571
0	44.1915	30	31968
0	44.5	27	32126
0	44.55	26	32152
0	45.5035	30	32635
0	45.6	30	32687
0	46.5181	35	33213
0	47.3765	40	33767
0	47.65	40	33971
0	48.2954	45	34461
0	49.3244	50	35277
0	50.4931	55	36122
0	51.5212	60	37017
0	51.7	61	37177
0	52.5958	65	37974
0	53.7236	70	39013
0	54.5656	75	39925
0	55.9717	10	40336
0	56.0141	15	40341
0	56.0163	20	40346
0	56.0574	25	40351
0	56.0591	30	40357
0	57.1	30	40848
0	57.15	28	40870
0	57.15	26	40870
0	57.2	25	40897
0	58.15	28	41329
0	58.3053	30	41408
0	59.3384	35	42045
0	60.0196	40	42509
0	60.2	41	42662
0	60.2	40	42662
0	61.084	45	43331
0	61.8611	50	43990
0	62.6449	55	44705
0	63.575	60	45637
0	64.1888	65	46285
0	64.2	65	46287
0	64.2	65	46287
0	64.35	66	46454
0	64.35	55	46454
0	64.35	45	46454
0	64.35	45	46454
0	64.4	48	46505
0	64.4	36	46505
0	64.4	36	46505
0	64.45	37	46542
0	64.45	37	46542
0	64.45	37	46542
0	64.5	37	46575
0	64.55	37	46607
0	65.1	32	47024
0	65.2	28	47097
0	65.3	26	47163
0	65.3	22	47163
0	65.3283	25	47180
0	65.8939	30	47478
0	66.35	24	47747
0	66.355	25	47750
0	66.55	27	47852
0	66.8	27	47976
0	67	28	48076
0	67.1717	30	48162
0	67.2	28	48184
0	67.3	29	48238
0	67.45	28	48317
0	67.6927	30	48446
0	68.1	28	48680
0	68.2	27	48731
0	68.3	27	48789
0	68.5121	30	48893
0	68.55	29	48915
0	68.564	30	48926
0	68.7	25	49006
0	68.95	25	49141
0	69.25	27	49293
0	69.3	28	49319
0	69.5471	30	49451
0	69.8	23	49596
0	69.8883	25	49642
0	70.05	22	49722
0	70.25	20	49802
0	70.3	20	49822
0	70.6	22	49943
0	70.8232	25	50050
0	71.1	25	50185
0	71.15	24	50208
0	71.1825	25	50228
0	71.45	27	50372
0	72.5485	10	50419
0	72.5906	15	50424
0	72.5921	20	50429
0	72.634	25	50434
0	72.635	30	50441
0	73.7	30	51042
0	73.7	27	51042
0	73.75	27	51072
0	74.1967	30	51314
0	74.75	32	51651
0	74.9189	35	51747
0	76.1752	40	52425
0	76.8	43	52775
0	77.1252	45	52968
0	78.0664	50	53547
0	79.2043	55	54237
0	80.633	60	55245
0	80.9	61	55435
0	80.9	52	55435
0	80.9	52	55435
0	80.9	52	55435
0	80.9	45	55435
0	80.9	42	55435
0	80.9	40	55435
0	80.9	40	55435
0	80.95	43	55470
0	80.95	39	55470
0	80.95	39	55470
0	80.95	39	55470
0	80.9514	40	55471
0	81.611	45	55852
0	82.2709	50	56282
0	82.7008	55	56629
0	83.2583	60	57138
0	83.5	62	57368
0	83.8314	65	57651
0	84.3885	70	58134
0	84.9679	75	58680
0	85.4742	80	59245
0	85.9395	85	59801
0	87.5899	10	60502
0	87.6107	15	60507
0	87.6327	20	60520
0	87.6736	25	60547
0	87.6777	30	60563
0	88.4468	35	61325
0	88.75	35	61687
0	88.8	34	61743
0	88.809	35	61762
0	88.85	35	61811
0	89.2253	40	62280
0	89.5976	45	62811
0	89.75	42	63062
0	89.7649	45	63084
0	89.8	42	63143
0	89.85	41	63222
0	89.9079	45	63319
0	90.15	44	63757
0	90.1799	45	63807
0	90.35	46	64133
0	90.4522	50	64344
0	90.6548	55	64794
0	90.9368	60	65470
0	90.95	58	65504
0	91	57	65626
0	91.0301	60	65700
0	91.2456	65	66228
0	91.5343	70	66930
0	91.8057	75	67591
0	92.1122	80	68337
0	92.3	80	68793
0	92.4887	85	69251
0	92.85	68	70130
0	92.8736	70	70188
0	92.9	48	70240
0	92.95	49	70322
0	93	49	70394
0	93.0765	50	70514
0	93.1	50	70550
0	94.1617	10	70585
0	94.2033	15	70590
0	94.2054	20	70595
0	94.2451	25	70600
0	94.2481	30	70612
0	95.1426	35	71228
0	95.85	35	71744
0	96.15	34	71956
0	96.1566	35	71962
0	96.75	34	72402
0	96.7634	35	72405
0	96.8	30	72439
0	97.4	29	72825
0	97.4003	30	72825
0	97.55	30	72919
0	98	31	73191
0	98.15	31	73284
0	98.2	25	73316
0	98.5	24	73492
0	98.5216	25	73493
0	98.6	23	73541
0	98.7377	25	73616
0	98.95	24	73738
0	98.9558	25	73739
0	99.5973	30	74116
0	100.2	26	74484
0	100.566	30	74669
0	100.6	26	74683
0	100.7	24	74733
0	100.701	25	74733
0	101.15	24	74914
0	101.172	25	74921
0	101.2	23	74930
0	101.3	21	74959
0	101.4	20	74985
0	101.5	21	75012
0	101.85	17	75110
0	101.9	15	75123
0	102.65	20	75340
0	102.95	20	75441
0	103.598	25	75710
0	104.43	30	76155
0	105	33	76494
0	105.296	35	76667
0	106.035	40	77132
0	106.913	45	77781
0	107.642	50	78406
0	108.344	55	79050
0	109.05	58	79710
0	109.226	60	79882
0	110.981	10	80668
0	111.023	15	80673
0	111.026	20	80678
0	111.065	25	80683
0	111.07	30	80696
0	112.4	31	81495
0	112.45	30	81528
0	112.996	35	81895
0	113.55	38	82280
0	113.958	40	82549
0	114.797	45	83136
0	115.59	50	83720
0	115.6	50	83731
0	116.303	55	84351
0	117.003	60	85045
0	117.683	65	85781
0	118.524	70	86708
0	119.189	75	87532
0	119.69	80	88223
0	119.8	81	88393
0	119.8	70	88393
0	119.8	60	88393
0	119.8	54	88393
0	119.8	54	88393
0	119.8	54	88393
0	119.8	55	88393
0	119.85	55	88456
0	119.85	53	88456
0	119.85	53	88456
0	119.989	55	88604
0	120.343	60	89010
0	120.821	65	89608
0	121.182	70	90095
0	121.55	74	90611
0	121.604	75	90687
0	122.686	10	90751
0	122.728	15	90756
0	122.729	20	90761
0	122.77	25	90766
0	122.771	30	90771
0	123.594	35	91347
0	125.073	40	92466
0	125.1	37	92495
0	125.15	36	92530
0	125.619	40	92903
0	126.2	43	93422
0	126.545	45	93767
0	127.127	50	94352
0	127.716	55	94993
0	128.25	58	95579
0	128.561	60	95914
0	129.364	65	96874
0	130.107	70	97793
0	130.797	75	98754
0	131.707	80	100042
0	133.283	10	100834
0	133.325	15	100839
0	133.327	20	100844
0	133.367	25	100849
0	133.369	30	100859
0	134.31	35	101487
0	135.3	34	102113
0	135.303	35	102113
0	135.55	31	102269
0	135.6	30	102297
0	136.465	35	102875
0	136.65	36	103018
0	137.271	40	103513
0	138.288	45	104275
0	138.7	47	104569
0	139.136	50	104919
0	140.254	55	105912
0	141.131	60	106770
0	142.075	65	107691
0	142.75	68	108415
0	142.912	70	108597
0	144.034	75	109959
0	145.889	10	110917
0	145.931	15	110922
0	145.932	20	110927
0	145.974	25	110932
0	145.976	30	110945
0	146.882	35	111563
0	147.8	34	112131
0	147.81	35	112145
0	147.85	33	112169
0	147.9	29	112200
0	147.92	30	112209
0	148.95	33	112827
0	149.073	35	112909
0	149.8	40	113426
0	150.832	45	114248
0	151	47	114389
0	151.436	50	114796
0	152.329	55	115621
0	153.084	60	116364
0	154.243	65	117525
0	155.05	68	118318
0	155.255	70	118519
0	156.461	75	119720
0	157.131	80	120450
0	158.645	10	121000
0	158.686	15	121007
0	158.689	20	121012
0	158.729	25	121023
0	158.731	30	121030
0	159.652	35	121665
0	160.7	35	122459
0	161.05	35	122715
0	161.15	35	122790
0	161.2	36	122825
0	161.662	40	123178
0	161.8	35	123284
0	162.2	32	123580
0	162.3	30	123652
0	162.6	27	123860
0	162.756	30	123957
0	163.35	30	124364
0	163.74	35	124661
0	164.307	40	125085
0	164.978	45	125629
0	165.05	35	125694
0	165.35	38	125919
0	165.45	34	125990
0	165.451	35	125990
0	165.6	35	126104
0	165.65	35	126139
0	166	35	126405
0	166.25	34	126604
0	166.269	35	126622
0	167.15	37	127345
0	167.228	40	127412
0	168.2	40	128199
0	168.35	36	128325
0	168.45	29	128406
0	168.46	30	128410
0	168.65	27	128546
0	168.979	30	128757
0	169	30	128767
0	170.019	35	129502
0	170.05	33	129522
0	170.13	35	129586
0	170.55	36	129921
0	171.026	40	130294
0	171.55	37	130713
0	171.7	33	130824
0	171.8	30	130901
0	173.129	10	131083
0	173.171	15	131088
0	173.173	20	131093
0	173.214	25	131099
0	173.216	30	131107
0	174.138	35	131732
0	175.15	35	132487
0	175.9	35	132995
0	175.95	33	133026
0	176.439	35	133322
0	176.95	37	133594
0	177.34	40	133799
0	178.281	45	134348
0	179	48	134743
0	179.941	50	135055
0	182.617	55	135682
0	183.05	55	135783
0	183.05	48	135783
0	183.48	50	135874
0	185.678	55	136462
0	188.531	60	137399
0	190.433	65	138108
0	191.1	66	138429
0	191.15	65	138453
0	191.15	58	138453
0	191.15	58	138453
0	191.15	58	138453
0	191.15	58	138453
0	191.184	60	138472
0	191.2	56	138476
0	191.2	56	138476
0	191.2	56	138476
0	191.2	56	138476
0	191.2	52	138476
0	191.2	52	138476
0	191.2	52	138476
0	191.2	52	138476
0	191.2	40	138476
0	191.2	40	138476
0	192.592	45	138930
0	193.728	50	139291
0	194.4	51	139569
0	195.051	55	139890
0	196.429	60	140623
0	198.301	10	141166
0	198.323	15	141171
0	198.343	20	141176
0	198.344	25	141181
0	198.386	30	141216
0	199.101	35	142073
0	199.454	40	142536
0	199.75	37	142977
0	199.771	40	143009
0	199.8	39	143050
0	199.97	40	143314
