2	1.04641	10	4
2	1.08913	15	9
2	1.09374	20	14
2	1.13271	25	19
2	1.31885	30	130
2	1.5507	35	290
2	1.77937	40	475
2	2.00308	45	685
2	2.1	23	782
2	2.1	23	782
2	2.12652	25	806
2	2.34046	30	941
2	2.5544	35	1101
2	2.76833	40	1286
2	2.98791	45	1496
2	3.22795	50	1731
2	3.49039	55	1991
2	3.7804	60	2276
2	4.09345	65	2586
2	4.3	34	2793
2	4.3006	35	2793
2	4.35	36	2843
2	4.4	37	2865
2	4.45	37	2888
2	4.5	38	2912
2	4.55	39	2946
2	4.59838	40	2978
2	4.65	40	3017
2	4.7	20	3050
2	4.75	22	3081
2	4.8	23	3095
2	4.85	23	3111
2	4.90801	25	3140
2	4.95	12	3158
2	5	14	3177
2	5.03117	15	3185
2	5.05	15	3187
2	5.1	15	3199
2	5.25	9	3254
2	5.25113	10	3254
2	5.3	11	3271
2	5.45351	15	3314
2	5.66745	20	3399
2	5.88139	25	3509
2	6.09532	30	3644
2	6.30926	35	3804
2	6.52319	40	3989
2	6.74097	45	4199
2	6.97655	50	4434
2	7.23632	55	4694
2	7.5189	60	4979
2	7.82639	65	5289
2	8.1	34	5563
2	8.10071	35	5563
2	8.15	36	5613
2	8.2	36	5634
2	8.25	37	5655
2	8.3	38	5680
2	8.35	39	5713
2	8.40157	40	5748
2	8.45	40	5778
2	8.5	41	5810
2	8.55	21	5843
2	8.6	23	5875
2	8.65	24	5890
2	8.69835	25	5912
2	8.75	25	5935
2	8.8	13	5958
2	8.83304	15	5972
2	8.85	15	5978
2	8.9	8	5989
2	8.92408	10	5998
2	9	5	6008
2	9.05	3	6016
2	9.09154	5	6020
2	9.1	2	6021
2	9.17711	5	6028
2	9.39105	10	6063
2	9.60521	15	6123
2	9.8192	20	6208
2	10.0332	25	6318
2	10.2472	30	6453
2	10.4612	35	6613
2	10.6762	40	6798
2	10.9034	45	7008
2	11.1524	50	7243
2	11.4304	55	7503
2	11.7316	60	7788
2	12.0557	65	8098
2	12.15	33	8187
2	12.1883	35	8221
2	12.2	35	8234
2	12.25	35	8254
2	12.3	36	8274
2	12.35	37	8296
2	12.4	37	8326
2	12.45	38	8359
2	12.5	39	8393
2	12.5278	40	8406
2	12.55	20	8425
2	12.65	22	8468
2	12.7	23	8482
2	12.75	24	8504
2	12.7863	25	8515
2	12.8	12	8529
2	12.8846	15	8556
2	12.9	15	8557
2	12.95	15	8568
2	13	8	8580
2	13.0111	10	8589
2	13.1	5	8607
2	13.15	3	8616
2	13.1804	5	8620
2	13.3943	10	8655
2	13.6083	15	8715
2	13.8222	20	8800
2	14.0362	25	8910
2	14.2501	30	9045
2	14.464	35	9205
2	14.6843	40	9390
2	14.9017	45	9600
2	15.12	50	9835
2	16.35	2	10083
2	16.35	2	10083
2	16.35	2	10083
2	16.35	2	10083
2	16.35	2	10083
2	16.35	2	10083
2	16.35	2	10083
2	16.35	2	10083
2	16.35	2	10083
2	16.35	2	10083
2	16.35	2	10083
2	16.35	2	10083
2	16.35	2	10083
2	16.35	2	10083
2	16.35	2	10083
2	16.35	2	10083
2	16.35	2	10083
2	16.35	2	10083
2	16.35	2	10083
2	16.35	2	10083
2	16.35	2	10083
2	16.35	2	10083
2	16.35	2	10083
2	16.35	2	10083
2	16.35	2	10083
2	16.35	2	10083
2	16.35	2	10083
2	16.35	2	10083
2	16.35	2	10083
2	16.35	2	10083
2	16.35	2	10083
2	16.35	2	10083
2	16.35	2	10083
2	16.35	2	10083
2	16.35	2	10083
2	16.35	2	10083
2	16.35	2	10083
2	16.35	2	10083
2	16.35	2	10083
2	16.35	2	10083
2	16.35	2	10083
2	16.35	2	10083
2	16.35	2	10083
2	16.35	2	10083
2	16.35	2	10083
2	16.35	2	10083
2	16.35	2	10083
2	16.35	2	10083
2	16.35	2	10083
2	16.35	2	10083
2	16.35	2	10083
2	16.35	2	10083
2	16.3941	5	10090
2	16.4612	10	10125
2	16.6062	15	10185
2	16.7756	20	10270
2	16.9496	25	10380
2	17.1346	30	10515
2	17.3209	35	10675
2	17.513	40	10860
2	17.7307	45	11070
2	17.9643	50	11305
2	18.2085	55	11565
2	18.4725	60	11850
2	18.7597	65	12160
2	18.9	33	12312
2	18.932	35	12346
2	18.95	35	12366
2	19.1	38	12472
2	19.1	38	12472
2	19.1662	40	12531
2	19.25	20	12606
2	19.3	22	12645
2	19.35	23	12667
2	19.4	24	12692
2	19.4037	25	12696
2	19.6093	30	12831
2	19.8028	35	12991
2	19.85	18	13033
2	19.8754	20	13052
2	19.9	20	13072
2	19.9	20	13072
2	20.0503	25	13162
2	20.229	30	13297
2	20.4198	35	13457
2	20.6059	40	13642
2	20.8018	45	13852
2	21.0195	50	14087
2	21.2603	55	14347
2	21.5244	60	14632
2	21.8116	65	14942
2	22.1219	70	15277
2	22.15	35	15308
2	22.2	37	15362
2	22.3	38	15413
2	22.3	38	15413
2	22.35	39	15442
2	22.3654	40	15458
2	22.4	40	15480
2	22.45	41	15519
2	22.5	42	15561
2	22.55	21	15600
2	22.65	24	15654
2	22.65	24	15654
2	22.6742	25	15669
2	22.7	25	15674
2	22.75	13	15703
2	22.7637	15	15717
2	22.8	15	15727
2	22.9	8	15761
2	22.9163	10	15770
2	22.95	10	15778
2	23	5	15790
2	23.05	3	15803
2	23.0593	5	15807
2	23.1	3	15813
2	23.1047	5	15817
2	23.15	3	15827
2	23.1675	5	15831
2	23.295	10	15866
2	23.458	15	15926
2	23.6256	20	16011
2	23.7977	25	16121
2	23.9787	30	16256
2	24.1619	35	16416
2	24.3514	40	16601
2	24.5485	45	16811
2	24.7663	50	17046
2	25.0072	55	17306
2	25.2712	60	17591
2	25.5584	65	17901
2	25.8687	70	18236
2	26.2	37	18594
2	26.25	39	18648
2	26.2923	40	18671
2	26.3	40	18676
2	26.35	40	18702
2	26.4	41	18730
2	26.45	42	18767
2	26.5	43	18807
2	26.55	44	18847
2	26.55	44	18847
2	26.5927	45	18881
2	26.6	22	18889
2	26.65	24	18927
2	26.6793	25	18936
2	26.7	25	18945
2	26.75	26	18965
2	26.8	27	18991
2	26.85	14	19022
2	26.8503	15	19022
2	26.9	16	19047
2	26.95	8	19063
2	26.9732	10	19072
2	27	10	19080
2	27.05	5	19091
2	27.1	3	19104
2	27.1062	5	19108
2	27.15	3	19118
2	27.1681	5	19122
2	27.2	3	19128
2	27.2218	5	19132
2	27.3556	10	19167
2	27.504	15	19227
2	27.6715	20	19312
2	27.8499	25	19422
2	28.0303	30	19557
2	28.2126	35	19717
2	28.4034	40	19902
2	28.5991	45	20112
2	29.65	2	20166
2	29.65	2	20166
2	29.65	2	20166
2	29.65	2	20166
2	29.65	2	20166
2	29.65	2	20166
2	29.65	2	20166
2	29.65	2	20166
2	29.65	2	20166
2	29.65	2	20166
2	29.65	2	20166
2	29.65	2	20166
2	29.65	2	20166
2	29.65	2	20166
2	29.65	2	20166
2	29.65	2	20166
2	29.65	2	20166
2	29.65	2	20166
2	29.65	2	20166
2	29.65	2	20166
2	29.65	2	20166
2	29.65	2	20166
2	29.65	2	20166
2	29.65	2	20166
2	29.65	2	20166
2	29.65	2	20166
2	29.65	2	20166
2	29.65	2	20166
2	29.65	2	20166
2	29.65	2	20166
2	29.65	2	20166
2	29.65	2	20166
2	29.65	2	20166
2	29.65	2	20166
2	29.65	2	20166
2	29.65	2	20166
2	29.65	2	20166
2	29.65	2	20166
2	29.65	2	20166
2	29.65	2	20166
2	29.65	2	20166
2	29.65	2	20166
2	29.65	2	20166
2	29.65	2	20166
2	29.65	2	20166
2	29.65	2	20166
2	29.65	2	20166
2	29.65	2	20166
2	29.65	2	20166
2	29.65	2	20166
2	29.6946	5	20173
2	29.7618	10	20208
2	29.9068	15	20268
2	30.0761	20	20353
2	30.25	25	20463
2	30.4373	30	20598
2	30.6213	35	20758
2	30.8104	40	20943
2	31.0058	45	21153
2	31.223	50	21388
2	31.4632	55	21648
2	31.7265	60	21933
2	32.013	65	22243
2	32.3225	70	22578
2	32.4	35	22662
2	32.45	37	22716
2	32.5	38	22741
2	32.6184	40	22812
2	32.7	41	22863
2	32.75	42	22900
2	32.75	42	22900
2	32.8	42	22932
2	32.8	42	22932
2	32.85	21	22968
2	32.85	21	22968
2	32.9	23	23005
2	32.9	23	23005
2	32.95	24	23024
2	32.9663	25	23037
2	33	25	23050
2	33.05	13	23081
2	33.0827	15	23095
2	33.1	15	23105
2	33.15	8	23121
2	33.172	10	23130
2	33.25	5	23149
2	33.3	3	23162
2	33.3041	5	23166
2	33.35	3	23176
2	33.3659	5	23180
2	33.4	3	23186
2	33.4204	5	23190
2	33.5534	10	23225
2	33.7018	15	23285
2	33.8693	20	23370
2	34.0485	25	23480
2	34.228	30	23615
2	34.4103	35	23775
2	34.6069	40	23960
2	34.8203	45	24170
2	35.0597	50	24405
2	35.3212	55	24665
2	35.6066	60	24950
2	35.9	32	25246
2	35.95	34	25297
2	35.9887	35	25313
2	36	35	25320
2	36.05	35	25345
2	36.1	36	25376
2	36.15	37	25410
2	36.2	38	25446
2	36.25	19	25485
2	36.2502	20	25485
2	36.3	21	25518
2	36.35	22	25535
2	36.45	12	25578
2	36.5	14	25599
2	36.5093	15	25605
2	36.55	7	25618
2	36.6276	10	25635
2	36.65	5	25641
2	36.7	3	25651
2	36.715	5	25655
2	36.75	2	25659
2	36.7978	5	25666
2	36.8	2	25669
2	36.8424	5	25676
2	36.9	3	25690
2	36.9271	5	25694
2	37.0554	10	25729
2	37.2192	15	25789
2	37.3867	20	25874
2	37.5588	25	25984
2	37.7364	30	26119
2	37.9205	35	26279
2	38.1235	40	26464
2	38.3438	45	26674
2	38.5876	50	26909
2	38.8491	55	27169
2	39.1327	60	27454
2	39.3	31	27625
2	39.35	33	27676
2	39.435	35	27724
2	39.5	35	27758
2	39.55	36	27793
2	39.6	37	27831
2	39.65	19	27871
2	39.6508	20	27871
2	39.7	21	27905
2	39.75	22	27923
2	39.862	25	27981
2	39.9	12	27999
2	39.95	14	28022
2	39.9765	15	28026
2	40	15	28036
2	40.05	8	28052
2	40.0649	10	28061
2	40.1	5	28069
2	40.15	4	28083
2	40.1505	5	28083
2	40.2	3	28099
2	40.2342	5	28103
2	40.3625	10	28138
2	40.5262	15	28198
2	40.6937	20	28283
2	40.8658	25	28393
2	41.0435	30	28528
2	41.2276	35	28688
2	41.4194	40	28873
2	41.6312	45	29083
2	41.8627	50	29318
2	42.1208	55	29578
2	42.4056	60	29863
2	42.7135	65	30173
2	42.75	32	30209
2	43.8	5	30249
2	43.8	5	30249
2	43.8	5	30249
2	43.8	5	30249
2	43.8	5	30249
2	43.8	5	30249
2	43.8	5	30249
2	43.8	5	30249
2	43.8	5	30249
2	43.8244	10	30253
2	43.8319	15	30258
2	43.8645	20	30263
2	43.8691	25	30268
2	44.0214	30	30379
2	44.2087	35	30539
2	44.4024	40	30724
2	44.6154	45	30934
2	44.8547	50	31169
2	45.1169	55	31429
2	45.4068	60	31714
2	45.7	32	32010
2	45.75	34	32060
2	45.7883	35	32077
2	45.8	35	32084
2	45.85	35	32109
2	45.9	36	32136
2	45.95	37	32172
2	46	38	32210
2	46.05	19	32249
2	46.0501	20	32249
2	46.1	21	32282
2	46.15	22	32299
2	46.2	23	32318
2	46.25	12	32344
2	46.3	14	32366
2	46.3125	15	32371
2	46.35	7	32385
2	46.4172	10	32402
2	46.45	5	32410
2	46.5	3	32421
2	46.5119	5	32425
2	46.6	4	32446
2	46.6003	5	32446
2	46.7	4	32467
2	46.7185	5	32467
2	46.8142	10	32502
2	46.9806	15	32562
2	47.1499	20	32647
2	47.3248	25	32757
2	47.5157	30	32892
2	47.6976	35	33052
2	47.8946	40	33237
2	48.1249	45	33447
2	48.3779	50	33682
2	48.6541	55	33942
2	48.9596	60	34227
2	49.05	30	34312
2	49.1	32	34359
2	49.15	33	34381
2	49.2	33	34404
2	49.25	34	34428
2	49.2642	35	34442
2	49.3	35	34462
2	49.35	36	34498
2	49.4	18	34536
2	49.4326	20	34555
2	49.45	20	34567
2	49.5	21	34583
2	49.55	22	34601
2	49.6	11	34623
2	49.6985	15	34662
2	49.7	7	34663
2	49.75	9	34677
2	49.7795	10	34680
2	49.8	5	34687
2	49.9469	10	34717
2	49.95	5	34721
2	50	4	34736
2	50.0051	5	34736
2	50.05	3	34747
2	50.0761	5	34751
2	50.2045	10	34786
2	50.3683	15	34846
2	50.5357	20	34931
2	50.7078	25	35041
2	50.8854	30	35176
2	51.0723	35	35336
2	51.2893	40	35521
2	51.5286	45	35731
2	51.7908	50	35966
2	52.0826	55	36226
2	52.35	29	36472
2	52.3504	30	36472
2	52.4	31	36517
2	52.45	32	36538
2	52.5	32	36560
2	52.55	33	36585
2	52.6	34	36614
2	52.6255	35	36632
2	52.65	35	36648
2	52.7	18	36685
2	52.7331	20	36704
2	52.75	20	36715
2	52.8	21	36731
2	52.85	11	36749
2	52.9563	15	36788
2	53	7	36802
2	53.05	9	36815
2	53.0809	10	36819
2	53.1	5	36824
2	53.15	3	36834
2	53.1674	5	36838
2	53.25	3	36850
2	53.2539	5	36854
2	53.3	3	36864
2	53.3367	5	36868
2	53.35	2	36873
2	53.3822	5	36880
2	53.5124	10	36915
2	53.678	15	36975
2	53.8473	20	37060
2	54.0221	25	37170
2	54.213	30	37305
2	54.402	35	37465
2	54.615	40	37650
2	54.8635	45	37860
2	55.1089	50	38095
2	55.3485	55	38355
2	55.6	29	38628
2	55.6001	30	38628
2	55.65	31	38683
2	55.7	32	38712
2	55.75	33	38743
2	55.8	34	38784
2	55.8045	35	38788
2	55.85	18	38827
2	55.8771	20	38846
2	55.9	20	38864
2	55.95	11	38888
2	56.0255	15	38927
2	56.2178	20	39012
2	56.3935	25	39122
2	56.5815	30	39257
2	56.6	15	39270
2	56.7131	20	39340
2	56.8885	25	39450
2	57.0788	30	39585
2	57.2601	35	39745
2	57.4515	40	39930
2	57.672	45	40140
2	58.8943	10	40336
2	58.9	10	40337
2	58.9	10	40337
2	58.9	10	40337
2	58.9	10	40337
2	58.9	10	40337
2	58.9	10	40337
2	58.9	10	40337
2	58.9	10	40337
2	58.9	10	40337
2	58.9	10	40337
2	58.9	10	40337
2	58.9	10	40337
2	58.9	10	40337
2	58.9	10	40337
2	58.9	10	40337
2	58.9	10	40337
2	58.9152	15	40341
2	58.9197	20	40346
2	58.9245	25	40351
2	59.1382	30	40462
2	59.3977	35	40622
2	59.6517	40	40807
2	59.9085	45	41017
2	60.1862	50	41252
2	60.4918	55	41512
2	60.8207	60	41797
2	61.1833	65	42107
2	61.2	32	42114
2	61.25	34	42157
2	61.3204	35	42181
2	61.35	35	42188
2	61.4	35	42209
2	61.45	36	42234
2	61.5	37	42256
2	61.6	38	42304
2	61.65	39	42332
2	61.7	39	42366
2	61.7009	40	42366
2	61.8	20	42429
2	61.85	22	42458
2	61.9	22	42470
2	62	24	42504
2	62.0422	25	42519
2	62.05	12	42522
2	62.15	14	42546
2	62.1687	15	42549
2	62.5055	20	42634
2	62.8013	25	42744
2	63.0861	30	42879
2	63.3455	35	43039
2	63.6074	40	43224
2	63.8941	45	43434
2	64.2042	50	43669
2	64.5332	55	43929
2	64.8413	60	44214
2	64.9	30	44264
2	65	33	44329
2	65.05	33	44350
2	65.1	34	44378
2	65.1337	35	44394
2	65.15	35	44409
2	65.25	18	44470
2	65.2775	20	44489
2	65.35	21	44510
2	65.45	22	44546
2	65.5798	25	44599
2	65.8663	30	44734
2	66.1258	35	44894
2	66.3807	40	45079
2	66.631	45	45289
2	66.8789	50	45524
2	67.1439	55	45784
2	67.4294	60	46069
2	67.7468	65	46379
2	68.0809	70	46714
2	68.3	36	46936
2	68.35	38	46988
2	68.4	38	47009
2	68.45	39	47030
2	68.4793	40	47050
2	68.5	40	47053
2	68.6	41	47119
2	68.65	42	47153
2	68.7	43	47183
2	68.75	43	47215
2	68.8064	45	47260
2	68.85	22	47295
2	68.9	24	47329
2	68.9339	25	47342
2	69.05	26	47379
2	69.1	27	47405
2	69.2	14	47452
2	69.2149	15	47452
2	69.4845	20	47537
2	69.7812	25	47647
2	70.0669	30	47782
2	70.3255	35	47942
2	70.5803	40	48127
2	70.8306	45	48337
2	71.0753	50	48572
2	71.3223	55	48832
2	71.5927	60	49117
2	71.8784	65	49427
2	72.1871	70	49762
2	72.5189	75	50122
2	72.75	39	50372
2	72.7508	40	50372
2	73.8	5	50415
2	73.8	5	50415
2	73.8	5	50415
2	73.8	5	50415
2	73.8	5	50415
2	73.8	5	50415
2	73.8245	10	50419
2	73.8383	15	50424
2	73.8656	20	50429
2	73.8702	25	50434
2	74.0322	30	50545
2	74.2136	35	50705
2	74.4047	40	50890
2	74.6079	45	51100
2	74.8362	50	51335
2	75.0771	55	51595
2	75.3411	60	51880
2	75.6283	65	52190
2	75.9	34	52484
2	75.9007	35	52484
2	76.1471	40	52669
2	76.3	21	52792
2	76.35	23	52827
2	76.4	24	52844
2	76.4261	25	52861
2	76.45	25	52863
2	76.5	13	52891
2	76.5318	15	52905
2	76.55	15	52914
2	76.6	8	52929
2	76.6254	10	52938
2	76.65	5	52944
2	76.7	3	52954
2	76.724	5	52958
2	76.75	2	52962
2	76.8	2	52969
2	76.85	2	52976
2	76.8738	5	52983
2	76.9	2	52987
2	76.9376	5	52994
2	77.066	10	53029
2	77.213	15	53089
2	77.3824	20	53174
2	77.5657	25	53284
2	77.7425	30	53419
2	77.9277	35	53579
2	78.1173	40	53764
2	78.3141	45	53974
2	78.5318	50	54209
2	78.7727	55	54469
2	79.0367	60	54754
2	79.3239	65	55064
2	79.6	34	55363
2	79.6009	35	55363
2	79.65	36	55416
2	79.7	37	55451
2	79.75	38	55483
2	79.8	39	55518
2	79.8295	40	55548
2	80.0715	45	55758
2	80.2	23	55885
2	80.2251	25	55909
2	80.25	25	55929
2	80.3	26	55952
2	80.35	27	55978
2	80.4	28	56013
2	80.4438	30	56044
2	80.45	15	56051
2	80.5	17	56083
2	80.55	9	56103
2	80.561	10	56103
2	80.6	6	56126
2	80.6642	10	56150
2	80.828	15	56210
2	80.9956	20	56295
2	81.1677	25	56405
2	81.3463	30	56540
2	81.5372	35	56700
2	81.7232	40	56885
2	81.9191	45	57095
2	82.1368	50	57330
2	82.3776	55	57590
2	82.6416	60	57875
2	82.9288	65	58185
2	83.2	34	58478
2	83.2003	35	58478
2	83.25	36	58532
2	83.3	37	58558
2	83.35	37	58584
2	83.4	38	58613
2	83.45	39	58651
2	83.4615	40	58663
2	83.5	40	58691
2	83.55	41	58733
2	83.6	21	58771
2	83.65	23	58808
2	83.7202	25	58840
2	83.75	25	58847
2	83.8	13	58878
2	83.8314	15	58892
2	83.85	15	58902
2	83.9	8	58918
2	83.9231	10	58927
2	83.95	5	58934
2	84	3	58945
2	84.0213	5	58949
2	84.1	3	58963
2	84.1124	5	58967
2	84.15	3	58973
2	84.158	5	58977
2	84.2	3	58986
2	84.2218	5	58990
2	84.3493	10	59025
2	84.5112	15	59085
2	84.6787	20	59170
2	84.8508	25	59280
2	85.0285	30	59415
2	85.2127	35	59575
2	85.4045	40	59760
2	85.6003	45	59970
2	85.818	50	60205
2	86.0589	55	60465
2	87.1	2	60498
2	87.1	2	60498
2	87.1	2	60498
2	87.1	2	60498
2	87.1	2	60498
2	87.1	2	60498
2	87.1	2	60498
2	87.1	2	60498
2	87.1	2	60498
2	87.1	2	60498
2	87.1	2	60498
2	87.1	2	60498
2	87.1	2	60498
2	87.1	2	60498
2	87.1	2	60498
2	87.1	2	60498
2	87.1	2	60498
2	87.1	2	60498
2	87.1	2	60498
2	87.1	2	60498
2	87.1	2	60498
2	87.1	2	60498
2	87.1	2	60498
2	87.1	2	60498
2	87.1	2	60498
2	87.1	2	60498
2	87.1	2	60498
2	87.1	2	60498
2	87.1	2	60498
2	87.1	2	60498
2	87.1	2	60498
2	87.1	2	60498
2	87.1	2	60498
2	87.1	2	60498
2	87.1	2	60498
2	87.1	2	60498
2	87.1	2	60498
2	87.1	2	60498
2	87.1	2	60498
2	87.1	2	60498
2	87.1	2	60498
2	87.1	2	60498
2	87.1418	5	60505
2	87.2064	10	60540
2	87.3672	15	60600
2	87.5356	20	60685
2	87.7086	25	60795
2	87.8881	30	60930
2	88.079	35	61090
2	88.2689	40	61275
2	88.4816	45	61485
2	88.7167	50	61720
2	88.9711	55	61980
2	89.2448	60	62265
2	89.5379	65	62575
2	89.55	32	62589
2	89.6	34	62642
2	89.6358	35	62656
2	89.65	35	62668
2	89.7	36	62695
2	89.9	40	62841
2	89.9	20	62842
2	89.95	22	62875
2	90	23	62892
2	90.05	24	62911
2	90.0973	25	62932
2	90.1	12	62935
2	90.15	14	62957
2	90.1593	15	62962
2	90.2	15	62975
2	90.25	8	62992
2	90.2787	10	63001
2	90.4	6	63032
2	90.45	4	63048
2	90.4508	5	63048
2	90.5	3	63063
2	90.5345	5	63067
2	90.55	3	63073
2	90.5791	5	63077
2	90.7066	10	63112
2	90.8704	15	63172
2	91.0379	20	63257
2	91.21	25	63367
2	91.3877	30	63502
2	91.5718	35	63662
2	91.7636	40	63847
2	91.96	45	64057
2	92.1773	50	64292
2	92.4176	55	64552
2	92.6809	60	64837
2	92.9673	65	65147
2	93.25	34	65453
2	93.2501	35	65453
2	93.3	36	65508
2	93.4	38	65569
2	93.45	39	65603
2	93.4954	40	65638
2	93.5	40	65643
2	93.55	41	65685
2	93.6	21	65729
2	93.65	23	65767
2	93.7	24	65788
2	93.7187	25	65798
2	93.75	25	65811
2	93.85	14	65879
2	93.8508	15	65879
2	93.9	16	65907
2	93.95	8	65925
2	93.9708	10	65934
2	94.05	6	65957
2	94.1	4	65974
2	94.1001	5	65974
2	94.2247	10	66009
2	94.3623	15	66069
2	94.5335	20	66154
2	94.7084	25	66264
2	94.9002	30	66399
2	95.0825	35	66559
2	95.2792	40	66744
2	95.4918	45	66954
2	95.7315	50	67189
2	95.9943	55	67449
2	96.2847	60	67734
2	96.55	32	67997
2	96.6	34	68046
2	96.64	35	68064
2	96.65	35	68069
2	96.7	35	68093
2	96.75	36	68119
2	96.8	37	68153
2	96.85	38	68190
2	96.9	19	68228
2	96.9004	20	68228
2	96.95	21	68260
2	97	22	68276
2	97.05	23	68294
2	97.1433	25	68338
2	97.15	12	68346
2	97.2	14	68368
2	97.2298	15	68373
2	97.25	15	68381
2	97.3	8	68396
2	97.3172	10	68405
2	97.35	5	68412
2	97.45	4	68440
2	97.4512	5	68440
2	97.5	3	68451
2	97.5312	5	68455
2	97.55	2	68460
2	97.5768	5	68467
2	97.707	10	68502
2	97.8735	15	68562
2	98.0428	20	68647
2	98.2177	25	68757
2	98.4086	30	68892
2	98.5899	35	69052
2	98.7849	40	69237
2	99.0106	45	69447
2	99.2595	50	69682
2	99.5315	55	69942
2	99.833	60	70227
2	100	31	70387
2	100.05	33	70434
2	100.1	34	70456
2	100.15	34	70479
2	100.165	35	70486
2	100.2	35	70503
2	100.25	36	70537
2	100.3	37	70573
2	101.35	7	70583
2	101.35	7	70583
2	101.35	7	70583
2	101.35	7	70583
2	101.35	7	70583
2	101.35	7	70583
2	101.35	7	70583
2	101.352	10	70585
2	101.374	15	70590
2	101.392	20	70595
2	101.397	25	70600
2	101.545	30	70711
2	101.721	35	70871
2	101.906	40	71056
2	102.114	45	71266
2	102.348	50	71501
2	102.605	55	71761
2	102.889	60	72046
2	103.15	32	72305
2	103.2	34	72355
2	103.24	35	72372
2	103.25	35	72377
2	103.3	35	72401
2	103.35	36	72427
2	103.4	37	72462
2	103.45	38	72499
2	103.5	19	72536
2	103.5	20	72536
2	103.55	21	72568
2	103.6	22	72584
2	103.65	23	72602
2	103.7	12	72625
2	103.75	14	72646
2	103.769	15	72652
2	103.8	7	72664
2	103.85	9	72678
2	103.876	10	72681
2	103.9	5	72688
2	103.9	5	72688
2	104	4	72709
2	104.001	5	72709
2	104.05	3	72726
2	104.087	5	72730
2	104.1	3	72738
2	104.131	5	72742
2	104.15	3	72749
2	104.174	5	72753
2	104.268	10	72788
2	104.426	15	72848
2	104.567	20	72933
2	104.736	25	73043
2	104.908	30	73178
2	105.094	35	73338
2	105.315	40	73523
2	105.549	45	73733
2	105.826	50	73968
2	106.125	55	74228
2	106.25	28	74342
2	106.287	30	74371
2	106.3	30	74385
2	106.35	31	74405
2	106.4	31	74426
2	106.45	32	74448
2	106.5	33	74478
2	106.5	33	74478
2	106.55	34	74512
2	106.585	35	74531
2	106.65	18	74580
2	106.677	20	74599
2	106.7	20	74611
2	106.75	21	74628
2	106.8	11	74648
2	106.85	13	74668
2	106.899	15	74687
2	106.9	7	74689
2	106.95	9	74704
2	106.979	10	74706
2	107	5	74715
2	107.1	4	74737
2	107.105	5	74737
2	107.15	3	74750
2	107.155	5	74754
2	107.2	3	74767
2	107.234	5	74771
2	107.25	3	74780
2	107.279	5	74784
2	107.38	10	74819
2	107.531	15	74879
2	107.673	20	74964
2	107.841	25	75074
2	108.021	30	75209
2	108.233	35	75369
2	108.471	40	75554
2	108.753	45	75764
2	109.055	50	75999
2	109.2	26	76117
2	109.2	26	76117
2	109.25	28	76157
2	109.3	29	76176
2	109.35	29	76197
2	109.355	30	76201
2	109.4	30	76226
2	109.45	31	76257
2	109.5	16	76285
2	109.55	18	76312
2	109.6	19	76327
2	109.619	20	76339
2	109.65	10	76345
2	109.7	12	76363
2	109.791	15	76395
2	109.8	7	76398
2	109.85	9	76413
2	109.872	10	76415
2	109.9	5	76424
2	110	4	76448
2	110	5	76448
2	110.1	4	76477
2	110.104	5	76477
2	110.15	3	76490
2	110.17	5	76494
2	110.2	3	76502
2	110.214	5	76506
2	110.308	10	76541
2	110.466	15	76601
2	110.607	20	76686
2	110.776	25	76796
2	110.948	30	76931
2	111.129	35	77091
2	111.316	40	77276
2	111.528	45	77486
2	111.759	50	77721
2	112.016	55	77981
2	112.3	60	78266
2	112.55	32	78518
2	112.6	34	78569
2	112.639	35	78585
2	112.65	35	78592
2	112.7	35	78617
2	112.75	36	78649
2	112.8	37	78679
2	112.85	38	78717
2	112.9	19	78756
2	112.9	20	78756
2	112.95	21	78789
2	113	22	78806
2	113.05	23	78825
2	113.1	12	78851
2	113.15	14	78873
2	113.159	15	78878
2	113.2	7	78892
2	113.25	9	78907
2	113.267	10	78909
2	113.35	6	78931
2	113.4	4	78946
2	113.401	5	78946
2	113.45	3	78962
2	113.479	5	78966
2	113.5	3	78973
2	113.529	5	78977
2	113.55	3	78984
2	113.572	5	78988
2	113.666	10	79023
2	113.824	15	79083
2	113.965	20	79168
2	114.134	25	79278
2	114.306	30	79413
2	114.484	35	79573
2	114.69	40	79758
2	114.912	45	79968
2	115.165	50	80203
2	115.448	55	80463
2	116.7	2	80664
2	116.7	2	80664
2	116.7	2	80664
2	116.7	2	80664
2	116.7	2	80664
2	116.7	2	80664
2	116.7	2	80664
2	116.7	2	80664
2	116.7	2	80664
2	116.7	2	80664
2	116.7	2	80664
2	116.7	2	80664
2	116.724	5	80671
2	116.851	10	80706
2	116.999	15	80766
2	117.17	20	80851
2	117.346	25	80961
2	117.527	30	81096
2	117.72	35	81256
2	117.95	40	81441
2	118.204	45	81651
2	118.492	50	81886
2	118.803	55	82146
2	118.9	28	82228
2	118.928	30	82257
2	118.95	30	82270
2	119	31	82290
2	119	31	82290
2	119.05	31	82312
2	119.1	32	82343
2	119.2	17	82403
2	119.25	19	82430
2	119.276	20	82440
2	119.3	20	82444
2	119.35	10	82461
2	119.4	12	82478
2	119.45	6	82493
2	119.5	4	82504
2	119.525	5	82504
2	119.6	3	82517
2	119.616	5	82521
2	119.65	2	82524
2	119.699	5	82531
2	119.7	2	82532
2	119.743	5	82539
2	119.85	4	82561
2	119.866	5	82561
2	119.9	3	82572
2	119.913	5	82576
2	120.042	10	82611
2	120.205	15	82671
2	120.373	20	82756
2	120.545	25	82866
2	120.723	30	83001
2	120.907	35	83161
2	121.111	40	83346
2	121.331	45	83556
2	121.58	50	83791
2	121.839	55	84051
2	122.102	60	84336
2	122.3	31	84551
2	122.35	33	84605
2	122.4	34	84633
2	122.428	35	84650
2	122.45	35	84662
2	122.5	36	84698
2	122.55	37	84739
2	122.6	19	84782
2	122.601	20	84782
2	122.65	21	84818
2	122.8	25	84892
2	123.014	30	85027
2	123.1	16	85089
2	123.15	18	85122
2	123.2	19	85142
2	123.212	20	85143
2	123.25	10	85164
2	123.3	6	85189
2	123.357	10	85213
2	123.521	15	85273
2	123.688	20	85358
2	123.861	25	85468
2	124.038	30	85603
2	124.228	35	85763
2	124.421	40	85948
2	124.643	45	86158
2	124.882	50	86393
2	125.155	55	86653
2	125.447	60	86938
2	125.65	31	87134
2	125.7	33	87183
2	125.75	34	87204
2	125.8	34	87227
2	125.812	35	87233
2	125.85	35	87253
2	125.9	36	87287
2	125.95	37	87323
2	126	19	87357
2	126	20	87357
2	126.05	21	87388
2	126.1	22	87404
2	126.2	12	87446
2	126.25	14	87466
2	126.281	15	87473
2	126.3	7	87479
2	126.35	9	87492
2	126.369	10	87496
2	126.4	5	87501
2	126.45	3	87511
2	126.455	5	87515
2	126.55	3	87533
2	126.582	5	87537
2	126.6	2	87542
2	126.632	5	87549
2	126.65	2	87550
2	126.674	5	87557
2	126.805	10	87592
2	126.968	15	87652
2	127.137	20	87737
2	127.316	25	87847
2	127.503	30	87982
2	127.687	35	88142
2	127.898	40	88327
2	128.134	45	88537
2	128.393	50	88772
2	128.682	55	89032
2	128.95	29	89278
2	128.95	30	89278
2	129	31	89323
2	129.05	32	89344
2	129.15	33	89388
2	129.2	34	89419
2	129.237	35	89438
2	129.25	35	89453
2	129.3	18	89488
2	129.334	20	89507
2	129.35	20	89517
2	129.4	21	89532
2	129.45	11	89549
2	129.55	7	89579
2	129.6	4	89590
2	129.605	5	89590
2	129.65	3	89597
2	129.676	5	89601
2	129.7	2	89603
2	129.75	2	89608
2	129.803	5	89615
2	129.85	3	89625
2	129.888	5	89629
2	129.9	2	89633
2	129.933	5	89640
2	129.95	2	89641
2	129.976	5	89648
2	130.106	10	89683
2	130.273	15	89743
2	130.442	20	89828
2	130.617	25	89938
2	130.808	30	90073
2	131.001	35	90233
2	131.216	40	90418
2	131.465	45	90628
2	132.65	3	90749
2	132.65	3	90749
2	132.65	3	90749
2	132.65	3	90749
2	132.65	3	90749
2	132.65	3	90749
2	132.65	3	90749
2	132.672	5	90753
2	132.775	10	90788
2	132.924	15	90848
2	133.068	20	90933
2	133.234	25	91043
2	133.406	30	91178
2	133.582	35	91338
2	133.774	40	91523
2	133.982	45	91733
2	134.217	50	91968
2	134.475	55	92228
2	134.756	60	92513
2	135	31	92759
2	135.05	33	92809
2	135.1	34	92833
2	135.15	34	92858
2	135.157	35	92858
2	135.2	35	92885
2	135.25	36	92921
2	135.3	37	92959
2	135.35	19	92999
2	135.351	20	92999
2	135.4	21	93032
2	135.45	22	93050
2	135.5	11	93070
2	135.55	13	93091
2	135.6	7	93109
2	135.65	4	93124
2	135.652	5	93124
2	135.7	3	93134
2	135.725	5	93138
2	135.8	3	93150
2	135.809	5	93154
2	135.85	3	93161
2	135.854	5	93165
2	135.9	3	93179
2	135.936	5	93183
2	135.95	3	93191
2	135.979	5	93195
2	136.073	10	93230
2	136.232	15	93290
2	136.373	20	93375
2	136.541	25	93485
2	136.713	30	93620
2	136.89	35	93780
2	137.079	40	93965
2	137.284	45	94175
2	137.514	50	94410
2	137.761	55	94670
2	138.024	60	94955
2	138.31	65	95265
2	138.35	32	95309
2	138.4	34	95363
2	138.432	35	95376
2	138.45	35	95390
2	138.5	36	95418
2	138.55	37	95453
2	138.6	38	95492
2	138.687	40	95561
2	138.8	21	95656
2	138.85	23	95694
2	138.9	24	95715
2	138.912	25	95725
2	138.95	25	95745
2	139	13	95778
2	139.032	15	95792
2	139.05	15	95805
2	139.1	16	95822
2	139.15	9	95841
2	139.155	10	95841
2	139.2	5	95862
2	139.293	10	95892
2	139.3	5	95900
2	139.35	4	95915
2	139.353	5	95915
2	139.466	10	95950
2	139.599	15	96010
2	139.762	20	96095
2	139.927	25	96205
2	140.098	30	96340
2	140.273	35	96500
2	140.454	40	96685
2	140.649	45	96895
2	140.865	50	97130
2	141.105	55	97390
2	141.368	60	97675
2	141.653	65	97985
2	141.85	34	98199
2	141.85	35	98199
2	141.9	36	98253
2	141.95	37	98291
2	142	38	98324
2	142.05	39	98362
2	142.07	40	98384
2	142.1	40	98407
2	142.15	20	98454
2	142.2	22	98494
2	142.25	23	98517
2	142.3	24	98544
2	142.3	25	98544
2	142.35	13	98579
2	142.364	15	98593
2	142.4	15	98608
2	142.45	8	98634
2	142.473	10	98643
2	142.5	5	98656
2	142.576	10	98686
2	142.728	15	98746
2	142.871	20	98831
2	143.038	25	98941
2	143.21	30	99076
2	143.387	35	99236
2	143.569	40	99421
2	143.763	45	99631
2	143.979	50	99866
2	144.219	55	100126
2	144.482	60	100411
2	144.767	65	100721
2	145.9	5	100830
2	145.9	5	100830
2	145.9	5	100830
2	145.9	5	100830
2	145.9	5	100830
2	145.9	5	100830
2	145.9	5	100830
2	145.9	5	100830
2	145.9	5	100830
2	145.9	5	100830
2	145.9	5	100830
2	145.9	5	100830
2	145.9	5	100830
2	145.9	5	100830
2	145.9	5	100830
2	145.9	5	100830
2	145.9	5	100830
2	145.9	5	100830
2	145.913	10	100834
2	145.924	15	100839
2	145.933	20	100844
2	145.938	25	100849
2	146.117	30	100960
2	146.327	35	101120
2	146.536	40	101305
2	146.751	45	101515
2	146.95	24	101712
2	146.95	24	101712
2	146.95	24	101712
2	146.95	24	101712
2	146.95	25	101712
2	147.119	30	101847
2	147.304	35	102007
2	147.5	40	102192
2	147.713	45	102402
2	147.957	50	102637
2	148.22	55	102897
2	148.51	60	103182
2	148.75	31	103419
2	148.8	33	103468
2	148.85	34	103491
2	148.9	34	103515
2	148.908	35	103518
2	149	36	103578
2	149.05	37	103610
2	149.1	19	103647
2	149.1	20	103647
2	149.15	21	103678
2	149.2	22	103694
2	149.25	11	103712
2	149.3	13	103731
2	149.35	7	103743
2	149.4	4	103757
2	149.401	5	103757
2	149.5	3	103772
2	149.523	5	103776
2	149.55	2	103779
2	149.6	2	103785
2	149.648	5	103792
2	149.65	2	103794
2	149.692	5	103801
2	149.7	2	103804
2	149.736	5	103811
2	149.866	10	103846
2	150.032	15	103906
2	150.2	20	103991
2	150.374	25	104101
2	150.553	30	104236
2	150.746	35	104396
2	150.946	40	104581
2	151.181	45	104791
2	151.439	50	105026
2	151.724	55	105286
2	152.031	60	105571
2	152.05	30	105592
2	152.1	32	105639
2	152.15	33	105660
2	152.2	33	105683
2	152.25	34	105707
2	152.265	35	105722
2	152.3	35	105741
2	152.35	36	105777
2	152.4	18	105815
2	152.432	20	105834
2	152.45	20	105846
2	152.6	11	105900
2	152.65	13	105919
2	152.7	7	105935
2	152.75	4	105947
2	152.769	5	105947
2	152.8	3	105955
2	152.824	5	105959
2	152.85	2	105961
2	152.906	5	105968
2	152.95	3	105976
2	152.989	5	105980
2	153	3	105987
2	153.035	5	105991
2	153.05	2	105996
2	153.08	5	106003
2	153.211	10	106038
2	153.377	15	106098
2	153.546	20	106183
2	153.721	25	106293
2	153.912	30	106428
2	154.101	35	106588
2	154.312	40	106773
2	154.556	45	106983
2	154.823	50	107218
2	155.124	55	107478
2	155.35	29	107670
2	155.351	30	107670
2	155.4	31	107713
2	155.45	32	107733
2	155.5	32	107754
2	155.55	33	107783
2	155.6	34	107807
2	155.633	35	107830
2	155.65	17	107838
2	155.7	19	107865
2	155.734	20	107875
2	155.75	20	107878
2	155.8	21	107896
2	155.85	21	107916
2	155.9	11	107936
2	155.95	13	107955
2	156.017	15	107975
2	156.05	7	107980
2	156.1	9	107996
2	156.101	10	107997
2	156.15	5	108011
2	156.2	3	108023
2	156.229	5	108027
2	156.3	3	108040
2	156.314	5	108044
2	156.35	3	108050
2	156.358	5	108054
2	156.486	10	108089
2	156.65	15	108149
2	156.818	20	108234
2	156.99	25	108344
2	157.169	30	108479
2	157.371	35	108639
2	157.602	40	108824
2	157.815	45	109034
2	158.032	50	109269
2	158.271	55	109529
2	158.5	29	109778
2	158.501	30	109778
2	158.6	32	109861
2	158.65	33	109891
2	158.708	35	109938
2	158.926	40	110123
2	159.147	45	110333
2	159.25	23	110433
2	159.273	25	110457
2	159.3	25	110480
2	159.35	26	110506
2	159.4	28	110537
2	159.45	14	110576
2	159.45	15	110576
2	159.5	17	110609
2	159.605	20	110661
2	159.777	25	110771
2	159.954	30	110906
2	161	5	110913
2	161	5	110913
2	161	5	110913
2	161	5	110913
2	161	5	110913
2	161	5	110913
2	161	5	110913
2	161	5	110913
2	161	5	110913
2	161	5	110913
2	161	5	110913
2	161.005	10	110917
2	161.024	15	110922
2	161.029	20	110927
2	161.049	25	110932
2	161.205	30	111043
2	161.401	35	111203
2	161.599	40	111388
2	161.827	45	111598
2	162.05	24	111808
2	162.05	25	111808
2	162.255	30	111943
2	162.474	35	112103
2	162.694	40	112288
2	162.8	21	112375
2	162.85	23	112416
2	162.9	24	112440
2	162.906	25	112444
2	162.95	13	112473
2	162.965	15	112487
2	163	15	112501
2	163.05	8	112525
2	163.073	10	112534
2	163.216	15	112594
2	163.384	20	112679
2	163.573	25	112789
2	163.751	30	112924
2	163.951	35	113084
2	164.185	40	113269
2	164.443	45	113479
2	164.733	50	113714
2	165.044	55	113974
2	165.05	27	113981
2	165.1	29	114022
2	165.143	30	114038
2	165.15	30	114041
2	165.2	30	114061
2	165.25	31	114082
2	165.3	32	114109
2	165.35	33	114141
2	165.4	17	114175
2	165.45	19	114203
2	165.482	20	114212
2	165.5	20	114218
2	165.65	11	114280
2	165.7	13	114300
2	165.75	7	114312
2	165.8	4	114325
2	165.813	5	114325
2	165.9	3	114342
2	165.905	5	114346
2	165.95	3	114355
2	165.988	5	114359
2	166	2	114363
2	166.035	5	114370
2	166.05	2	114371
2	166.077	5	114378
2	166.208	10	114413
2	166.374	15	114473
2	166.543	20	114558
2	166.718	25	114668
2	166.908	30	114803
2	167.097	35	114963
2	167.308	40	115148
2	167.552	45	115358
2	167.819	50	115593
2	168.119	55	115853
2	168.35	29	116050
2	168.35	30	116050
2	168.4	31	116093
2	168.45	32	116113
2	168.5	32	116134
2	168.55	33	116157
2	168.6	34	116185
2	168.643	35	116210
2	168.65	17	116218
2	168.7	19	116245
2	168.734	20	116255
2	168.75	20	116258
2	168.8	20	116273
2	168.85	21	116289
2	168.9	11	116315
2	168.95	13	116334
2	169	7	116346
2	169.067	10	116363
2	169.1	5	116368
2	169.15	3	116379
2	169.154	5	116383
2	169.2	3	116392
2	169.238	5	116396
2	169.3	3	116408
2	169.322	5	116412
2	169.35	3	116418
2	169.366	5	116422
2	169.494	10	116457
2	169.658	15	116517
2	169.826	20	116602
2	169.998	25	116712
2	170.175	30	116847
2	170.36	35	117007
2	170.568	40	117192
2	170.791	45	117402
2	171.044	50	117637
2	171.327	55	117897
2	171.629	60	118182
2	171.75	30	118300
2	171.75	30	118300
2	171.8	32	118348
2	171.85	33	118370
2	171.9	33	118394
2	171.95	34	118424
2	171.956	35	118430
2	172	35	118459
2	172.05	36	118495
2	172.15	19	118566
2	172.151	20	118566
2	172.2	21	118599
2	172.25	22	118617
2	172.3	11	118642
2	172.4	7	118681
2	172.479	10	118698
2	172.5	5	118703
2	172.55	3	118713
2	172.566	5	118717
2	172.6	2	118721
2	172.649	5	118728
2	172.65	2	118730
2	172.692	5	118737
2	172.7	3	118743
2	172.736	5	118747
2	172.864	10	118782
2	173.028	15	118842
2	173.196	20	118927
2	173.368	25	119037
2	173.545	30	119172
2	173.734	35	119332
2	173.925	40	119517
2	174.139	45	119727
2	174.374	50	119962
2	174.636	55	120222
2	174.926	60	120507
2	175.2	32	120776
2	175.25	34	120826
2	175.287	35	120843
2	175.3	35	120848
2	175.35	35	120872
2	175.4	36	120901
2	175.45	37	120936
2	175.5	38	120973
2	176.55	5	120996
2	176.55	5	120996
2	176.55	5	120996
2	176.55	5	120996
2	176.55	5	120996
2	176.55	5	120996
2	176.55	5	120996
2	176.55	5	120996
2	176.55	5	120996
2	176.55	5	120996
2	176.55	5	120996
2	176.55	5	120996
2	176.55	5	120996
2	176.55	5	120996
2	176.55	5	120996
2	176.55	5	120996
2	176.55	5	120996
2	176.55	5	120996
2	176.55	5	120996
2	176.55	5	120996
2	176.55	5	120996
2	176.55	5	120996
2	176.55	5	120996
2	176.574	10	121000
2	176.582	15	121005
2	176.595	20	121010
2	176.6	25	121015
2	176.783	30	121126
2	177.003	35	121286
2	177.227	40	121471
2	177.449	45	121681
2	177.6	24	121831
2	177.6	24	121831
2	177.6	24	121831
2	177.6	24	121831
2	177.6	25	121831
2	177.65	26	121878
2	177.65	26	121878
2	177.771	30	121966
2	177.96	35	122126
2	178.151	40	122311
2	178.364	45	122521
2	178.593	50	122756
2	178.834	55	123016
2	179.098	60	123301
2	179.386	65	123611
2	179.65	34	123897
2	179.65	35	123897
2	179.7	36	123951
2	179.75	37	123984
2	179.895	40	124082
2	180.15	22	124292
2	180.2	24	124330
2	180.225	25	124339
2	180.25	25	124349
2	180.3	26	124375
2	180.35	13	124402
2	180.364	15	124416
2	180.4	15	124427
2	180.45	16	124444
2	180.5	8	124460
2	180.513	10	124469
2	180.55	10	124478
2	180.55	10	124478
2	180.6	6	124496
2	180.65	4	124512
2	180.657	5	124512
2	180.768	10	124547
2	180.932	15	124607
2	181.099	20	124692
2	181.271	25	124802
2	181.449	30	124937
2	181.633	35	125097
2	181.825	40	125282
2	182.021	45	125492
2	182.239	50	125727
2	182.48	55	125987
2	182.744	60	126272
2	183.031	65	126582
2	183.341	70	126917
2	183.4	35	126981
2	183.45	37	127035
2	183.617	40	127131
2	183.85	21	127278
2	183.9	23	127309
2	183.95	23	127321
2	184	24	127339
2	184.016	25	127347
2	184.05	25	127360
2	184.05	25	127360
2	184.1	13	127381
2	184.1	13	127381
2	184.131	15	127395
2	184.15	15	127402
2	184.15	15	127402
2	184.2	8	127414
2	184.2	8	127414
2	184.226	10	127423
2	184.25	5	127429
2	184.25	5	127429
2	184.3	3	127440
2	184.3	3	127440
2	184.322	5	127444
2	184.35	3	127450
2	184.35	3	127450
2	184.372	5	127454
2	184.5	10	127489
2	184.659	15	127549
2	184.826	20	127634
2	185	25	127744
2	185.177	30	127879
2	185.36	35	128039
2	185.552	40	128224
2	185.748	45	128434
2	185.966	50	128669
2	186.207	55	128929
2	186.471	60	129214
2	186.758	65	129524
2	187.05	34	129840
2	187.051	35	129840
2	187.1	36	129894
2	187.15	37	129920
2	187.2	37	129946
2	187.25	38	129975
2	187.3	39	130013
2	187.312	40	130025
2	187.35	40	130053
2	187.4	41	130094
2	187.45	21	130133
2	187.5	23	130170
2	187.55	24	130189
2	187.57	25	130202
2	187.6	25	130210
2	187.65	13	130242
2	187.664	15	130256
2	187.75	8	130285
2	187.774	10	130294
2	187.8	5	130301
2	187.85	3	130312
2	187.874	5	130316
2	187.9	2	130321
2	187.937	5	130328
2	187.95	2	130329
2	187.979	5	130336
2	188.05	3	130352
2	188.065	5	130356
2	188.21	10	130391
2	188.347	15	130451
2	188.518	20	130536
2	188.693	25	130646
2	188.884	30	130781
2	189.067	35	130941
2	190.25	3	131080
2	190.25	3	131080
2	190.25	3	131080
2	190.25	3	131080
2	190.25	3	131080
2	190.25	3	131080
2	190.25	3	131080
2	190.25	3	131080
2	190.271	5	131084
2	190.377	10	131119
2	190.529	15	131179
2	190.693	20	131264
2	190.862	25	131374
2	191.036	30	131509
2	191.215	35	131669
2	191.402	40	131854
2	191.596	45	132064
2	191.814	50	132299
2	192.055	55	132559
2	192.319	60	132844
2	192.606	65	133154
2	192.85	34	133418
2	192.851	35	133418
2	192.9	36	133472
2	192.95	37	133499
2	193	37	133526
2	193.05	38	133558
2	193.1	39	133597
2	193.106	40	133603
2	193.15	40	133637
2	193.2	20	133680
2	193.25	22	133716
2	193.3	23	133734
2	193.35	24	133754
2	193.369	25	133770
2	193.4	12	133781
2	193.45	14	133805
2	193.456	15	133808
2	193.5	8	133825
2	193.537	10	133834
2	193.6	5	133853
2	193.65	3	133866
2	193.669	5	133870
2	193.7	3	133876
2	193.714	5	133880
2	193.75	3	133886
2	193.758	5	133890
2	193.8	3	133900
2	193.816	5	133904
2	193.941	10	133939
2	194.075	15	133999
2	194.241	20	134084
2	194.41	25	134194
2	194.585	30	134329
2	194.766	35	134489
2	194.952	40	134674
2	195.147	45	134884
2	195.365	50	135119
2	195.605	55	135379
2	195.869	60	135664
2	196.157	65	135974
2	196.4	34	136237
2	196.4	35	136237
2	196.45	36	136291
2	196.5	37	136318
2	196.55	37	136345
2	196.6	38	136377
2	196.65	39	136416
2	196.656	40	136422
2	196.7	40	136457
2	196.75	20	136500
2	196.8	22	136536
2	196.85	23	136554
2	196.9	24	136574
2	196.919	25	136590
2	196.95	12	136600
2	197	14	136624
2	197.006	15	136627
2	197.05	8	136644
2	197.087	10	136653
2	197.15	5	136672
2	197.2	3	136685
2	197.219	5	136689
2	197.25	3	136695
2	197.264	5	136699
2	197.3	3	136705
2	197.307	5	136709
2	197.35	3	136719
2	197.366	5	136723
2	197.49	10	136758
2	197.625	15	136818
2	197.791	20	136903
2	197.96	25	137013
2	198.135	30	137148
2	198.316	35	137308
2	198.506	40	137493
2	198.714	45	137703
2	198.94	50	137938
2	199.181	55	138198
2	199.445	60	138483
2	199.732	65	138793
2	199.85	33	138921
2	199.882	35	138955
