3	1.04642	10	4
3	1.08915	15	9
3	1.09377	20	14
3	1.13274	25	19
3	1.31893	30	130
3	1.55079	35	290
3	1.77951	40	475
3	2.00335	45	685
3	2.1	23	782
3	2.1	23	782
3	2.12691	25	806
3	2.34089	30	941
3	2.55486	35	1101
3	2.76884	40	1286
3	2.98866	45	1496
3	3.22908	50	1731
3	3.49195	55	1991
3	3.7824	60	2276
3	4.09595	65	2586
3	4.3	34	2788
3	4.30067	35	2788
3	4.35	36	2837
3	4.4	36	2858
3	4.45	37	2879
3	4.5	38	2902
3	4.55	38	2934
3	4.60604	40	2973
3	4.65	40	3003
3	4.7	20	3034
3	4.75	22	3064
3	4.8	22	3077
3	4.85	23	3091
3	4.93724	25	3124
3	4.95	12	3137
3	5	14	3155
3	5.05	14	3164
3	5.06926	15	3164
3	5.1	15	3174
3	5.2	8	3205
3	5.23766	10	3214
3	5.25	10	3219
3	5.3	5	3228
3	5.45349	10	3258
3	5.66746	15	3318
3	5.88144	20	3403
3	6.09542	25	3513
3	6.30939	30	3648
3	6.52337	35	3808
3	6.73754	40	3993
3	6.96155	45	4203
3	7.20642	50	4438
3	7.47933	55	4698
3	7.76991	60	4983
3	8.0861	65	5293
3	8.25	33	5456
3	8.2862	35	5490
3	8.3	35	5505
3	8.35	36	5526
3	8.4	36	5548
3	8.45	37	5571
3	8.5	38	5603
3	8.55	39	5637
3	8.60929	40	5675
3	8.7	20	5736
3	8.75	22	5767
3	8.8	23	5781
3	8.85	24	5803
3	8.9	24	5826
3	8.90239	25	5826
3	9	13	5869
3	9.02382	15	5883
3	9.05	15	5890
3	9.1	8	5902
3	9.11396	10	5911
3	9.2	5	5929
3	9.25	3	5938
3	9.28331	5	5942
3	9.49729	10	5977
3	9.71126	15	6037
3	9.92524	20	6122
3	10.1392	25	6232
3	10.3532	30	6367
3	10.5672	35	6527
3	10.7834	40	6712
3	11.0168	45	6922
3	11.2834	50	7157
3	11.5647	55	7417
3	11.8774	60	7702
3	12.15	31	7944
3	12.2	33	7989
3	12.25	33	8008
3	12.3	34	8027
3	12.3271	35	8043
3	12.35	35	8053
3	12.4	36	8080
3	12.45	36	8106
3	12.55	19	8171
3	12.5512	20	8171
3	12.6	21	8199
3	12.65	21	8212
3	12.7	22	8226
3	12.8	12	8272
3	12.85	14	8290
3	12.8918	15	8299
3	12.9	7	8300
3	12.95	9	8311
3	12.9927	10	8317
3	13.05	5	8328
3	13.1	3	8337
3	13.1346	5	8341
3	13.3485	10	8376
3	13.5625	15	8436
3	13.7765	20	8521
3	13.9905	25	8631
3	14.2044	30	8766
3	14.4194	35	8926
3	14.6468	40	9111
3	14.8723	45	9321
3	15.0909	50	9556
3	15.3311	55	9816
3	16.6	2	10083
3	16.6	2	10083
3	16.6	2	10083
3	16.6	2	10083
3	16.6	2	10083
3	16.6	2	10083
3	16.6	2	10083
3	16.6	2	10083
3	16.6	2	10083
3	16.6	2	10083
3	16.6	2	10083
3	16.6	2	10083
3	16.6	2	10083
3	16.6	2	10083
3	16.6	2	10083
3	16.6	2	10083
3	16.6	2	10083
3	16.6	2	10083
3	16.6	2	10083
3	16.6	2	10083
3	16.6	2	10083
3	16.6	2	10083
3	16.6	2	10083
3	16.6	2	10083
3	16.6	2	10083
3	16.6	2	10083
3	16.6	2	10083
3	16.6	2	10083
3	16.6	2	10083
3	16.6397	5	10090
3	16.7253	10	10125
3	16.8799	15	10185
3	17.0483	20	10270
3	17.2258	25	10380
3	17.4025	30	10515
3	17.5918	35	10675
3	17.7834	40	10860
3	18.0012	45	11070
3	18.2401	50	11305
3	18.5121	55	11565
3	18.8076	60	11850
3	19.05	31	12091
3	19.05	31	12091
3	19.1	33	12140
3	19.15	34	12164
3	19.2	34	12189
3	19.2084	35	12190
3	19.25	35	12216
3	19.3	36	12252
3	19.35	37	12290
3	19.45	19	12366
3	19.4513	20	12366
3	19.5	21	12400
3	19.55	22	12418
3	19.6	23	12440
3	19.65	12	12469
3	19.7	14	12492
3	19.7255	15	12496
3	19.75	7	12508
3	19.8129	10	12525
3	19.85	5	12535
3	19.9	4	12549
3	19.9003	5	12549
3	20	4	12578
3	20.024	5	12578
3	20.1204	10	12613
3	20.2853	15	12673
3	20.4545	20	12758
3	20.6285	25	12868
3	20.8081	30	13003
3	21.0002	35	13163
3	21.1973	40	13348
3	21.4267	45	13558
3	21.6799	50	13793
3	21.9561	55	14053
3	22.2626	60	14338
3	22.35	30	14417
3	22.4	32	14464
3	22.45	33	14484
3	22.5	33	14506
3	22.55	34	14529
3	22.5682	35	14547
3	22.6	35	14562
3	22.65	36	14596
3	22.7	18	14632
3	22.7329	20	14651
3	22.75	20	14662
3	22.8	21	14677
3	22.85	22	14694
3	22.9	11	14715
3	23	7	14750
3	23.05	4	14762
3	23.0658	5	14762
3	23.1	3	14770
3	23.1225	5	14774
3	23.15	2	14776
3	23.2053	5	14783
3	23.25	3	14793
3	23.2899	5	14797
3	23.3	2	14802
3	23.3364	5	14809
3	23.35	2	14810
3	23.3792	5	14817
3	23.5094	10	14852
3	23.6758	15	14912
3	23.8451	20	14997
3	24.02	25	15107
3	24.2109	30	15242
3	24.3999	35	15402
3	24.6148	40	15587
3	24.8634	45	15797
3	25.146	50	16032
3	25.4489	55	16292
3	25.6	28	16424
3	25.6276	30	16453
3	25.65	30	16467
3	25.7	31	16487
3	25.75	31	16508
3	25.8	32	16537
3	25.85	33	16564
3	25.9	34	16590
3	25.9278	35	16613
3	25.95	17	16625
3	26	19	16654
3	26.0305	20	16662
3	26.05	20	16669
3	26.1	21	16691
3	26.15	11	16711
3	26.25	7	16744
3	26.3093	10	16761
3	26.35	5	16769
3	26.4	3	16781
3	26.4321	5	16785
3	26.45	2	16789
3	26.5148	5	16796
3	26.55	3	16803
3	26.5603	5	16807
3	26.6	3	16813
3	26.604	5	16817
3	26.7332	10	16852
3	26.8989	15	16912
3	27.0673	20	16997
3	27.2412	25	17107
3	27.4235	30	17242
3	27.6405	35	17402
3	27.8661	40	17587
3	28.1423	45	17797
3	28.4278	50	18032
3	28.7	26	18238
3	28.75	28	18277
3	28.8	29	18295
3	28.85	29	18316
3	28.8564	30	18322
3	28.9	30	18343
3	28.95	31	18368
3	29	16	18392
3	29.05	18	18417
3	29.1	19	18430
3	29.1476	20	18446
3	29.15	10	18449
3	29.2	12	18465
3	29.3	7	18487
3	29.35	4	18499
3	29.3586	5	18499
3	29.4	3	18507
3	29.4126	5	18511
3	29.45	2	18514
3	29.4963	5	18521
3	29.55	3	18532
3	29.5818	5	18536
3	29.6	2	18540
3	29.6308	5	18547
3	29.65	2	18548
3	29.6735	5	18555
3	29.8038	10	18590
3	29.9668	15	18650
3	30.1361	20	18735
3	30.3148	25	18845
3	30.5245	30	18980
3	30.741	35	19140
3	30.9943	40	19325
3	31.2843	45	19535
3	31.5947	50	19770
3	31.65	25	19814
3	31.7	27	19851
3	31.75	28	19869
3	31.8	28	19888
3	31.85	29	19908
3	31.8699	30	19924
3	31.9	30	19934
3	31.95	15	19966
3	32	17	19991
3	32.05	18	20004
3	32.1519	20	20036
3	32.2	10	20059
3	32.25	12	20077
3	32.3	6	20088
3	32.35	4	20100
3	32.3648	5	20100
3	32.4	3	20108
3	32.4123	5	20112
3	32.5	3	20129
3	32.5379	5	20133
3	32.55	2	20138
3	32.5843	5	20145
3	32.6	2	20146
3	32.6271	5	20153
3	33.7506	10	20170
3	33.7924	15	20175
3	33.7968	20	20180
3	33.8342	25	20185
3	34.0102	30	20296
3	34.2236	35	20456
3	34.437	40	20641
3	34.6505	45	20851
3	34.8646	50	21086
3	35.0951	55	21346
3	35.3477	60	21631
3	35.6225	65	21941
3	35.9194	70	22276
3	36.2385	75	22636
3	36.25	37	22649
3	36.3	39	22706
3	36.3406	40	22726
3	36.4	40	22754
3	36.45	41	22780
3	36.5	42	22817
3	36.55	43	22854
3	36.6	44	22893
3	36.65	44	22927
3	36.6652	45	22936
3	36.7	45	22963
3	36.75	23	23008
3	36.7718	25	23032
3	36.85	26	23063
3	36.9	27	23087
3	36.95	27	23110
3	37	14	23140
3	37.0004	15	23140
3	37.05	16	23164
3	37.15	9	23192
3	37.1545	10	23192
3	37.2	5	23208
3	37.25	3	23218
3	37.2694	5	23222
3	37.4828	10	23257
3	37.6962	15	23317
3	37.9096	20	23402
3	38.123	25	23512
3	38.3365	30	23647
3	38.5499	35	23807
3	38.7633	40	23992
3	38.9767	45	24202
3	39.1908	50	24437
3	39.4213	55	24697
3	39.6739	60	24982
3	39.9487	65	25292
3	40.2456	70	25627
3	40.6	37	25975
3	40.65	39	26020
3	40.7	39	26033
3	40.75	39	26046
3	40.764	40	26052
3	40.8	40	26061
3	40.85	40	26085
3	40.9	41	26107
3	41	42	26149
3	41.05	42	26172
3	41.1	43	26201
3	41.15	44	26234
3	41.198	45	26262
3	41.2	22	26263
3	41.25	24	26290
3	41.25	24	26290
3	41.25	24	26290
3	41.25	24	26290
3	41.25	24	26290
3	41.25	24	26290
3	41.25	24	26290
3	41.25	24	26290
3	41.25	24	26290
3	41.25	24	26290
3	41.25	24	26290
3	41.25	24	26290
3	41.25	24	26290
3	41.25	24	26290
3	41.25	24	26290
3	41.25	24	26290
3	41.3	24	26307
3	41.3216	25	26310
3	41.5844	30	26445
3	41.836	35	26605
3	42.0793	40	26790
3	42.25	21	26936
3	42.25	21	26936
3	42.25	21	26936
3	42.25	21	26936
3	42.25	21	26936
3	42.3579	25	27005
3	42.5713	30	27140
3	42.7847	35	27300
3	42.9981	40	27485
3	43.2165	45	27695
3	43.4527	50	27930
3	43.705	55	28190
3	43.9603	60	28475
3	44.2351	65	28785
3	44.532	70	29120
3	44.8511	75	29480
3	45.1924	80	29865
3	45.25	40	29930
3	45.3	42	29987
3	45.35	42	30009
3	45.4	43	30031
3	45.4	43	30031
3	45.45	44	30057
3	45.5	44	30092
3	45.5077	45	30100
3	45.55	45	30129
3	45.55	45	30129
3	45.6	46	30169
3	45.6	46	30169
3	45.65	47	30204
3	45.65	47	30204
3	45.7	48	30245
3	45.7	48	30245
3	46.75	9	30253
3	46.75	9	30253
3	46.75	9	30253
3	46.7508	10	30253
3	46.7899	15	30258
3	46.7945	20	30263
3	46.8137	25	30268
3	46.9713	30	30379
3	47.1714	35	30539
3	47.3676	40	30724
3	47.5685	45	30934
3	47.7862	50	31169
3	48.027	55	31429
3	48.2911	60	31714
3	48.5782	65	32024
3	48.8886	70	32359
3	48.95	35	32426
3	49	37	32480
3	49.05	38	32506
3	49.1	38	32532
3	49.15	39	32561
3	49.1645	40	32576
3	49.2	40	32599
3	49.25	41	32638
3	49.3	42	32680
3	49.4	22	32757
3	49.45	24	32795
3	49.4706	25	32804
3	49.5	25	32814
3	49.55	26	32840
3	49.6	13	32872
3	49.6335	15	32886
3	49.65	15	32896
3	49.75	8	32926
3	49.7656	10	32935
3	49.8	10	32943
3	49.85	5	32956
3	49.9	4	32972
3	49.9038	5	32972
3	50.0587	10	33007
3	50.2318	15	33067
3	50.4076	20	33152
3	50.6077	25	33262
3	50.7971	30	33397
3	50.9948	35	33557
3	51.1949	40	33742
3	51.3958	45	33952
3	51.6135	50	34187
3	51.8543	55	34447
3	52.1184	60	34732
3	52.4056	65	35042
3	52.7159	70	35377
3	52.8	35	35468
3	52.85	37	35522
3	52.9	38	35547
3	52.95	38	35572
3	53	39	35599
3	53.0177	40	35618
3	53.05	40	35636
3	53.1	41	35675
3	53.15	42	35715
3	53.2	21	35752
3	53.25	23	35788
3	53.3	24	35805
3	53.3257	25	35821
3	53.4	13	35850
3	53.4313	15	35864
3	53.45	15	35872
3	53.5	8	35886
3	53.5258	10	35895
3	53.55	5	35900
3	53.6	3	35909
3	53.6277	5	35913
3	53.7	3	35921
3	53.7152	5	35925
3	53.75	2	35928
3	53.7989	5	35935
3	53.8	2	35937
3	53.8426	5	35944
3	54.0092	10	35979
3	54.1795	15	36039
3	54.3633	20	36124
3	54.5564	25	36234
3	54.7439	30	36369
3	54.9426	35	36529
3	55.1427	40	36714
3	55.3434	45	36924
3	55.5611	50	37159
3	55.8019	55	37419
3	56.0659	60	37704
3	56.3531	65	38014
3	56.6635	70	38349
3	56.75	35	38443
3	56.8	37	38497
3	56.85	38	38532
3	56.9	39	38562
3	56.937	40	38593
3	56.95	40	38595
3	57	41	38637
3	57.1	21	38726
3	57.15	23	38764
3	57.2209	25	38795
3	57.4675	30	38930
3	57.5	15	38950
3	57.55	17	38978
3	57.6	18	38994
3	57.6498	20	39020
3	57.65	10	39021
3	57.7	12	39042
3	57.75	6	39057
3	57.821	10	39081
3	58.0011	15	39141
3	58.1951	20	39226
3	58.3765	25	39336
3	58.5767	30	39471
3	58.7768	35	39631
3	58.9702	40	39816
3	59.1711	45	40026
3	59.3888	50	40261
3	60.4992	10	40336
3	60.5	5	40337
3	60.5	5	40337
3	60.5	5	40337
3	60.6313	10	40367
3	60.8114	15	40427
3	61.0045	20	40512
3	61.185	25	40622
3	61.3851	30	40757
3	61.5767	35	40917
3	61.7768	40	41102
3	61.9777	45	41312
3	62.1954	50	41547
3	62.4362	55	41807
3	62.7003	60	42092
3	62.9875	65	42402
3	63.2978	70	42737
3	63.35	35	42794
3	63.4	37	42848
3	63.45	38	42874
3	63.5	38	42900
3	63.55	39	42929
3	63.5644	40	42944
3	63.6	40	42967
3	63.7	42	43047
3	63.75	21	43085
3	63.8	23	43121
3	63.85	24	43138
3	63.8761	25	43154
3	63.9	25	43157
3	63.95	13	43184
3	63.965	15	43198
3	64	15	43207
3	64.1	8	43238
3	64.119	10	43247
3	64.15	10	43254
3	64.2	5	43264
3	64.25	3	43276
3	64.2584	5	43280
3	64.35	3	43298
3	64.384	5	43302
3	64.518	10	43337
3	64.719	15	43397
3	64.8939	20	43482
3	65.0763	25	43592
3	65.2773	30	43727
3	65.4774	35	43887
3	65.6737	40	44072
3	65.8761	45	44282
3	66.0976	50	44517
3	66.3401	55	44777
3	66.6041	60	45062
3	66.8913	65	45372
3	67.2017	70	45707
3	67.25	35	45760
3	67.3	37	45814
3	67.35	38	45847
3	67.4507	40	45910
3	67.7128	45	46120
3	67.8	23	46197
3	67.8276	25	46221
3	67.85	25	46236
3	67.9	26	46255
3	67.95	27	46276
3	68	14	46307
3	68	14	46307
3	68.0007	15	46307
3	68.05	16	46333
3	68.1	8	46350
3	68.1246	10	46359
3	68.15	10	46367
3	68.2	5	46378
3	68.25	3	46391
3	68.2585	5	46395
3	68.4033	10	46430
3	68.5936	15	46490
3	68.771	20	46575
3	68.9515	25	46685
3	69.1536	30	46820
3	69.352	35	46980
3	69.5495	40	47165
3	69.7534	45	47375
3	69.9758	50	47610
3	70.22	55	47870
3	70.484	60	48155
3	70.7712	65	48465
3	71.05	34	48766
3	71.0501	35	48766
3	71.1	36	48820
3	71.25	39	48919
3	71.2928	40	48951
3	71.3	40	48959
3	71.35	41	49001
3	71.4	21	49044
3	71.5189	25	49113
3	71.7655	30	49248
3	71.8	15	49268
3	71.85	17	49296
3	71.9	18	49314
3	71.9478	20	49338
3	71.95	10	49341
3	72	12	49361
3	72.05	6	49376
3	72.1209	10	49400
3	72.301	15	49460
3	72.495	20	49545
3	72.6817	25	49655
3	72.8765	30	49790
3	73.0766	35	49950
3	73.2716	40	50135
3	73.4864	45	50345
3	74.6	5	50415
3	74.6	5	50415
3	74.6	5	50415
3	74.6	5	50415
3	74.6	5	50415
3	74.6042	10	50419
3	74.6236	15	50424
3	74.6457	20	50429
3	74.6503	25	50434
3	74.816	30	50545
3	75.0091	35	50705
3	75.2085	40	50890
3	75.4347	45	51100
3	75.6686	50	51335
3	75.7	25	51368
3	75.8345	30	51478
3	76.0347	35	51638
3	76.2348	40	51823
3	76.4417	45	52033
3	76.65	24	52244
3	76.6504	25	52244
3	76.7	27	52296
3	76.8148	30	52379
3	77.0009	35	52539
3	77.1917	40	52724
3	77.3954	45	52934
3	77.6207	50	53169
3	77.8624	55	53429
3	78.1264	60	53714
3	78.4136	65	54024
3	78.65	34	54280
3	78.6507	35	54280
3	78.75	37	54369
3	78.8897	40	54465
3	79.1315	45	54675
3	79.15	22	54688
3	79.2	24	54728
3	79.219	25	54735
3	79.25	25	54748
3	79.3	26	54775
3	79.35	27	54804
3	79.4	14	54839
3	79.4006	15	54839
3	79.45	16	54867
3	79.5	8	54884
3	79.5193	10	54893
3	79.55	10	54903
3	79.6	6	54916
3	79.65	4	54934
3	79.6505	5	54934
3	79.758	10	54969
3	79.912	15	55029
3	80.0804	20	55114
3	80.255	25	55224
3	80.4443	30	55359
3	80.6257	35	55519
3	80.8146	40	55704
3	81.011	45	55914
3	81.2287	50	56149
3	81.4696	55	56409
3	81.7336	60	56694
3	82.0208	65	57004
3	82.3	34	57306
3	82.3006	35	57306
3	82.35	36	57360
3	82.4	37	57386
3	82.45	37	57412
3	82.5	38	57441
3	82.55	39	57479
3	82.5618	40	57491
3	82.6	40	57519
3	82.65	41	57560
3	82.7	21	57599
3	82.75	23	57636
3	82.8	24	57655
3	82.8205	25	57668
3	82.9	13	57707
3	82.9317	15	57721
3	82.95	15	57731
3	83	8	57747
3	83.0234	10	57756
3	83.05	5	57763
3	83.1	3	57774
3	83.121	5	57778
3	83.15	2	57783
3	83.1838	5	57790
3	83.25	3	57802
3	83.2676	5	57806
3	83.3	3	57814
3	83.3314	5	57818
3	83.4588	10	57853
3	83.6054	15	57913
3	83.7729	20	57998
3	83.9595	25	58108
3	84.1363	30	58243
3	84.3195	35	58403
3	84.5104	40	58588
3	84.7062	45	58798
3	84.9239	50	59033
3	85.1648	55	59293
3	85.4288	60	59578
3	85.716	65	59888
3	86	34	60195
3	86.0004	35	60195
3	86.05	36	60249
3	86.1	37	60275
3	86.15	37	60301
3	86.2	38	60330
3	86.25	39	60368
3	86.2617	40	60380
3	86.3	40	60408
3	86.35	41	60449
3	86.4	21	60488
3	87.4599	10	60502
3	87.5018	15	60507
3	87.5064	20	60512
3	87.5437	25	60517
3	87.7203	30	60628
3	87.9343	35	60788
3	88.1482	40	60973
3	88.3621	45	61183
3	88.5804	50	61418
3	88.82	55	61678
3	89.0827	60	61963
3	89.3684	65	62273
3	89.6771	70	62608
3	89.9	36	62850
3	89.95	38	62905
3	90	39	62928
3	90.05	39	62952
3	90.0691	40	62964
3	90.1	40	62978
3	90.15	41	63013
3	90.25	43	63089
3	90.3	43	63123
3	90.35	22	63158
3	90.4	24	63193
3	90.4242	25	63205
3	90.45	25	63209
3	90.5	26	63231
3	90.6	14	63285
3	90.6007	15	63285
3	90.65	16	63307
3	90.7	8	63320
3	90.7254	10	63329
3	90.8	5	63341
3	90.85	3	63350
3	90.8747	5	63354
3	90.9	2	63356
3	90.9694	5	63363
3	91.1833	10	63398
3	91.3973	15	63458
3	91.6112	20	63543
3	91.8251	25	63653
3	92.0391	30	63788
3	92.253	35	63948
3	92.467	40	64133
3	92.6809	45	64343
3	92.8992	50	64578
3	93.1388	55	64838
3	93.4014	60	65123
3	93.6871	65	65433
3	93.9959	70	65768
3	94.2	36	65990
3	94.3	39	66069
3	94.35	39	66093
3	94.3694	40	66104
3	94.4	40	66118
3	94.45	41	66153
3	94.5	42	66191
3	94.55	42	66226
3	94.6	43	66265
3	94.65	22	66302
3	94.7	24	66338
3	94.7273	25	66349
3	94.8	26	66375
3	94.85	26	66400
3	94.9	14	66429
3	94.9002	15	66429
3	94.95	16	66452
3	95.05	9	66480
3	95.0546	10	66480
3	95.1	5	66496
3	95.2	4	66515
3	95.2034	5	66515
3	95.4101	10	66550
3	95.624	15	66610
3	95.8379	20	66695
3	96.0519	25	66805
3	96.2658	30	66940
3	96.4797	35	67100
3	96.6947	40	67285
3	96.9232	45	67495
3	97.1766	50	67730
3	97.4595	55	67990
3	97.7615	60	68275
3	98.0855	65	68585
3	98.1	32	68594
3	98.15	34	68642
3	98.2	34	68661
3	98.2124	35	68661
3	98.25	35	68681
3	98.3	36	68708
3	98.35	37	68740
3	98.45	38	68801
3	98.5193	40	68846
3	98.55	20	68863
3	98.6	22	68893
3	98.65	23	68907
3	98.75	24	68949
3	98.7674	25	68953
3	98.8	12	68970
3	98.85	14	68989
3	98.8832	15	68997
3	98.9	15	68999
3	99	8	69029
3	99.0369	10	69038
3	99.05	10	69043
3	99.1	5	69052
3	99.2527	10	69082
3	99.4666	15	69142
3	99.6805	20	69227
3	99.8945	25	69337
3	100.108	30	69472
3	100.322	35	69632
3	100.536	40	69817
3	100.75	45	70027
3	100.972	50	70262
3	101.216	55	70522
3	102.295	10	70585
3	102.3	5	70586
3	102.3	5	70586
3	102.3	5	70586
3	102.3	5	70586
3	102.3	5	70586
3	102.3	5	70586
3	102.3	5	70586
3	102.3	5	70586
3	102.3	5	70586
3	102.3	5	70586
3	102.3	5	70586
3	102.3	5	70586
3	102.3	5	70586
3	102.3	5	70586
3	102.3	5	70586
3	102.3	5	70586
3	102.3	5	70586
3	102.3	5	70586
3	102.3	5	70586
3	102.3	5	70586
3	102.3	5	70586
3	102.3	5	70586
3	102.3	5	70586
3	102.347	10	70616
3	102.409	15	70676
3	102.485	20	70761
3	102.583	25	70871
3	102.703	30	71006
3	102.845	35	71166
3	103.009	40	71351
3	103.196	45	71561
3	103.404	50	71796
3	103.6	27	72017
3	103.6	27	72017
3	103.65	29	72059
3	103.65	29	72059
3	103.686	30	72074
3	103.7	30	72084
3	103.7	30	72084
3	103.75	31	72118
3	103.75	31	72118
3	103.8	32	72161
3	103.8	32	72161
3	103.85	17	72210
3	103.85	17	72210
3	103.9	19	72243
3	103.91	20	72247
3	103.95	10	72269
3	103.95	10	72269
3	104	12	72288
3	104.05	6	72304
3	104.05	6	72304
3	104.1	4	72319
3	104.105	5	72319
3	104.15	3	72327
3	104.174	5	72331
3	104.2	2	72336
3	104.2	2	72336
3	104.237	5	72343
3	104.25	2	72347
3	104.28	5	72354
3	104.3	2	72359
3	104.322	5	72366
3	104.35	3	72381
3	104.366	5	72385
3	104.4	3	72401
3	104.41	5	72405
3	104.45	3	72423
3	104.45	3	72423
3	104.454	5	72427
3	104.5	4	72457
3	104.501	5	72457
3	104.549	10	72492
3	104.55	5	72493
3	104.59	10	72523
3	104.6	5	72529
3	104.634	10	72559
3	104.697	15	72619
3	104.772	20	72704
3	104.87	25	72814
3	104.99	30	72949
3	105.132	35	73109
3	105.296	40	73294
3	105.483	45	73504
3	105.692	50	73739
3	105.85	26	73918
3	105.9	28	73959
3	105.9	28	73959
3	105.95	29	73982
3	105.95	29	73982
3	105.983	30	74002
3	106	30	74013
3	106	30	74013
3	106.05	31	74054
3	106.05	31	74054
3	106.1	16	74101
3	106.15	18	74131
3	106.15	18	74131
3	106.2	19	74153
3	106.2	19	74153
3	106.202	20	74155
3	106.25	10	74187
3	106.3	12	74209
3	106.3	12	74209
3	106.35	7	74229
3	106.392	10	74246
3	106.4	5	74250
3	106.45	4	74264
3	106.45	4	74264
3	106.454	5	74264
3	106.5	3	74279
3	106.505	5	74283
3	106.55	3	74300
3	106.568	5	74304
3	106.6	3	74317
3	106.611	5	74321
3	106.65	3	74337
3	106.65	3	74337
3	106.655	5	74341
3	106.7	4	74367
3	106.7	5	74367
3	106.75	4	74402
3	106.757	5	74402
3	106.8	4	74433
3	106.801	5	74433
3	106.848	10	74468
3	106.85	5	74471
3	106.888	10	74501
3	106.947	15	74561
3	107.023	20	74646
3	107.121	25	74756
3	107.241	30	74891
3	107.383	35	75051
3	107.547	40	75236
3	107.733	45	75446
3	107.942	50	75681
3	108.1	26	75859
3	108.15	28	75900
3	108.15	28	75900
3	108.2	29	75923
3	108.2	29	75923
3	108.232	30	75943
3	108.25	30	75954
3	108.25	30	75954
3	108.3	31	75995
3	108.3	31	75995
3	108.35	16	76042
3	108.4	18	76072
3	108.4	18	76072
3	108.45	19	76094
3	108.45	19	76094
3	108.452	20	76096
3	108.5	10	76128
3	108.55	12	76150
3	108.55	12	76150
3	108.6	7	76170
3	108.641	10	76187
3	108.65	5	76191
3	108.7	4	76205
3	108.7	4	76205
3	108.704	5	76205
3	108.75	3	76220
3	108.755	5	76224
3	108.8	3	76241
3	108.817	5	76245
3	108.85	3	76258
3	108.861	5	76262
3	108.9	3	76278
3	108.9	3	76278
3	108.905	5	76282
3	108.95	4	76308
3	108.95	5	76308
3	109	4	76343
3	109.007	5	76343
3	109.05	4	76374
3	109.051	5	76374
3	109.097	10	76409
3	109.1	5	76413
3	109.138	10	76443
3	109.198	15	76503
3	109.274	20	76588
3	109.371	25	76698
3	109.491	30	76833
3	109.633	35	76993
3	109.797	40	77178
3	109.984	45	77388
3	110.193	50	77623
3	110.4	27	77857
3	110.4	27	77857
3	110.4	27	77857
3	110.45	29	77900
3	110.45	29	77900
3	110.484	30	77914
3	110.5	30	77927
3	110.5	30	77927
3	110.55	31	77964
3	110.55	31	77964
3	110.6	16	78010
3	110.65	18	78038
3	110.65	18	78038
3	110.7	19	78057
3	110.7	19	78057
3	110.713	20	78064
3	110.75	10	78089
3	110.8	12	78109
3	110.8	12	78109
3	110.85	7	78126
3	110.898	10	78143
3	110.9	5	78144
3	110.95	3	78157
3	110.95	3	78157
3	110.97	5	78161
3	111	3	78167
3	111.013	5	78171
3	111.05	3	78181
3	111.057	5	78185
3	111.1	3	78200
3	111.118	5	78204
3	111.15	3	78217
3	111.15	3	78217
3	111.161	5	78221
3	111.2	3	78239
3	111.205	5	78243
3	111.25	4	78270
3	111.251	5	78270
3	111.3	4	78305
3	111.307	5	78305
3	111.35	4	78336
3	111.352	5	78336
3	111.398	10	78371
3	111.4	5	78374
3	111.438	10	78404
3	111.498	15	78464
3	111.574	20	78549
3	111.671	25	78659
3	111.791	30	78794
3	111.933	35	78954
3	112.097	40	79139
3	112.284	45	79349
3	112.493	50	79584
3	112.65	26	79762
3	112.7	28	79803
3	112.7	28	79803
3	112.75	29	79826
3	112.75	29	79826
3	112.783	30	79846
3	112.8	30	79857
3	112.8	30	79857
3	112.85	31	79898
3	112.85	31	79898
3	112.9	16	79945
3	112.95	18	79975
3	112.95	18	79975
3	113	19	79997
3	113	19	79997
3	113.002	20	79999
3	113.05	10	80031
3	113.1	12	80053
3	113.1	12	80053
3	113.15	7	80073
3	113.191	10	80090
3	113.2	5	80094
3	113.25	4	80108
3	113.25	4	80108
3	113.254	5	80108
3	113.3	3	80123
3	113.305	5	80127
3	113.35	3	80144
3	113.368	5	80148
3	113.4	3	80161
3	113.411	5	80165
3	113.45	3	80181
3	113.45	3	80181
3	113.455	5	80185
3	113.5	4	80211
3	113.5	5	80211
3	113.55	4	80246
3	113.557	5	80246
3	113.6	4	80277
3	113.601	5	80277
3	113.648	10	80312
3	113.65	5	80315
3	113.688	10	80345
3	113.747	15	80405
3	113.823	20	80490
3	113.921	25	80600
3	115	4	80667
3	115	4	80667
3	115	4	80667
3	115	4	80667
3	115	4	80667
3	115	4	80667
3	115	4	80667
3	115	4	80667
3	115	4	80667
3	115	4	80667
3	115	4	80667
3	115	4	80667
3	115	4	80667
3	115	4	80667
3	115	4	80667
3	115	4	80667
3	115	4	80667
3	115	4	80667
3	115	4	80667
3	115	4	80667
3	115	4	80667
3	115	4	80667
3	115	4	80667
3	115	4	80667
3	115	4	80667
3	115	4	80667
3	115	4	80667
3	115	4	80667
3	115	4	80667
3	115	4	80667
3	115	4	80667
3	115	5	80667
3	115.065	10	80702
3	115.131	15	80762
3	115.207	20	80847
3	115.301	25	80957
3	115.416	30	81092
3	115.552	35	81252
3	115.71	40	81437
3	115.89	45	81647
3	116.09	50	81882
3	116.312	55	82142
3	116.35	27	82187
3	116.4	29	82229
3	116.4	29	82229
3	116.438	30	82244
3	116.45	30	82252
3	116.45	30	82252
3	116.5	31	82283
3	116.5	31	82283
3	116.55	32	82324
3	116.6	33	82369
3	116.6	33	82369
3	116.634	35	82404
3	116.65	17	82421
3	116.65	17	82421
3	116.7	19	82455
3	116.708	20	82458
3	116.75	21	82482
3	116.75	21	82482
3	116.8	11	82519
3	116.85	13	82543
3	116.883	15	82558
3	116.9	7	82564
3	116.9	7	82564
3	116.941	10	82581
3	116.95	5	82585
3	117	4	82599
3	117.004	5	82599
3	117.05	3	82612
3	117.05	3	82612
3	117.054	5	82616
3	117.1	3	82634
3	117.118	5	82638
3	117.15	3	82651
3	117.161	5	82655
3	117.2	3	82671
3	117.205	5	82675
3	117.25	4	82700
3	117.251	5	82700
3	117.3	4	82729
3	117.307	5	82729
3	117.35	4	82758
3	117.352	5	82758
3	117.399	10	82793
3	117.465	15	82853
3	117.541	20	82938
3	117.635	25	83048
3	117.75	30	83183
3	117.887	35	83343
3	118.045	40	83528
3	118.224	45	83738
3	118.425	50	83973
3	118.647	55	84233
3	118.7	28	84296
3	118.725	30	84325
3	118.75	30	84338
3	118.75	30	84338
3	118.8	31	84361
3	118.8	31	84361
3	118.85	32	84392
3	118.85	32	84392
3	118.9	33	84434
3	118.9	33	84434
3	118.95	17	84480
3	118.95	17	84480
3	119	19	84509
3	119.021	20	84517
3	119.05	20	84531
3	119.05	20	84531
3	119.1	11	84561
3	119.15	13	84581
3	119.15	13	84581
3	119.2	7	84599
3	119.25	4	84614
3	119.254	5	84614
3	119.3	3	84621
3	119.33	5	84625
3	119.35	2	84627
3	119.35	2	84627
3	119.393	5	84634
3	119.4	2	84636
3	119.436	5	84643
3	119.45	2	84646
3	119.477	5	84653
3	119.5	3	84661
3	119.518	5	84665
3	119.55	3	84681
3	119.564	5	84685
3	119.6	3	84701
3	119.607	5	84705
3	119.65	4	84727
3	119.65	4	84727
3	119.65	5	84727
3	119.7	4	84762
3	119.701	5	84762
3	119.757	10	84797
3	119.823	15	84857
3	119.899	20	84942
3	119.992	25	85052
3	120.108	30	85187
3	120.244	35	85347
3	120.402	40	85532
3	120.581	45	85742
3	120.782	50	85977
3	121.004	55	86237
3	121.05	27	86291
3	121.1	29	86334
3	121.1	29	86334
3	121.137	30	86348
3	121.15	30	86356
3	121.15	30	86356
3	121.2	31	86387
3	121.2	31	86387
3	121.25	32	86429
3	121.25	32	86429
3	121.3	17	86475
3	121.35	19	86505
3	121.35	19	86505
3	121.362	20	86512
3	121.4	20	86529
3	121.45	11	86561
3	121.45	11	86561
3	121.5	13	86582
3	121.55	7	86600
3	121.55	7	86600
3	121.597	10	86617
3	121.6	5	86618
3	121.65	3	86630
3	121.662	5	86634
3	121.7	2	86639
3	121.7	2	86639
3	121.725	5	86646
3	121.75	3	86654
3	121.768	5	86658
3	121.8	3	86668
3	121.81	5	86672
3	121.85	3	86685
3	121.854	5	86689
3	121.9	4	86713
3	121.901	5	86713
3	121.95	4	86737
3	121.955	5	86737
3	122	4	86765
3	122.001	5	86765
3	122.05	4	86800
3	122.05	5	86800
3	122.098	10	86835
3	122.167	15	86895
3	122.242	20	86980
3	122.336	25	87090
3	122.451	30	87225
3	122.588	35	87385
3	122.746	40	87570
3	122.925	45	87780
3	123.126	50	88015
3	123.347	55	88275
3	123.4	28	88337
3	123.425	30	88366
3	123.45	30	88379
3	123.45	30	88379
3	123.5	31	88402
3	123.5	31	88402
3	123.55	32	88433
3	123.55	32	88433
3	123.6	33	88475
3	123.6	33	88475
3	123.65	17	88521
3	123.65	17	88521
3	123.7	19	88550
3	123.721	20	88558
3	123.75	20	88572
3	123.75	20	88572
3	123.8	11	88602
3	123.85	13	88622
3	123.9	7	88639
3	123.9	7	88639
3	123.95	4	88653
3	123.954	5	88653
3	124	3	88660
3	124.031	5	88664
3	124.05	2	88665
3	124.05	2	88665
3	124.094	5	88672
3	124.1	2	88675
3	124.137	5	88682
3	124.15	2	88685
3	124.179	5	88692
3	124.2	3	88699
3	124.204	5	88703
3	124.25	3	88721
3	124.265	5	88725
3	124.3	3	88741
3	124.309	5	88745
3	124.35	4	88765
3	124.35	4	88765
3	124.35	5	88765
3	124.4	4	88800
3	124.401	5	88800
3	124.456	10	88835
3	124.523	15	88895
3	124.598	20	88980
3	124.692	25	89090
3	124.808	30	89225
3	124.944	35	89385
3	125.102	40	89570
3	125.281	45	89780
3	125.482	50	90015
3	125.704	55	90275
3	125.75	27	90330
3	125.8	29	90372
3	125.8	29	90372
3	125.838	30	90387
3	125.85	30	90395
3	125.85	30	90395
3	125.9	31	90426
3	125.9	31	90426
3	125.95	32	90467
3	125.95	32	90467
3	126	17	90514
3	126.05	19	90544
3	126.05	19	90544
3	126.063	20	90551
3	126.1	20	90567
3	126.15	11	90600
3	126.15	11	90600
3	126.2	13	90621
3	126.25	7	90638
3	126.25	7	90638
3	126.297	10	90655
3	126.3	5	90657
3	126.35	3	90669
3	126.362	5	90673
3	126.4	2	90678
3	126.4	2	90678
3	126.426	5	90685
3	126.45	3	90693
3	126.468	5	90697
3	126.5	3	90707
3	126.511	5	90711
3	126.55	3	90723
3	126.554	5	90727
3	127.6	2	90747
3	127.6	2	90747
3	127.6	2	90747
3	127.6	2	90747
3	127.6	2	90747
3	127.6	2	90747
3	127.6	2	90747
3	127.6	2	90747
3	127.6	2	90747
3	127.6	2	90747
3	127.6	2	90747
3	127.644	5	90754
3	127.771	10	90789
3	127.918	15	90849
3	128.087	20	90934
3	128.274	25	91044
3	128.452	30	91179
3	128.643	35	91339
3	128.872	40	91524
3	129.122	45	91734
3	129.394	50	91969
3	129.696	55	92229
3	129.8	28	92318
3	129.839	30	92347
3	129.85	30	92360
3	129.9	31	92378
3	129.95	31	92398
3	130	32	92419
3	130.05	33	92448
3	130.1	17	92481
3	130.15	19	92507
3	130.185	20	92518
3	130.2	20	92520
3	130.25	20	92535
3	130.4	11	92602
3	130.45	13	92621
3	130.5	7	92632
3	130.55	4	92644
3	130.562	5	92644
3	130.6	3	92652
3	130.61	5	92656
3	130.7	3	92670
3	130.7	3	92670
3	130.735	5	92674
3	130.75	2	92678
3	130.781	5	92685
3	130.8	2	92686
3	130.823	5	92693
3	130.953	10	92728
3	131.12	15	92788
3	131.289	20	92873
3	131.463	25	92983
3	131.663	30	93118
3	131.868	35	93278
3	132.115	40	93463
3	132.366	45	93673
3	132.601	50	93908
3	132.834	55	94168
3	132.85	27	94186
3	132.9	29	94237
3	132.921	30	94243
3	132.95	30	94264
3	133	31	94295
3	133.05	32	94334
3	133.1	17	94375
3	133.15	19	94410
3	133.169	20	94412
3	133.2	20	94432
3	133.25	11	94456
3	133.312	15	94495
3	133.482	20	94580
3	133.656	25	94690
3	133.848	30	94825
3	134.029	35	94985
3	134.222	40	95170
3	134.427	45	95380
3	134.656	50	95615
3	134.889	55	95875
3	135.141	60	96160
3	135.416	65	96470
3	135.713	70	96805
3	135.75	35	96847
3	135.961	40	96997
3	136.2	21	97157
3	136.25	23	97189
3	136.3	23	97202
3	136.35	24	97223
3	136.363	25	97226
3	136.4	25	97242
3	136.45	13	97265
3	136.488	15	97279
3	136.5	15	97285
3	136.55	8	97295
3	136.581	10	97304
3	136.6	5	97307
3	136.6	5	97307
3	136.6	5	97307
3	136.65	3	97316
3	136.65	3	97316
3	136.686	5	97320
3	136.7	2	97323
3	136.7	2	97323
3	136.743	5	97330
3	136.75	2	97331
3	136.75	2	97331
3	136.786	5	97338
3	136.913	10	97373
3	137.077	15	97433
3	137.244	20	97518
3	137.415	25	97628
3	137.592	30	97763
3	137.783	35	97923
3	137.97	40	98108
3	138.162	45	98318
3	138.37	50	98553
3	138.6	55	98813
3	138.853	60	99098
3	139.128	65	99408
3	139.425	70	99743
3	139.55	36	99885
3	139.6	38	99941
3	139.65	39	99970
3	139.7	39	99998
3	139.707	40	99999
3	139.75	40	100030
3	139.8	41	100070
3	139.85	42	100112
3	139.9	43	100157
3	139.95	22	100198
3	140	24	100237
3	140.024	25	100245
3	140.05	25	100257
3	140.1	26	100279
3	140.15	13	100313
3	140.163	15	100327
3	140.2	15	100339
3	140.25	16	100357
3	140.35	9	100397
3	140.351	10	100397
3	140.4	11	100418
3	140.45	6	100436
3	140.5	4	100453
3	140.514	5	100453
3	140.614	10	100488
3	140.778	15	100548
3	140.945	20	100633
3	141.116	25	100743
3	142.25	5	100830
3	142.25	5	100830
3	142.25	5	100830
3	142.25	5	100830
3	142.25	5	100830
3	142.25	5	100830
3	142.25	5	100830
3	142.25	5	100830
3	142.25	5	100830
3	142.25	5	100830
3	142.25	5	100830
3	142.25	5	100830
3	142.25	5	100830
3	142.25	5	100830
3	142.25	5	100830
3	142.25	5	100830
3	142.25	5	100830
3	142.25	5	100830
3	142.25	5	100830
3	142.25	5	100830
3	142.25	5	100830
3	142.25	5	100830
3	142.25	5	100830
3	142.25	5	100830
3	142.25	5	100830
3	142.25	5	100830
3	142.25	5	100830
3	142.25	5	100830
3	142.274	10	100834
3	142.284	15	100839
3	142.295	20	100844
3	142.299	25	100849
3	142.461	30	100960
3	142.642	35	101120
3	142.831	40	101305
3	143.028	45	101515
3	143.246	50	101750
3	143.487	55	102010
3	143.751	60	102295
3	144.038	65	102605
3	144.3	34	102888
3	144.3	35	102888
3	144.35	36	102942
3	144.4	37	102968
3	144.45	37	102994
3	144.5	38	103024
3	144.55	39	103061
3	144.561	40	103073
3	144.6	40	103101
3	144.65	41	103143
3	144.75	21	103220
3	144.8	23	103258
3	144.85	24	103277
3	144.865	25	103289
3	144.9	25	103304
3	144.95	13	103335
3	144.983	15	103349
3	145	15	103359
3	145.05	8	103375
3	145.072	10	103384
3	145.15	5	103403
3	145.2	3	103416
3	145.204	5	103420
3	145.25	3	103430
3	145.266	5	103434
3	145.3	3	103440
3	145.321	5	103444
3	145.454	10	103479
3	145.602	15	103539
3	145.77	20	103624
3	145.949	25	103734
3	146.128	30	103869
3	146.311	35	104029
3	146.506	40	104214
3	146.715	45	104424
3	146.948	50	104659
3	147.191	55	104919
3	147.455	60	105204
3	147.742	65	105514
3	147.85	33	105631
3	147.882	35	105665
3	147.9	35	105685
3	148.1	39	105828
3	148.131	40	105850
3	148.363	45	106060
3	148.55	24	106246
3	148.55	25	106246
3	148.6	26	106291
3	148.65	27	106315
3	148.7	28	106344
3	148.75	14	106381
3	148.75	14	106381
3	148.75	15	106381
3	148.8	16	106412
3	148.85	9	106435
3	148.85	9	106435
3	148.851	10	106435
3	148.998	15	106495
3	149.165	20	106580
3	149.338	25	106690
3	149.517	30	106825
3	149.699	35	106985
3	149.891	40	107170
3	150.087	45	107380
3	150.305	50	107615
3	150.546	55	107875
3	150.81	60	108160
3	151.097	65	108470
3	151.4	34	108798
3	151.401	35	108798
3	151.45	36	108852
3	151.5	37	108878
3	151.55	37	108904
3	151.6	38	108933
3	151.65	39	108971
3	151.662	40	108983
3	151.7	40	109010
3	151.75	41	109052
3	151.8	21	109091
3	151.85	23	109128
3	151.9	24	109147
3	151.921	25	109160
3	151.95	25	109168
3	152	13	109200
3	152.014	15	109214
3	152.05	15	109225
3	152.15	8	109260
3	152.164	10	109269
3	152.2	10	109278
3	152.25	6	109293
3	152.3	4	109308
3	152.306	5	109308
3	152.35	3	109320
3	152.367	5	109324
3	152.496	10	109359
3	152.634	15	109419
3	152.804	20	109504
3	152.996	25	109614
3	153.172	30	109749
3	153.356	35	109909
3	153.547	40	110094
3	153.742	45	110304
3	153.96	50	110539
3	154.201	55	110799
3	155.35	4	110916
3	155.35	4	110916
3	155.35	4	110916
3	155.35	4	110916
3	155.35	4	110916
3	155.35	4	110916
3	155.35	4	110916
3	155.35	5	110916
3	155.461	10	110951
3	155.602	15	111011
3	155.757	20	111096
3	155.923	25	111206
3	156.093	30	111341
3	156.268	35	111501
3	156.449	40	111686
3	156.642	45	111896
3	156.859	50	112131
3	157.099	55	112391
3	157.361	60	112676
3	157.647	65	112986
3	157.85	34	113207
3	157.851	35	113207
3	157.9	36	113261
3	157.95	37	113288
3	158	37	113315
3	158.05	38	113347
3	158.1	39	113386
3	158.106	40	113392
3	158.15	40	113427
3	158.2	20	113470
3	158.25	22	113506
3	158.3	23	113524
3	158.35	24	113544
3	158.369	25	113560
3	158.4	12	113570
3	158.45	14	113594
3	158.456	15	113597
3	158.5	8	113614
3	158.537	10	113623
3	158.55	5	113631
3	158.6	3	113642
3	158.625	5	113646
3	158.7	3	113661
3	158.711	5	113665
3	158.75	3	113672
3	158.756	5	113676
3	158.8	3	113688
3	158.818	5	113692
3	158.85	3	113701
3	158.876	5	113705
3	158.971	10	113740
3	159.128	15	113800
3	159.27	20	113885
3	159.437	25	113995
3	159.609	30	114130
3	159.786	35	114290
3	159.98	40	114475
3	160.192	45	114685
3	160.431	50	114920
3	160.697	55	115180
3	160.989	60	115465
3	161.2	31	115675
3	161.2	31	115675
3	161.25	33	115724
3	161.3	34	115748
3	161.35	34	115773
3	161.356	35	115774
3	161.4	35	115803
3	161.45	36	115835
3	161.5	37	115873
3	161.5	37	115873
3	161.55	19	115913
3	161.551	20	115913
3	161.6	21	115947
3	161.65	22	115966
3	161.7	11	115987
3	161.799	15	116026
3	161.85	8	116049
3	161.886	10	116058
3	161.9	5	116065
3	161.95	3	116076
3	161.973	5	116080
3	162	2	116085
3	162.02	5	116092
3	162.05	2	116093
3	162.063	5	116100
3	162.15	4	116123
3	162.151	5	116123
3	162.2	3	116136
3	162.229	5	116140
3	162.323	10	116175
3	162.481	15	116235
3	162.622	20	116320
3	162.791	25	116430
3	162.963	30	116565
3	163.14	35	116725
3	163.331	40	116910
3	163.542	45	117120
3	163.781	50	117355
3	164.044	55	117615
3	164.34	60	117900
3	164.55	31	118107
3	164.6	33	118157
3	164.6	33	118157
3	164.65	34	118180
3	164.7	34	118205
3	164.709	35	118206
3	164.75	35	118231
3	164.8	36	118267
3	164.85	37	118305
3	164.9	19	118345
3	164.9	20	118345
3	164.95	21	118378
3	165	22	118396
3	165	22	118396
3	165.05	11	118417
3	165.15	15	118456
3	165.15	7	118457
3	165.2	9	118472
3	165.211	10	118474
3	165.25	5	118484
3	165.3	3	118497
3	165.317	5	118501
3	165.35	3	118507
3	165.361	5	118511
3	165.489	10	118546
3	165.5	5	118550
3	165.55	4	118566
3	165.568	5	118566
3	165.66	10	118601
3	165.794	15	118661
3	165.955	20	118746
3	166.121	25	118856
3	166.291	30	118991
3	166.467	35	119151
3	166.657	40	119336
3	166.873	45	119546
3	167.108	50	119781
3	167.374	55	120041
3	167.66	60	120326
3	167.85	31	120517
3	167.9	33	120568
3	167.95	34	120591
3	168	34	120616
3	168.007	35	120616
3	168.05	35	120644
3	168.1	36	120680
3	168.15	37	120717
3	168.2	19	120757
3	168.2	20	120757
3	168.25	21	120790
3	168.3	22	120808
3	168.35	11	120828
3	168.4	13	120849
3	168.45	7	120867
3	168.5	4	120882
3	168.501	5	120882
3	168.55	3	120892
3	168.574	5	120896
3	168.7	4	120922
3	168.701	5	120922
3	168.75	3	120938
3	168.784	5	120942
3	168.8	3	120949
3	168.828	5	120953
3	168.85	3	120960
3	168.871	5	120964
3	170	2	120996
3	170	2	120996
3	170	2	120996
3	170	2	120996
3	170	2	120996
3	170	2	120996
3	170	2	120996
3	170	2	120996
3	170	2	120996
3	170	2	120996
3	170	2	120996
3	170.024	5	121003
3	170.151	10	121038
3	170.294	15	121098
3	170.462	20	121183
3	170.652	25	121293
3	170.829	30	121428
3	171.012	35	121588
3	171.204	40	121773
3	171.406	45	121983
3	171.632	50	122218
3	171.874	55	122478
3	172.138	60	122763
3	172.425	65	123073
3	172.6	33	123262
3	172.632	35	123296
3	172.75	36	123366
3	172.8	37	123395
3	172.85	38	123431
3	172.9	39	123469
3	172.925	40	123481
3	172.95	40	123509
3	173.174	45	123691
3	173.25	23	123766
3	173.279	25	123790
3	173.3	25	123807
3	173.3	25	123807
3	173.35	26	123829
3	173.35	26	123829
3	173.4	27	123854
3	173.4	27	123854
3	173.45	14	123888
3	173.45	14	123888
3	173.451	15	123888
3	173.5	16	123919
3	173.6	9	123972
3	173.601	10	123972
3	173.744	15	124032
3	173.911	20	124117
3	174.091	25	124227
3	174.268	30	124362
3	174.452	35	124522
3	174.648	40	124707
3	174.862	45	124917
3	175.092	50	125152
3	175.334	55	125412
3	175.598	60	125697
3	175.885	65	126007
3	176.1	34	126239
3	176.1	35	126239
3	176.2	37	126320
3	176.25	37	126347
3	176.358	40	126424
3	176.635	45	126634
3	176.7	23	126695
3	176.732	25	126719
3	176.75	25	126733
3	176.8	26	126751
3	176.8	26	126751
3	176.85	27	126772
3	176.9	14	126799
3	176.9	15	126799
3	176.95	16	126824
3	176.95	16	126824
3	177	8	126844
3	177	8	126844
3	177.025	10	126853
3	177.05	10	126862
3	177.05	10	126862
3	177.1	6	126875
3	177.1	6	126875
3	177.168	10	126899
3	177.332	15	126959
3	177.5	20	127044
3	177.672	25	127154
3	177.849	30	127289
3	178.034	35	127449
3	178.225	40	127634
3	178.421	45	127844
3	178.639	50	128079
3	178.88	55	128339
3	179.144	60	128624
3	179.431	65	128934
3	179.7	34	129225
3	179.701	35	129225
3	179.75	36	129279
3	179.8	37	129305
3	179.85	37	129331
3	179.9	38	129360
3	179.95	39	129398
3	179.962	40	129410
3	180	40	129438
3	180.05	41	129479
3	180.1	21	129518
3	180.15	23	129555
3	180.22	25	129587
3	180.25	25	129594
3	180.3	13	129625
3	180.332	15	129639
3	180.35	15	129649
3	180.4	8	129665
3	180.423	10	129674
3	180.45	5	129681
3	180.5	3	129692
3	180.522	5	129696
3	180.6	3	129710
3	180.613	5	129714
3	180.65	3	129720
3	180.658	5	129724
3	180.7	3	129732
3	180.721	5	129736
3	180.849	10	129771
3	181.006	15	129831
3	181.173	20	129916
3	181.349	25	130026
3	181.526	30	130161
3	181.709	35	130321
3	181.9	40	130506
3	182.096	45	130716
3	182.314	50	130951
3	183.45	2	131079
3	183.45	2	131079
3	183.45	2	131079
3	183.45	2	131079
3	183.45	2	131079
3	183.45	2	131079
3	183.45	2	131079
3	183.45	2	131079
3	183.45	2	131079
3	183.45	2	131079
3	183.45	2	131079
3	183.45	2	131079
3	183.45	2	131079
3	183.45	2	131079
3	183.45	2	131079
3	183.45	2	131079
3	183.45	2	131079
3	183.45	2	131079
3	183.45	2	131079
3	183.45	2	131079
3	183.45	2	131079
3	183.45	2	131079
3	183.45	2	131079
3	183.45	2	131079
3	183.45	2	131079
3	183.45	2	131079
3	183.45	2	131079
3	183.45	2	131079
3	183.45	2	131079
3	183.45	2	131079
3	183.45	2	131079
3	183.45	2	131079
3	183.45	2	131079
3	183.45	2	131079
3	183.492	5	131086
3	183.577	10	131121
3	183.715	15	131181
3	183.886	20	131266
3	184.078	25	131376
3	184.255	30	131511
3	184.438	35	131671
3	184.629	40	131856
3	184.825	45	132066
3	185.043	50	132301
3	185.283	55	132561
3	185.547	60	132846
3	185.835	65	133156
3	186.1	34	133443
3	186.1	35	133443
3	186.15	36	133497
3	186.2	37	133523
3	186.25	37	133549
3	186.3	38	133578
3	186.35	39	133616
3	186.362	40	133628
3	186.4	40	133656
3	186.45	41	133697
3	186.5	21	133736
3	186.6	24	133791
3	186.621	25	133805
3	186.65	25	133811
3	186.7	13	133842
3	186.732	15	133856
3	186.75	15	133866
3	186.8	8	133882
3	186.823	10	133891
3	186.85	5	133898
3	186.9	3	133909
3	186.921	5	133913
3	187	3	133927
3	187.013	5	133931
3	187.05	3	133937
3	187.058	5	133941
3	187.1	3	133949
3	187.121	5	133953
3	187.249	10	133988
3	187.406	15	134048
3	187.573	20	134133
3	187.749	25	134243
3	187.926	30	134378
3	188.109	35	134538
3	188.3	40	134723
3	188.496	45	134933
3	188.714	50	135168
3	188.955	55	135428
3	189.219	60	135713
3	189.506	65	136023
3	189.8	34	136341
3	189.8	35	136341
3	189.85	36	136395
3	189.9	37	136421
3	189.95	37	136447
3	190	38	136476
3	190.05	39	136514
3	190.062	40	136526
3	190.1	40	136554
3	190.15	41	136596
3	190.2	21	136634
3	190.25	23	136671
3	190.3	24	136690
3	190.32	25	136703
3	190.35	25	136711
3	190.4	13	136743
3	190.413	15	136757
3	190.5	8	136786
3	190.524	10	136795
3	190.55	5	136802
3	190.6	3	136813
3	190.624	5	136817
3	190.65	2	136822
3	190.686	5	136829
3	190.7	2	136830
3	190.729	5	136837
3	190.8	3	136853
3	190.815	5	136857
3	190.959	10	136892
3	191.097	15	136952
3	191.267	20	137037
3	191.443	25	137147
3	191.634	30	137282
3	191.816	35	137442
3	192.007	40	137627
3	192.204	45	137837
3	192.422	50	138072
3	192.663	55	138332
3	192.927	60	138617
3	193.214	65	138927
3	193.5	34	139236
3	193.5	35	139236
3	193.55	36	139290
3	193.6	37	139325
3	193.65	38	139356
3	193.728	40	139421
3	193.974	45	139631
3	194.05	23	139702
3	194.077	25	139726
3	194.1	25	139744
3	194.15	26	139766
3	194.2	27	139790
3	194.25	14	139825
3	194.251	15	139825
3	194.3	16	139853
3	194.35	9	139874
3	194.35	10	139874
3	194.4	5	139894
3	194.45	4	139908
3	194.459	5	139908
3	194.5	3	139920
3	194.518	5	139924
3	194.645	10	139959
3	194.789	15	140019
3	194.957	20	140104
3	195.146	25	140214
3	195.323	30	140349
3	195.506	35	140509
3	195.697	40	140694
3	195.894	45	140904
3	196.111	50	141139
3	197.15	2	141162
3	197.15	2	141162
3	197.15	2	141162
3	197.15	2	141162
3	197.15	2	141162
3	197.15	2	141162
3	197.15	2	141162
3	197.15	2	141162
3	197.15	2	141162
3	197.15	2	141162
3	197.15	2	141162
3	197.15	2	141162
3	197.15	2	141162
3	197.15	2	141162
3	197.15	2	141162
3	197.15	2	141162
3	197.15	2	141162
3	197.15	2	141162
3	197.15	2	141162
3	197.15	2	141162
3	197.15	2	141162
3	197.15	2	141162
3	197.15	2	141162
3	197.15	2	141162
3	197.15	2	141162
3	197.15	2	141162
3	197.15	2	141162
3	197.15	2	141162
3	197.15	2	141162
3	197.15	2	141162
3	197.15	2	141162
3	197.15	2	141162
3	197.15	2	141162
3	197.15	2	141162
3	197.15	2	141162
3	197.192	5	141169
3	197.277	10	141204
3	197.415	15	141264
3	197.586	20	141349
3	197.778	25	141459
3	197.955	30	141594
3	198.138	35	141754
3	198.329	40	141939
3	198.524	45	142149
3	198.741	50	142384
3	198.982	55	142644
3	199.245	60	142929
3	199.532	65	143239
3	199.8	34	143530
3	199.8	35	143530
3	199.85	36	143584
3	199.9	37	143610
3	199.95	37	143636
