4	1.04641	10	4
4	1.08913	15	9
4	1.09374	20	14
4	1.13271	25	19
4	1.31885	30	130
4	1.5507	35	290
4	1.77937	40	475
4	2.00308	45	685
4	2.1	23	782
4	2.1	23	782
4	2.12652	25	806
4	2.34046	30	941
4	2.5544	35	1101
4	2.76833	40	1286
4	2.98791	45	1496
4	3.22795	50	1731
4	3.49039	55	1991
4	3.7804	60	2276
4	4.09345	65	2586
4	4.3	34	2793
4	4.3006	35	2793
4	4.35	36	2843
4	4.4	37	2865
4	4.45	37	2888
4	4.5	38	2912
4	4.55	39	2946
4	4.59838	40	2978
4	4.65	40	3017
4	4.7	20	3050
4	4.75	22	3081
4	4.8	23	3095
4	4.85	23	3111
4	4.90801	25	3140
4	4.95	12	3158
4	5	14	3177
4	5.03117	15	3185
4	5.05	15	3187
4	5.1	15	3199
4	5.25	9	3254
4	5.25113	10	3254
4	5.3	11	3271
4	5.45351	15	3314
4	5.66745	20	3399
4	5.88139	25	3509
4	6.09532	30	3644
4	6.30926	35	3804
4	6.52319	40	3989
4	6.74097	45	4199
4	6.97655	50	4434
4	7.23632	55	4694
4	7.5189	60	4979
4	7.82639	65	5289
4	8.1	34	5563
4	8.10071	35	5563
4	8.15	36	5613
4	8.2	36	5634
4	8.25	37	5655
4	8.3	38	5680
4	8.35	39	5713
4	8.40157	40	5748
4	8.45	40	5778
4	8.5	41	5810
4	8.55	21	5843
4	8.6	23	5875
4	8.65	24	5890
4	8.69835	25	5912
4	8.75	25	5935
4	8.8	13	5958
4	8.83304	15	5972
4	8.85	15	5978
4	8.9	8	5989
4	8.92408	10	5998
4	9	5	6008
4	9.05	3	6016
4	9.09154	5	6020
4	9.1	2	6021
4	9.17711	5	6028
4	9.39105	10	6063
4	9.60521	15	6123
4	9.8192	20	6208
4	10.0332	25	6318
4	10.2472	30	6453
4	10.4612	35	6613
4	10.6762	40	6798
4	10.9034	45	7008
4	11.1524	50	7243
4	11.4304	55	7503
4	11.7316	60	7788
4	12.0557	65	8098
4	12.15	33	8187
4	12.1883	35	8221
4	12.2	35	8234
4	12.25	35	8254
4	12.3	36	8274
4	12.35	37	8296
4	12.4	37	8326
4	12.45	38	8359
4	12.5	39	8393
4	12.5278	40	8406
4	12.55	20	8425
4	12.65	22	8468
4	12.7	23	8482
4	12.75	24	8504
4	12.7863	25	8515
4	12.8	12	8529
4	12.8846	15	8556
4	12.9	15	8557
4	12.95	15	8568
4	13	8	8580
4	13.0111	10	8589
4	13.1	5	8607
4	13.15	3	8616
4	13.1804	5	8620
4	13.3943	10	8655
4	13.6083	15	8715
4	13.8222	20	8800
4	14.0362	25	8910
4	14.2501	30	9045
4	14.464	35	9205
4	14.6843	40	9390
4	14.9017	45	9600
4	15.12	50	9835
4	16.35	2	10083
4	16.35	2	10083
4	16.35	2	10083
4	16.35	2	10083
4	16.35	2	10083
4	16.35	2	10083
4	16.35	2	10083
4	16.35	2	10083
4	16.35	2	10083
4	16.35	2	10083
4	16.35	2	10083
4	16.35	2	10083
4	16.35	2	10083
4	16.35	2	10083
4	16.35	2	10083
4	16.35	2	10083
4	16.35	2	10083
4	16.35	2	10083
4	16.35	2	10083
4	16.35	2	10083
4	16.35	2	10083
4	16.35	2	10083
4	16.35	2	10083
4	16.35	2	10083
4	16.35	2	10083
4	16.35	2	10083
4	16.35	2	10083
4	16.35	2	10083
4	16.35	2	10083
4	16.35	2	10083
4	16.35	2	10083
4	16.35	2	10083
4	16.35	2	10083
4	16.35	2	10083
4	16.35	2	10083
4	16.35	2	10083
4	16.35	2	10083
4	16.35	2	10083
4	16.35	2	10083
4	16.35	2	10083
4	16.35	2	10083
4	16.35	2	10083
4	16.35	2	10083
4	16.35	2	10083
4	16.35	2	10083
4	16.35	2	10083
4	16.35	2	10083
4	16.35	2	10083
4	16.35	2	10083
4	16.35	2	10083
4	16.35	2	10083
4	16.35	2	10083
4	16.3941	5	10090
4	16.4612	10	10125
4	16.6062	15	10185
4	16.7755	20	10270
4	16.9494	25	10380
4	17.1343	30	10515
4	17.3206	35	10675
4	17.5122	40	10860
4	17.7292	45	11070
4	17.9685	50	11305
4	18.2309	55	11565
4	18.5107	60	11850
4	18.7973	65	12160
4	18.8	32	12163
4	18.85	34	12218
4	18.8806	35	12230
4	18.9	35	12246
4	18.95	36	12275
4	19	37	12311
4	19.05	38	12352
4	19.1	39	12394
4	19.1299	40	12415
4	19.15	20	12437
4	19.2	22	12475
4	19.25	23	12497
4	19.3057	25	12527
4	19.515	30	12662
4	19.6	16	12725
4	19.65	18	12758
4	19.6971	20	12779
4	19.7	10	12783
4	19.8	7	12822
4	19.8273	10	12839
4	19.9911	15	12899
4	20.1586	20	12984
4	20.3307	25	13094
4	20.5196	30	13229
4	20.7009	35	13389
4	20.8896	40	13574
4	21.0902	45	13784
4	21.3116	50	14019
4	21.552	55	14279
4	21.8147	60	14564
4	22.1004	65	14874
4	22.35	34	15145
4	22.3501	35	15145
4	22.45	37	15225
4	22.5	37	15251
4	22.55	38	15281
4	22.6	39	15318
4	22.6123	40	15330
4	22.65	40	15356
4	22.7	41	15396
4	22.75	21	15435
4	22.8	23	15471
4	22.85	24	15490
4	22.8714	25	15504
4	22.9	25	15512
4	23	13	15575
4	23.0324	15	15589
4	23.05	15	15600
4	23.1	16	15615
4	23.2	9	15653
4	23.2008	10	15653
4	23.25	5	15673
4	23.3	4	15690
4	23.3011	5	15690
4	23.35	3	15701
4	23.3755	5	15705
4	23.5048	10	15740
4	23.6613	15	15800
4	23.8288	20	15885
4	24.0035	25	15995
4	24.1802	30	16130
4	24.3633	35	16290
4	24.5543	40	16475
4	24.7531	45	16685
4	24.9745	50	16920
4	25.2184	55	17180
4	25.4853	60	17465
4	25.7744	65	17775
4	26	34	18020
4	26.0002	35	18020
4	26.05	36	18075
4	26.1	37	18100
4	26.15	37	18127
4	26.2	38	18159
4	26.25	39	18196
4	26.2588	40	18205
4	26.3	40	18236
4	26.35	20	18277
4	26.4	22	18312
4	26.45	23	18330
4	26.5	24	18350
4	26.5187	25	18367
4	26.55	12	18378
4	26.6	14	18401
4	26.6093	15	18405
4	26.75	9	18455
4	26.7511	10	18455
4	26.8	5	18473
4	26.85	3	18485
4	26.8623	5	18489
4	26.9	2	18494
4	26.9105	5	18501
4	27	4	18521
4	27.0288	5	18521
4	27.1246	10	18556
4	27.291	15	18616
4	27.4603	20	18701
4	27.6352	25	18811
4	27.8261	30	18946
4	28.0073	35	19106
4	28.196	40	19291
4	28.3932	45	19501
4	28.6101	50	19736
4	28.8497	55	19996
4	30.05	4	20170
4	30.05	4	20170
4	30.05	4	20170
4	30.05	4	20170
4	30.05	4	20170
4	30.05	4	20170
4	30.0509	5	20170
4	30.1789	10	20205
4	30.3164	15	20265
4	30.4827	20	20350
4	30.6538	25	20460
4	30.8304	30	20595
4	31.0165	35	20755
4	31.2006	40	20940
4	31.3994	45	21150
4	31.6205	50	21385
4	31.8616	55	21645
4	32.1249	60	21930
4	32.4114	65	22240
4	32.6	34	22445
4	32.6008	35	22445
4	32.7	37	22526
4	32.8651	40	22630
4	32.9	40	22652
4	32.95	20	22692
4	32.95	20	22692
4	33	22	22724
4	33	22	22724
4	33.05	23	22743
4	33.05	23	22743
4	33.1	24	22763
4	33.1237	25	22782
4	33.15	12	22788
4	33.2	14	22812
4	33.2066	15	22815
4	33.25	8	22831
4	33.2756	10	22840
4	33.35	5	22859
4	33.4	3	22872
4	33.416	5	22876
4	33.45	3	22882
4	33.4607	5	22886
4	33.5	3	22892
4	33.5044	5	22896
4	33.55	3	22908
4	33.5644	5	22912
4	33.6891	10	22947
4	33.8375	15	23007
4	33.9896	20	23092
4	34.1594	25	23202
4	34.3409	30	23337
4	34.5188	35	23497
4	34.7146	40	23682
4	34.9296	45	23892
4	35.1724	50	24127
4	35.4384	55	24387
4	35.73	60	24672
4	35.9	31	24843
4	35.95	33	24893
4	36	34	24918
4	36.0377	35	24942
4	36.05	35	24944
4	36.1	35	24974
4	36.15	36	25011
4	36.2	37	25049
4	36.25	19	25090
4	36.2507	20	25090
4	36.3	21	25125
4	36.35	22	25144
4	36.4	23	25165
4	36.45	12	25194
4	36.5	14	25218
4	36.5047	15	25221
4	36.65	9	25280
4	36.6512	10	25280
4	36.7	5	25300
4	36.75	4	25314
4	36.7558	5	25314
4	36.8	3	25327
4	36.8042	5	25331
4	36.9289	10	25366
4	37.0678	15	25426
4	37.2294	20	25511
4	37.3988	25	25621
4	37.5779	30	25756
4	37.7593	35	25916
4	37.9565	40	26101
4	38.1831	45	26311
4	38.4349	50	26546
4	38.711	55	26806
4	39.0115	60	27091
4	39.05	30	27127
4	39.1	32	27175
4	39.15	33	27197
4	39.2	33	27221
4	39.25	34	27249
4	39.2592	35	27257
4	39.3	35	27282
4	39.35	36	27319
4	39.4	18	27357
4	39.4305	20	27376
4	39.45	20	27389
4	39.5	21	27406
4	39.55	22	27425
4	39.6	11	27451
4	39.6974	15	27490
4	39.7	7	27492
4	39.7774	10	27509
4	39.8	5	27517
4	39.85	3	27528
4	39.8658	5	27532
4	39.9	2	27537
4	39.9123	5	27544
4	40	4	27564
4	40.0323	5	27564
4	40.05	3	27576
4	40.0798	5	27580
4	40.2045	10	27615
4	40.3393	15	27675
4	40.5049	20	27760
4	40.6743	25	27870
4	40.8492	30	28005
4	41.0296	35	28165
4	41.2158	40	28350
4	41.4102	45	28560
4	41.6386	50	28795
4	41.8986	55	29055
4	42.1814	60	29340
4	42.4893	65	29650
4	42.5	32	29662
4	42.5	32	29662
4	42.55	34	29712
4	42.5892	35	29729
4	42.6	35	29736
4	42.65	35	29761
4	42.7	36	29788
4	42.75	37	29823
4	42.8	38	29861
4	42.85	39	29901
4	42.8747	40	29914
4	42.9	20	29938
4	43	23	29991
4	43.05	24	30012
4	43.0654	25	30028
4	43.1	12	30042
4	43.15	14	30065
4	43.1771	15	30069
4	43.2	15	30080
4	43.25	8	30096
4	43.2664	10	30105
4	43.35	6	30128
4	43.4	4	30145
4	43.4012	5	30145
4	43.45	3	30157
4	43.4758	5	30161
4	43.5	3	30168
4	43.5195	5	30172
4	43.6442	10	30207
4	44.75	2	30249
4	44.75	2	30249
4	44.75	2	30249
4	44.75	2	30249
4	44.75	2	30249
4	44.75	2	30249
4	44.75	2	30249
4	44.75	2	30249
4	44.75	2	30249
4	44.75	2	30249
4	44.75	2	30249
4	44.75	2	30249
4	44.7918	5	30256
4	44.92	10	30291
4	45.0602	15	30351
4	45.2313	20	30436
4	45.4062	25	30546
4	45.598	30	30681
4	45.7816	35	30841
4	45.9841	40	31026
4	46.2077	45	31236
4	46.4612	50	31471
4	46.7437	55	31731
4	47.0512	60	32016
4	47.15	30	32108
4	47.2	32	32155
4	47.25	33	32175
4	47.3	33	32197
4	47.35	34	32225
4	47.3701	35	32238
4	47.4	35	32256
4	47.45	36	32285
4	47.5	18	32320
4	47.527	20	32339
4	47.55	20	32350
4	47.6	21	32365
4	47.65	22	32382
4	47.7	11	32407
4	47.75	13	32427
4	47.822	15	32446
4	47.85	7	32453
4	47.9	9	32467
4	47.9086	10	32470
4	47.95	5	32480
4	48	3	32493
4	48.0313	5	32497
4	48.1	3	32512
4	48.1178	5	32516
4	48.15	3	32522
4	48.1625	5	32526
4	48.2899	10	32561
4	48.4537	15	32621
4	48.6212	20	32706
4	48.7933	25	32816
4	48.9716	30	32951
4	49.1745	35	33111
4	49.3908	40	33296
4	49.6396	45	33506
4	49.9212	50	33741
4	50.2263	55	34001
4	50.35	28	34112
4	50.3857	30	34141
4	50.4	30	34156
4	50.45	31	34176
4	50.5	31	34198
4	50.55	32	34221
4	50.6	33	34253
4	50.65	17	34287
4	50.7	19	34315
4	50.7302	20	34324
4	50.75	20	34330
4	50.8	10	34347
4	50.9	6	34378
4	50.95	4	34390
4	50.9512	5	34390
4	51	3	34397
4	51.0261	5	34401
4	51.05	2	34403
4	51.1	2	34409
4	51.1508	5	34416
4	51.25	4	34441
4	51.2754	5	34441
4	51.3	3	34452
4	51.3229	5	34456
4	51.4513	10	34491
4	51.6151	15	34551
4	51.7826	20	34636
4	51.9547	25	34746
4	52.1367	30	34881
4	52.3401	35	35041
4	52.5797	40	35226
4	52.8423	45	35436
4	53.1418	50	35671
4	53.4	26	35877
4	53.45	28	35916
4	53.5	29	35934
4	53.55	29	35953
4	53.5714	30	35961
4	53.6	30	35973
4	53.65	31	35999
4	53.7	16	36030
4	53.75	18	36055
4	53.8	19	36068
4	53.85	19	36083
4	53.859	20	36084
4	53.9	10	36100
4	54	6	36133
4	54.05	4	36144
4	54.0756	5	36144
4	54.1	3	36151
4	54.124	5	36155
4	54.15	2	36157
4	54.2068	5	36164
4	54.25	3	36172
4	54.2896	5	36176
4	54.3	3	36183
4	54.3351	5	36187
4	54.35	2	36192
4	54.3807	5	36199
4	54.5109	10	36234
4	54.6774	15	36294
4	54.8468	20	36379
4	55.0216	25	36489
4	55.2125	30	36624
4	55.3939	35	36784
4	55.5826	40	36969
4	55.7782	45	37179
4	55.9953	50	37414
4	56.2421	55	37674
4	56.5269	60	37959
4	56.8348	65	38269
4	57.1	34	38537
4	57.1003	35	38537
4	57.15	36	38587
4	57.15	36	38587
4	57.15	36	38587
4	57.15	36	38587
4	57.15	36	38587
4	57.2	37	38614
4	57.25	37	38641
4	57.3	38	38669
4	57.35	39	38706
4	57.365	40	38722
4	57.4	40	38746
4	57.45	41	38788
4	57.5	21	38831
4	57.55	23	38868
4	57.6	24	38888
4	57.6208	25	38900
4	57.7	13	38941
4	57.7189	15	38955
4	57.75	15	38965
4	57.8	8	38983
4	57.8237	10	38992
4	57.85	5	38999
4	57.95	4	39020
4	57.9502	5	39020
4	58	3	39033
4	58.0067	5	39037
4	58.05	3	39047
4	58.0805	5	39051
4	58.2089	10	39086
4	58.3726	15	39146
4	58.5401	20	39231
4	58.7122	25	39341
4	58.8907	30	39476
4	59.0744	35	39636
4	59.2781	40	39821
4	59.4996	45	40031
4	59.7531	50	40266
4	60.85	2	40332
4	60.85	2	40332
4	60.85	2	40332
4	60.85	2	40332
4	60.85	2	40332
4	60.85	2	40332
4	60.85	2	40332
4	60.85	2	40332
4	60.85	2	40332
4	60.85	2	40332
4	60.85	2	40332
4	60.85	2	40332
4	60.85	2	40332
4	60.85	2	40332
4	60.85	2	40332
4	60.85	2	40332
4	60.85	2	40332
4	60.85	2	40332
4	60.85	2	40332
4	60.85	2	40332
4	60.85	2	40332
4	60.85	2	40332
4	60.85	2	40332
4	60.8904	5	40339
4	60.9978	10	40374
4	61.1354	15	40434
4	61.3065	20	40519
4	61.4834	25	40629
4	61.6735	30	40764
4	61.8694	35	40924
4	62.0997	40	41109
4	62.3528	45	41319
4	62.6289	50	41554
4	62.9344	55	41814
4	63.05	28	41912
4	63.0844	30	41941
4	63.1	30	41955
4	63.1	30	41955
4	63.15	31	41975
4	63.2	31	41997
4	63.25	32	42021
4	63.35	17	42088
4	63.4	19	42115
4	63.4328	20	42125
4	63.45	20	42129
4	63.5	20	42145
4	63.55	10	42165
4	63.65	6	42197
4	63.7	4	42208
4	63.7159	5	42208
4	63.8	3	42221
4	63.8149	5	42225
4	63.85	2	42228
4	63.8987	5	42235
4	63.9	2	42237
4	63.9433	5	42244
4	63.95	2	42246
4	63.9879	5	42253
4	64.05	3	42263
4	64.0697	5	42267
4	64.1981	10	42302
4	64.3619	15	42362
4	64.5293	20	42447
4	64.7014	25	42557
4	64.8799	30	42692
4	65.0665	35	42852
4	65.2824	40	43037
4	65.5213	45	43247
4	65.7835	50	43482
4	66.078	55	43742
4	66.35	29	43988
4	66.3509	30	43988
4	66.4	31	44032
4	66.45	32	44052
4	66.5	32	44073
4	66.55	33	44095
4	66.6	34	44125
4	66.6403	35	44148
4	66.65	35	44158
4	66.7	18	44193
4	66.7341	20	44212
4	66.75	20	44222
4	66.8	21	44237
4	66.85	11	44254
4	66.9	13	44272
4	66.9692	15	44293
4	67	7	44302
4	67.05	9	44315
4	67.0782	10	44319
4	67.1	5	44324
4	67.15	3	44334
4	67.1647	5	44338
4	67.2	2	44342
4	67.2475	5	44349
4	67.3	3	44364
4	67.334	5	44368
4	67.35	3	44374
4	67.3777	5	44378
4	67.506	10	44413
4	67.6698	15	44473
4	67.8373	20	44558
4	68.0093	25	44668
4	68.1869	30	44803
4	68.3721	35	44963
4	68.5855	40	45148
4	68.8248	45	45358
4	69.0871	50	45593
4	69.3788	55	45853
4	69.65	29	46103
4	69.6503	30	46103
4	69.7	31	46149
4	69.75	32	46169
4	69.8	32	46191
4	69.85	33	46214
4	69.9	34	46246
4	69.9257	35	46263
4	69.95	35	46281
4	70	18	46318
4	70.0331	20	46337
4	70.05	20	46348
4	70.1	21	46364
4	70.15	11	46382
4	70.2562	15	46421
4	70.3	7	46435
4	70.35	9	46448
4	70.3809	10	46452
4	70.4	5	46457
4	70.45	3	46467
4	70.4674	5	46471
4	70.5	2	46475
4	70.5501	5	46482
4	70.6	3	46497
4	70.6366	5	46501
4	70.65	3	46507
4	70.6803	5	46511
4	70.8087	10	46546
4	70.9725	15	46606
4	71.1399	20	46691
4	71.312	25	46801
4	71.4896	30	46936
4	71.6736	35	47096
4	71.8655	40	47281
4	72.0607	45	47491
4	72.2773	50	47726
4	72.5169	55	47986
4	72.7819	60	48271
4	73.0922	65	48581
4	73.35	34	48841
4	73.3509	35	48841
4	73.4	36	48891
4	73.45	37	48914
4	73.5	37	48937
4	73.55	38	48964
4	73.643	40	49026
4	73.65	40	49031
4	73.7	40	49064
4	73.7	40	49064
4	73.7	40	49064
4	73.7	40	49064
4	73.7	40	49064
4	73.75	20	49102
4	73.75	20	49102
4	73.8	22	49137
4	73.85	23	49156
4	73.9162	25	49192
4	73.95	12	49206
4	74	14	49229
4	74.0098	15	49233
4	74.05	15	49247
4	74.1	8	49266
4	74.1282	10	49275
4	74.2	5	49296
4	74.25	3	49309
4	74.2584	5	49313
4	74.3	3	49321
4	74.3048	5	49325
4	74.4332	10	49360
4	74.5979	15	49420
4	74.7663	20	49505
4	74.941	25	49615
4	75.1201	30	49750
4	75.3119	35	49910
4	75.5163	40	50095
4	75.751	45	50305
4	76.9	2	50415
4	76.9	2	50415
4	76.9	2	50415
4	76.9	2	50415
4	76.9	2	50415
4	76.9	2	50415
4	76.9	2	50415
4	76.9	2	50415
4	76.9	2	50415
4	76.9	2	50415
4	76.9	2	50415
4	76.9	2	50415
4	76.9	2	50415
4	76.9	2	50415
4	76.9	2	50415
4	76.9	2	50415
4	76.9	2	50415
4	76.9	2	50415
4	76.9	2	50415
4	76.9	2	50415
4	76.9308	5	50422
4	77.0373	10	50457
4	77.194	15	50517
4	77.3615	20	50602
4	77.5379	25	50712
4	77.7171	30	50847
4	77.9171	35	51007
4	78.1524	40	51192
4	78.4107	45	51402
4	78.7049	50	51637
4	79.0222	55	51897
4	79.05	27	51915
4	79.1	29	51955
4	79.1454	30	51972
4	79.15	30	51973
4	79.2	30	51992
4	79.25	31	52019
4	79.3	32	52047
4	79.35	33	52071
4	79.4	17	52099
4	79.45	19	52126
4	79.4832	20	52136
4	79.5	20	52140
4	79.55	10	52161
4	79.6	12	52178
4	79.65	6	52188
4	79.75	4	52206
4	79.7574	5	52206
4	79.8	3	52214
4	79.8058	5	52218
4	79.85	3	52225
4	79.8896	5	52229
4	79.9	2	52232
4	79.9714	5	52239
4	80	3	52246
4	80.017	5	52250
4	80.05	2	52255
4	80.0625	5	52262
4	80.1928	10	52297
4	80.3593	15	52357
4	80.5286	20	52442
4	80.7045	25	52552
4	80.9174	30	52687
4	81.1353	35	52847
4	81.3936	40	53032
4	81.6925	45	53242
4	82	24	53462
4	82.0006	25	53462
4	82.05	26	53497
4	82.1	26	53513
4	82.15	27	53529
4	82.2	28	53547
4	82.25	29	53569
4	82.2997	30	53597
4	82.3	15	53598
4	82.35	17	53621
4	82.4	18	53633
4	82.45	18	53647
4	82.5073	20	53668
4	82.55	10	53685
4	82.6	12	53702
4	82.65	6	53713
4	82.7	4	53725
4	82.7138	5	53725
4	82.8	3	53741
4	82.8041	5	53745
4	82.85	3	53754
4	82.8878	5	53758
4	82.9	2	53762
4	82.9334	5	53769
4	83	3	53779
4	83.0153	5	53783
4	83.1436	10	53818
4	83.3087	15	53878
4	83.493	20	53963
4	83.7016	25	54073
4	83.96	30	54208
4	84.2682	35	54368
4	84.6	19	54531
4	84.6016	20	54531
4	84.65	21	54557
4	84.7	21	54567
4	84.75	22	54580
4	84.8	23	54601
4	84.85	23	54616
4	84.9	12	54632
4	84.95	14	54649
4	85	14	54658
4	85.009	15	54659
4	85.05	7	54669
4	85.1	9	54681
4	85.1408	10	54686
4	85.2	5	54697
4	85.25	3	54706
4	85.2772	5	54710
4	85.3	2	54712
4	85.3621	5	54719
4	85.4	2	54723
4	85.4468	5	54730
4	85.45	2	54734
4	85.5	2	54741
4	85.5712	5	54748
4	85.6	3	54756
4	85.6168	5	54760
4	85.7497	10	54795
4	85.9411	15	54855
4	86.1562	20	54940
4	86.4626	25	55050
4	86.7816	30	55185
4	86.9	15	55246
4	86.95	17	55270
4	87	18	55282
4	87.05	18	55296
4	87.1	9	55311
4	87.1008	10	55311
4	87.15	11	55327
4	87.2	6	55344
4	87.25	4	55355
4	87.2764	5	55355
4	87.3	3	55363
4	87.3239	5	55367
4	87.4	3	55377
4	87.4086	5	55381
4	87.45	3	55388
4	87.4541	5	55392
4	87.5	3	55402
4	87.5351	5	55406
4	87.6635	10	55441
4	87.8273	15	55501
4	87.9947	20	55586
4	88.1669	25	55696
4	88.3445	30	55831
4	88.5286	35	55991
4	88.7266	40	56176
4	88.9392	45	56386
4	89.1789	50	56621
4	89.4415	55	56881
4	89.7318	60	57166
4	90	32	57433
4	90.05	34	57482
4	90.0898	35	57500
4	90.1	35	57507
4	90.15	35	57532
4	90.2	36	57558
4	90.25	37	57594
4	90.3	38	57632
4	90.35	19	57672
4	90.3505	20	57672
4	90.4	21	57705
4	90.45	22	57722
4	90.5	23	57741
4	90.5755	25	57782
4	90.6	12	57797
4	90.65	14	57820
4	90.6771	15	57824
4	90.7	15	57834
4	90.75	8	57850
4	90.7655	10	57859
4	90.8	5	57867
4	90.8985	10	57897
4	90.9	5	57898
4	90.95	3	57911
4	90.9786	5	57915
4	91.1069	10	57950
4	91.2707	15	58010
4	91.4382	20	58095
4	91.6103	25	58205
4	91.7879	30	58340
4	91.972	35	58500
4	92.1638	40	58685
4	92.3602	45	58895
4	92.5775	50	59130
4	92.8178	55	59390
4	93.0811	60	59675
4	93.3676	65	59985
4	93.65	34	60291
4	93.6503	35	60291
4	93.7	36	60345
4	93.8	37	60395
4	93.85	38	60423
4	93.9	39	60459
4	93.9255	40	60476
4	93.95	40	60497
4	94.996	10	60502
4	95.0379	15	60507
4	95.0425	20	60512
4	95.0797	25	60517
4	95.2564	30	60628
4	95.4704	35	60788
4	95.6843	40	60973
4	95.9074	45	61183
4	96.1519	50	61418
4	96.4243	55	61678
4	96.7143	60	61963
4	97.0383	65	62273
4	97.2	33	62432
4	97.2362	35	62466
4	97.25	35	62481
4	97.3	36	62502
4	97.35	36	62524
4	97.4	37	62547
4	97.45	38	62579
4	97.5	39	62613
4	97.55	39	62649
4	97.5593	40	62651
4	97.6	40	62681
4	97.7	21	62755
4	97.75	23	62789
4	97.8	24	62806
4	97.8418	25	62824
4	97.85	25	62831
4	97.95	13	62882
4	97.9767	15	62896
4	98	15	62905
4	98.05	16	62918
4	98.2	9	62978
4	98.2003	10	62978
4	98.4009	15	63038
4	98.6149	20	63123
4	98.8288	25	63233
4	99.0427	30	63368
4	99.2567	35	63528
4	99.4706	40	63713
4	99.6857	45	63923
4	99.9129	50	64158
4	100.162	55	64418
4	100.425	60	64703
4	100.712	65	65013
4	101.027	70	65348
4	101.25	36	65588
4	101.3	38	65642
4	101.35	39	65665
4	101.4	39	65689
4	101.421	40	65702
4	101.45	40	65714
4	101.5	41	65749
4	101.55	42	65785
4	101.6	42	65822
4	101.6	42	65822
4	101.7	22	65895
4	101.75	24	65930
4	101.773	25	65942
4	101.8	25	65947
4	101.85	26	65971
4	101.9	13	65999
4	101.936	15	66013
4	102	16	66032
4	102.05	8	66045
4	102.068	10	66054
4	102.1	10	66059
4	102.2	6	66085
4	102.322	10	66109
4	102.536	15	66169
4	102.75	20	66254
4	102.964	25	66364
4	103.178	30	66499
4	103.392	35	66659
4	103.606	40	66844
4	103.821	45	67054
4	104.049	50	67289
4	104.302	55	67549
4	104.571	60	67834
4	104.861	65	68144
4	105.173	70	68479
4	105.2	35	68509
4	105.4	39	68649
4	105.41	40	68659
4	105.45	40	68686
4	105.5	41	68725
4	105.55	42	68765
4	105.6	21	68805
4	105.65	23	68841
4	105.7	24	68859
4	105.724	25	68874
4	105.75	25	68879
4	105.85	13	68940
4	105.884	15	68954
4	105.9	15	68964
4	105.95	16	68978
4	106.101	20	69039
4	106.315	25	69149
4	106.529	30	69284
4	106.743	35	69444
4	106.956	40	69629
4	107.17	45	69839
4	107.391	50	70074
4	107.631	55	70334
4	108.9	6	70582
4	108.9	6	70582
4	108.9	6	70582
4	108.9	6	70582
4	108.9	6	70582
4	108.9	6	70582
4	108.9	6	70582
4	108.9	6	70582
4	108.903	10	70585
4	108.924	15	70590
4	108.942	20	70595
4	108.947	25	70600
4	109.099	30	70711
4	109.28	35	70871
4	109.464	40	71056
4	109.664	45	71266
4	109.884	50	71501
4	110.125	55	71761
4	110.389	60	72046
4	110.676	65	72356
4	110.9	34	72598
4	110.901	35	72598
4	110.95	36	72652
4	111.15	39	72768
4	111.169	40	72783
4	111.2	40	72801
4	111.2	40	72801
4	111.25	20	72841
4	111.25	20	72841
4	111.3	22	72876
4	111.3	22	72876
4	111.35	23	72894
4	111.4	24	72914
4	111.422	25	72931
4	111.45	12	72939
4	111.507	15	72966
4	111.55	15	72981
4	111.6	8	73002
4	111.633	10	73011
4	111.65	10	73019
4	111.7	5	73032
4	111.75	4	73046
4	111.762	5	73046
4	111.85	4	73071
4	111.85	5	73071
4	111.9	3	73085
4	111.911	5	73089
4	112.036	10	73124
4	112.173	15	73184
4	112.337	20	73269
4	112.506	25	73379
4	112.684	30	73514
4	112.864	35	73674
4	113.062	40	73859
4	113.282	45	74069
4	113.512	50	74304
4	113.753	55	74564
4	114.018	60	74849
4	114.305	65	75159
4	114.35	32	75208
4	114.4	34	75262
4	114.426	35	75275
4	114.65	40	75460
4	114.65	20	75461
4	114.7	22	75499
4	114.75	23	75521
4	114.8	24	75545
4	114.806	25	75551
4	114.85	13	75579
4	114.863	15	75593
4	114.9	15	75607
4	115	9	75655
4	115.001	10	75655
4	115.05	6	75677
4	115.113	10	75701
4	115.25	15	75761
4	115.415	20	75846
4	115.586	25	75956
4	115.763	30	76091
4	115.948	35	76251
4	116.131	40	76436
4	116.327	45	76646
4	116.545	50	76881
4	116.786	55	77141
4	117.05	60	77426
4	117.337	65	77736
4	117.647	70	78071
4	117.95	37	78398
4	117.95	37	78398
4	118	39	78452
4	118.042	40	78475
4	118.05	40	78482
4	118.1	40	78509
4	118.15	41	78538
4	118.2	42	78576
4	118.25	43	78616
4	118.3	44	78659
4	118.334	45	78685
4	118.35	22	78702
4	118.4	24	78740
4	118.429	25	78749
4	118.45	25	78758
4	118.5	26	78778
4	118.55	27	78804
4	118.6	14	78836
4	118.6	15	78836
4	118.65	16	78861
4	118.7	8	78877
4	118.723	10	78886
4	118.75	10	78894
4	118.8	5	78905
4	118.8	5	78905
4	118.85	4	78919
4	118.853	5	78919
4	118.9	3	78934
4	118.915	5	78938
4	118.95	3	78946
4	118.96	5	78950
4	119.084	10	78985
4	119.229	15	79045
4	119.386	20	79130
4	119.556	25	79240
4	119.732	30	79375
4	119.91	35	79535
4	120.096	40	79720
4	120.291	45	79930
4	120.509	50	80165
4	120.75	55	80425
4	122	3	80665
4	122	3	80665
4	122	3	80665
4	122	3	80665
4	122	3	80665
4	122	3	80665
4	122	3	80665
4	122	3	80665
4	122	3	80665
4	122	3	80665
4	122	3	80665
4	122	3	80665
4	122	3	80665
4	122	3	80665
4	122	3	80665
4	122	3	80665
4	122	3	80665
4	122	3	80665
4	122	3	80665
4	122	3	80665
4	122	3	80665
4	122	3	80665
4	122.021	5	80669
4	122.102	10	80704
4	122.234	15	80764
4	122.391	20	80849
4	122.547	25	80959
4	122.71	30	81094
4	122.891	35	81254
4	123.074	40	81439
4	123.267	45	81649
4	123.482	50	81884
4	123.72	55	82144
4	123.981	60	82429
4	124.265	65	82739
4	124.4	33	82887
4	124.4	33	82887
4	124.4	33	82887
4	124.432	35	82921
4	124.55	37	83005
4	124.6	38	83045
4	124.679	40	83106
4	124.7	40	83127
4	124.75	20	83165
4	124.85	23	83225
4	124.908	25	83255
4	125	13	83305
4	125.026	15	83319
4	125.05	15	83330
4	125.1	8	83344
4	125.119	10	83353
4	125.25	6	83390
4	125.25	6	83390
4	125.25	6	83390
4	125.25	6	83390
4	125.3	4	83404
4	125.301	5	83404
4	125.35	3	83417
4	125.367	5	83421
4	125.478	10	83456
4	125.622	15	83516
4	125.771	20	83601
4	125.937	25	83711
4	126.109	30	83846
4	126.288	35	84006
4	126.488	40	84191
4	126.71	45	84401
4	126.958	50	84636
4	127.236	55	84896
4	127.534	60	85181
4	127.55	30	85199
4	127.6	32	85246
4	127.65	33	85267
4	127.7	33	85292
4	127.75	34	85318
4	127.762	35	85329
4	127.8	35	85352
4	127.85	36	85387
4	127.95	19	85457
4	127.95	19	85457
4	127.951	20	85457
4	128	21	85489
4	128.05	22	85510
4	128.1	11	85535
4	128.2	7	85568
4	128.25	4	85581
4	128.254	5	85581
4	128.3	3	85590
4	128.308	5	85594
4	128.35	3	85601
4	128.389	5	85605
4	128.45	3	85620
4	128.473	5	85624
4	128.5	3	85631
4	128.518	5	85635
4	128.55	3	85641
4	128.561	5	85645
4	128.685	10	85680
4	128.819	15	85740
4	128.982	20	85825
4	129.15	25	85935
4	129.324	30	86070
4	129.523	35	86230
4	129.734	40	86415
4	129.978	45	86625
4	130.248	50	86860
4	130.554	55	87120
4	130.7	28	87246
4	130.7	28	87246
4	130.739	30	87275
4	130.75	30	87288
4	130.8	31	87308
4	130.85	31	87329
4	130.95	33	87382
4	130.95	33	87382
4	131	34	87417
4	131.034	35	87435
4	131.05	17	87450
4	131.1	19	87479
4	131.128	20	87487
4	131.15	20	87494
4	131.2	21	87513
4	131.2	21	87513
4	131.3	11	87565
4	131.35	13	87587
4	131.4	7	87601
4	131.45	4	87616
4	131.459	5	87616
4	131.589	10	87651
4	131.6	5	87659
4	131.65	3	87672
4	131.675	5	87676
4	131.7	3	87683
4	131.719	5	87687
4	131.844	10	87722
4	131.976	15	87782
4	132.14	20	87867
4	132.308	25	87977
4	132.481	30	88112
4	132.659	35	88272
4	132.843	40	88457
4	133.037	45	88667
4	133.252	50	88902
4	133.493	55	89162
4	133.769	60	89447
4	134.071	65	89757
4	134.2	33	89889
4	134.234	35	89923
4	134.3	36	89963
4	134.3	36	89963
4	134.45	38	90046
4	134.45	38	90046
4	134.45	38	90046
4	134.5	39	90081
4	134.5	39	90081
4	134.5	39	90081
4	134.54	40	90108
4	134.55	40	90119
4	134.6	20	90160
4	134.65	22	90196
4	134.7	23	90215
4	134.765	25	90250
4	134.8	12	90265
4	134.8	12	90265
4	134.856	15	90292
4	134.9	8	90309
4	134.9	8	90309
4	134.937	10	90318
4	135	5	90337
4	135.05	3	90350
4	135.066	5	90354
4	135.1	3	90360
4	135.11	5	90364
4	135.2	4	90391
4	135.2	5	90391
4	135.323	10	90426
4	135.468	15	90486
4	135.623	20	90571
4	135.791	25	90681
4	136.9	5	90747
4	136.9	5	90747
4	136.9	5	90747
4	136.9	5	90747
4	136.9	5	90747
4	136.9	5	90747
4	136.9	5	90747
4	136.9	5	90747
4	136.9	5	90747
4	136.9	5	90747
4	136.9	5	90747
4	136.9	5	90747
4	136.9	5	90747
4	136.9	5	90747
4	136.9	5	90747
4	136.9	5	90747
4	136.9	5	90747
4	136.9	5	90747
4	136.9	5	90747
4	136.9	5	90747
4	136.9	5	90747
4	136.9	5	90747
4	136.9	5	90747
4	136.9	5	90747
4	136.924	10	90751
4	136.928	15	90756
4	136.945	20	90761
4	136.949	25	90766
4	137.125	30	90877
4	137.334	35	91037
4	137.553	40	91222
4	137.793	45	91432
4	137.95	24	91573
4	137.95	24	91573
4	137.95	24	91573
4	137.95	24	91573
4	137.951	25	91573
4	138.15	30	91708
4	138.36	35	91868
4	138.582	40	92053
4	138.8	22	92245
4	138.85	24	92289
4	138.873	25	92292
4	138.9	25	92315
4	138.95	26	92343
4	139.058	30	92427
4	139.263	35	92587
4	139.481	40	92772
4	139.734	45	92982
4	139.8	23	93032
4	139.826	25	93056
4	140.055	30	93191
4	140.3	35	93351
4	140.45	19	93465
4	140.459	20	93465
4	140.5	21	93500
4	140.55	22	93520
4	140.6	11	93542
4	140.65	13	93565
4	140.695	15	93581
4	140.7	7	93587
4	140.75	9	93604
4	140.757	10	93604
4	140.8	5	93619
4	140.906	10	93649
4	141.053	15	93709
4	141.224	20	93794
4	141.407	25	93904
4	141.595	30	94039
4	141.806	35	94199
4	142.055	40	94384
4	142.343	45	94594
4	142.654	50	94829
4	142.8	26	94937
4	142.85	28	94974
4	142.9	28	94991
4	142.95	29	95009
4	142.977	30	95021
4	143	30	95028
4	143.05	31	95055
4	143.1	31	95082
4	143.15	16	95110
4	143.2	18	95135
4	143.25	19	95148
4	143.3	19	95163
4	143.303	20	95164
4	143.35	10	95186
4	143.4	12	95204
4	143.5	7	95227
4	143.55	4	95240
4	143.557	5	95240
4	143.6	3	95249
4	143.605	5	95253
4	143.7	3	95271
4	143.732	5	95275
4	143.75	2	95280
4	143.785	5	95287
4	143.8	2	95288
4	143.828	5	95295
4	143.959	10	95330
4	144.118	15	95390
4	144.287	20	95475
4	144.475	25	95585
4	144.689	30	95720
4	144.914	35	95880
4	145.123	40	96065
4	145.333	45	96275
4	145.55	50	96510
4	145.7	26	96673
4	145.75	28	96727
4	145.793	30	96757
4	145.8	30	96758
4	145.85	31	96793
4	145.99	35	96917
4	146.182	40	97102
4	146.395	45	97312
4	146.63	50	97547
4	146.888	55	97807
4	147.17	60	98092
4	147.478	65	98402
4	147.5	32	98423
4	147.55	34	98473
4	147.59	35	98490
4	147.6	35	98496
4	147.65	35	98520
4	147.7	36	98549
4	147.75	37	98584
4	147.8	38	98616
4	147.85	39	98655
4	147.882	40	98675
4	147.9	20	98691
4	147.95	22	98725
4	148	23	98743
4	148.068	25	98781
4	148.1	12	98792
4	148.15	14	98814
4	148.177	15	98819
4	148.2	15	98828
4	148.25	8	98844
4	148.267	10	98853
4	148.3	5	98860
4	148.4	4	98886
4	148.401	5	98886
4	148.45	3	98897
4	148.479	5	98901
4	148.5	2	98906
4	148.524	5	98913
4	148.655	10	98948
4	148.821	15	99008
4	148.99	20	99093
4	149.165	25	99203
4	149.356	30	99338
4	149.538	35	99498
4	149.727	40	99683
4	149.935	45	99893
4	150.168	50	100128
4	150.427	55	100388
4	150.708	60	100673
4	151.9	2	100830
4	151.9	2	100830
4	151.9	2	100830
4	151.9	2	100830
4	151.9	2	100830
4	151.9	2	100830
4	151.9	2	100830
4	151.9	2	100830
4	151.9	2	100830
4	151.9	2	100830
4	151.9	2	100830
4	151.9	2	100830
4	151.9	2	100830
4	151.926	5	100837
4	152.052	10	100872
4	152.194	15	100932
4	152.362	20	101017
4	152.535	25	101127
4	152.727	30	101262
4	152.909	35	101422
4	153.114	40	101607
4	153.333	45	101817
4	153.567	50	102052
4	153.81	55	102312
4	154.074	60	102597
4	154.362	65	102907
4	154.5	33	103057
4	154.532	35	103091
4	154.55	35	103111
4	154.75	39	103259
4	154.766	40	103276
4	154.8	40	103303
4	154.85	20	103349
4	154.9	22	103388
4	154.95	23	103410
4	155.005	25	103439
4	155.214	30	103574
4	155.4	17	103721
4	155.4	17	103721
4	155.45	19	103758
4	155.468	20	103758
4	155.5	10	103781
4	155.608	15	103831
4	155.777	20	103916
4	155.95	25	104026
4	156.129	30	104161
4	156.32	35	104321
4	156.507	40	104506
4	156.705	45	104716
4	156.922	50	104951
4	157.163	55	105211
4	157.427	60	105496
4	157.715	65	105806
4	158.025	70	106141
4	158.35	37	106492
4	158.4	39	106546
4	158.445	40	106569
4	158.45	40	106570
4	158.5	40	106594
4	158.55	41	106620
4	158.6	42	106655
4	158.65	42	106691
4	158.65	42	106691
4	158.7	43	106730
4	158.7	43	106730
4	158.75	44	106769
4	158.75	44	106769
4	158.75	44	106769
4	158.766	45	106779
4	158.8	22	106811
4	158.8	22	106811
4	158.85	24	106852
4	158.85	24	106852
4	158.875	25	106858
4	158.95	26	106897
4	159	27	106928
4	159.05	14	106964
4	159.051	15	106964
4	159.1	16	106993
4	159.2	9	107030
4	159.204	10	107030
4	159.25	5	107051
4	159.3	4	107066
4	159.3	5	107066
4	159.404	10	107101
4	159.562	15	107161
4	159.731	20	107246
4	159.905	25	107356
4	160.086	30	107491
4	160.276	35	107651
4	160.47	40	107836
4	160.692	45	108046
4	160.936	50	108281
4	161.204	55	108541
4	161.496	60	108826
4	161.7	31	109027
4	161.75	33	109076
4	161.8	34	109099
4	161.85	34	109123
4	161.857	35	109126
4	161.9	35	109153
4	161.95	36	109187
4	162	37	109221
4	162.05	19	109258
4	162.051	20	109258
4	162.1	21	109290
4	162.15	22	109307
4	162.25	12	109354
4	162.328	15	109381
4	162.35	7	109387
4	162.4	9	109400
4	162.416	10	109404
4	162.45	5	109409
4	162.5	3	109421
4	162.504	5	109425
4	162.6	3	109441
4	162.629	5	109445
4	162.65	2	109450
4	162.675	5	109457
4	162.7	2	109458
4	162.718	5	109465
4	162.848	10	109500
4	163.015	15	109560
4	163.184	20	109645
4	163.359	25	109755
4	163.55	30	109890
4	163.731	35	110050
4	163.921	40	110235
4	164.132	45	110445
4	164.367	50	110680
4	165.6	2	110913
4	165.6	2	110913
4	165.6	2	110913
4	165.6	2	110913
4	165.6	2	110913
4	165.6	2	110913
4	165.6	2	110913
4	165.6	2	110913
4	165.6	2	110913
4	165.6	2	110913
4	165.6	2	110913
4	165.6	2	110913
4	165.6	2	110913
4	165.6	2	110913
4	165.6	2	110913
4	165.6	2	110913
4	165.6	2	110913
4	165.6	2	110913
4	165.6	2	110913
4	165.6	2	110913
4	165.6	2	110913
4	165.6	2	110913
4	165.6	2	110913
4	165.6	2	110913
4	165.6	2	110913
4	165.6	2	110913
4	165.6	2	110913
4	165.6	2	110913
4	165.6	2	110913
4	165.6	2	110913
4	165.6	2	110913
4	165.6	2	110913
4	165.6	2	110913
4	165.6	2	110913
4	165.6	2	110913
4	165.6	2	110913
4	165.6	2	110913
4	165.6	2	110913
4	165.6	2	110913
4	165.6	2	110913
4	165.6	2	110913
4	165.6	2	110913
4	165.6	2	110913
4	165.6	2	110913
4	165.6	2	110913
4	165.6	2	110913
4	165.6	2	110913
4	165.643	5	110920
4	165.711	10	110955
4	165.875	15	111015
4	166.043	20	111100
4	166.217	25	111210
4	166.394	30	111345
4	166.578	35	111505
4	166.784	40	111690
4	167.007	45	111900
4	167.261	50	112135
4	167.544	55	112395
4	167.851	60	112680
4	167.95	30	112772
4	168	32	112818
4	168.05	33	112839
4	168.1	33	112861
4	168.15	34	112884
4	168.17	35	112902
4	168.2	35	112915
4	168.25	36	112950
4	168.3	18	112985
4	168.333	20	113004
4	168.35	20	113015
4	168.4	21	113030
4	168.45	22	113047
4	168.5	11	113068
4	168.55	13	113088
4	168.609	15	113107
4	168.65	7	113120
4	168.7	9	113134
4	168.721	10	113137
4	168.75	5	113144
4	168.8	3	113155
4	168.808	5	113159
4	168.9	4	113181
4	168.909	5	113181
4	168.95	3	113192
4	168.978	5	113196
4	169.108	10	113231
4	169.271	15	113291
4	169.438	20	113376
4	169.61	25	113486
4	169.79	30	113621
4	169.974	35	113781
4	170.179	40	113966
4	170.402	45	114176
4	170.654	50	114411
4	170.929	55	114671
4	171.23	60	114956
4	171.35	30	115069
4	171.4	32	115117
4	171.45	33	115138
4	171.5	33	115161
4	171.564	35	115199
4	171.6	35	115220
4	171.65	36	115254
4	171.7	18	115290
4	171.732	20	115309
4	171.75	20	115320
4	171.8	21	115335
4	171.85	22	115352
4	171.9	11	115374
4	171.95	13	115394
4	172	7	115408
4	172.05	4	115421
4	172.059	5	115421
4	172.15	3	115437
4	172.154	5	115441
4	172.2	3	115449
4	172.237	5	115453
4	172.25	3	115459
4	172.281	5	115463
4	172.3	2	115468
4	172.329	5	115475
4	172.457	10	115510
4	172.624	15	115570
4	172.793	20	115655
4	172.968	25	115765
4	173.159	30	115900
4	173.346	35	116060
4	173.535	40	116245
4	173.748	45	116455
4	173.98	50	116690
4	174.238	55	116950
4	174.523	60	117235
4	174.831	65	117545
4	174.85	32	117566
4	174.9	34	117616
4	174.94	35	117633
4	174.95	35	117639
4	175	35	117663
4	175.05	36	117689
4	175.1	37	117723
4	175.15	38	117759
4	175.2	39	117798
4	175.232	40	117818
4	175.25	20	117834
4	175.3	22	117868
4	175.35	23	117886
4	175.42	25	117924
4	175.45	12	117936
4	175.5	14	117958
4	175.529	15	117963
4	175.55	15	117971
4	175.6	8	117987
4	175.617	10	117996
4	175.65	5	118003
4	175.75	4	118030
4	175.751	5	118030
4	175.8	3	118041
4	175.83	5	118045
4	175.85	2	118050
4	175.876	5	118057
4	176.006	10	118092
4	176.173	15	118152
4	176.342	20	118237
4	176.517	25	118347
4	176.708	30	118482
4	176.889	35	118642
4	177.078	40	118827
4	177.287	45	119037
4	177.515	50	119272
4	177.764	55	119532
4	178.038	60	119817
4	178.335	65	120127
4	178.45	33	120248
4	178.484	35	120282
4	178.5	35	120300
4	178.6	36	120350
4	178.65	37	120378
4	178.7	38	120414
4	178.75	39	120452
4	178.778	40	120467
4	178.8	20	120492
4	178.85	22	120525
4	178.9	23	120542
4	178.95	24	120561
4	178.997	25	120582
4	179	12	120586
4	179.05	14	120608
4	179.069	15	120613
4	179.1	15	120625
4	179.2	8	120659
4	179.22	10	120668
4	179.25	10	120676
4	179.3	5	120689
4	179.35	4	120704
4	179.351	5	120704
4	179.4	3	120717
4	179.419	5	120721
4	179.558	10	120756
4	179.7	15	120816
4	179.87	20	120901
4	181.05	2	120996
4	181.05	2	120996
4	181.05	2	120996
4	181.05	2	120996
4	181.05	2	120996
4	181.05	2	120996
4	181.05	2	120996
4	181.05	2	120996
4	181.05	2	120996
4	181.05	2	120996
4	181.05	2	120996
4	181.05	2	120996
4	181.05	2	120996
4	181.05	2	120996
4	181.05	2	120996
4	181.089	5	121003
4	181.195	10	121038
4	181.35	15	121098
4	181.519	20	121183
4	181.696	25	121293
4	181.873	30	121428
4	182.064	35	121588
4	182.258	40	121773
4	182.48	45	121983
4	182.724	50	122218
4	182.991	55	122478
4	183.287	60	122763
4	183.5	31	122971
4	183.55	33	123020
4	183.6	34	123041
4	183.65	34	123064
4	183.664	35	123070
4	183.7	35	123088
4	183.75	36	123122
4	183.8	37	123158
4	183.85	19	123195
4	183.85	20	123195
4	183.9	21	123226
4	183.95	22	123242
4	184	11	123260
4	184.05	13	123279
4	184.11	15	123299
4	184.15	7	123310
4	184.2	9	123323
4	184.229	10	123327
4	184.25	5	123332
4	184.3	3	123342
4	184.316	5	123346
4	184.35	2	123350
4	184.398	5	123357
4	184.45	3	123372
4	184.485	5	123376
4	184.5	3	123382
4	184.528	5	123386
4	184.657	10	123421
4	184.821	15	123481
4	184.988	20	123566
4	185.16	25	123676
4	185.338	30	123811
4	185.523	35	123971
4	185.736	40	124156
4	185.971	45	124366
4	186.228	50	124601
4	186.509	55	124861
4	186.822	60	125146
4	186.85	30	125168
4	186.9	32	125214
4	186.95	33	125234
4	187	33	125256
4	187.05	34	125279
4	187.069	35	125298
4	187.1	35	125311
4	187.15	36	125346
4	187.2	18	125382
4	187.233	20	125401
4	187.25	20	125412
4	187.3	21	125427
4	187.35	22	125444
4	187.4	11	125465
4	187.5	7	125500
4	187.55	4	125512
4	187.566	5	125512
4	187.6	3	125520
4	187.623	5	125524
4	187.65	2	125526
4	187.7	2	125532
4	187.747	5	125539
4	187.8	3	125554
4	187.834	5	125558
4	187.85	3	125564
4	187.878	5	125568
4	188.006	10	125603
4	188.17	15	125663
4	188.337	20	125748
4	188.509	25	125858
4	188.688	30	125993
4	188.88	35	126153
4	189.106	40	126338
4	189.355	45	126548
4	189.627	50	126783
4	189.933	55	127043
4	190.1	28	127181
4	190.131	30	127210
4	190.15	30	127224
4	190.2	31	127242
4	190.25	31	127262
4	190.3	32	127288
4	190.35	33	127318
4	190.4	34	127350
4	190.437	35	127370
4	190.45	17	127378
4	190.5	19	127406
4	190.526	20	127415
4	190.55	20	127420
4	190.6	21	127436
4	190.65	11	127462
4	190.7	13	127481
4	190.775	15	127501
4	190.8	7	127506
4	190.85	9	127520
4	190.86	10	127523
4	190.9	5	127532
4	190.95	4	127548
4	190.954	5	127548
4	191.05	4	127567
4	191.066	5	127567
4	191.1	3	127578
4	191.116	5	127582
4	191.244	10	127617
4	191.408	15	127677
4	191.575	20	127762
4	191.747	25	127872
4	191.925	30	128007
4	192.109	35	128167
4	192.313	40	128352
4	192.533	45	128562
4	192.781	50	128797
4	193.059	55	129057
4	193.36	60	129342
4	193.5	31	129477
4	193.55	33	129525
4	193.6	34	129546
4	193.65	34	129569
4	193.663	35	129576
4	193.7	35	129595
4	193.75	36	129629
4	193.8	37	129665
4	193.85	19	129700
4	193.851	20	129700
4	193.9	21	129731
4	193.95	22	129747
4	194.05	12	129789
4	194.1	14	129809
4	194.132	15	129816
4	194.15	7	129822
4	194.2	9	129835
4	194.219	10	129839
4	194.25	5	129844
4	194.3	3	129854
4	194.306	5	129858
4	194.4	3	129876
4	194.432	5	129880
4	194.45	2	129885
4	194.479	5	129892
4	194.5	2	129893
4	194.521	5	129900
4	194.652	10	129935
4	194.818	15	129995
4	194.987	20	130080
4	195.162	25	130190
4	195.353	30	130325
4	195.543	35	130485
4	195.758	40	130670
4	196.007	45	130880
4	197.25	2	131079
4	197.25	2	131079
4	197.25	2	131079
4	197.25	2	131079
4	197.25	2	131079
4	197.25	2	131079
4	197.25	2	131079
4	197.25	2	131079
4	197.25	2	131079
4	197.25	2	131079
4	197.25	2	131079
4	197.25	2	131079
4	197.25	2	131079
4	197.25	2	131079
4	197.25	2	131079
4	197.25	2	131079
4	197.25	2	131079
4	197.25	2	131079
4	197.25	2	131079
4	197.25	2	131079
4	197.25	2	131079
4	197.25	2	131079
4	197.25	2	131079
4	197.25	2	131079
4	197.25	2	131079
4	197.25	2	131079
4	197.25	2	131079
4	197.25	2	131079
4	197.25	2	131079
4	197.25	2	131079
4	197.25	2	131079
4	197.25	2	131079
4	197.25	2	131079
4	197.25	2	131079
4	197.25	2	131079
4	197.25	2	131079
4	197.25	2	131079
4	197.292	5	131086
4	197.378	10	131121
4	197.526	15	131181
4	197.695	20	131266
4	197.87	25	131376
4	198.061	30	131511
4	198.242	35	131671
4	198.431	40	131856
4	198.626	45	132066
4	198.843	50	132301
4	199.082	55	132561
4	199.345	60	132846
4	199.631	65	133156
4	199.9	34	133449
4	199.901	35	133449
4	199.95	36	133503
