5	1.04647	10	4
5	1.08924	15	9
5	1.09387	20	14
5	1.1329	25	19
5	1.31904	30	130
5	1.55641	35	290
5	1.77969	40	475
5	2.00407	45	685
5	2.1	23	777
5	2.1	23	777
5	2.12343	25	801
5	2.33745	30	936
5	2.55146	35	1096
5	2.76548	40	1281
5	2.98554	45	1491
5	3.22634	50	1726
5	3.48418	55	1986
5	3.75071	60	2271
5	4.03789	65	2581
5	4.3	34	2864
5	4.30006	35	2864
5	4.5	39	3014
5	4.54647	40	3049
5	4.65	21	3136
5	4.77812	25	3205
5	5.0657	30	3340
5	5.1	15	3355
5	5.15	17	3380
5	5.2	18	3397
5	5.25	9	3416
5	5.25467	10	3416
5	5.3	11	3432
5	5.3	11	3432
5	5.45371	15	3476
5	5.66772	20	3561
5	5.88174	25	3671
5	6.09576	30	3806
5	6.30977	35	3966
5	6.52379	40	4151
5	6.7378	45	4361
5	6.95681	50	4596
5	7.19768	55	4856
5	7.4617	60	5141
5	7.74888	65	5451
5	8.05923	70	5786
5	8.3	36	6046
5	8.35	38	6100
5	8.4	39	6124
5	8.45	39	6148
5	8.46926	40	6160
5	8.5	40	6174
5	8.55	41	6209
5	8.6	42	6247
5	8.65	43	6286
5	8.7	43	6321
5	8.76333	45	6370
5	8.8	22	6400
5	8.85	24	6437
5	8.87877	25	6447
5	8.9	25	6454
5	8.95	26	6477
5	9	27	6503
5	9.1	14	6562
5	9.1047	15	6562
5	9.15	16	6587
5	9.2	17	6602
5	9.3	9	6638
5	9.30031	10	6638
5	9.48079	15	6698
5	9.69481	20	6783
5	9.90882	25	6893
5	10.1228	30	7028
5	10.3369	35	7188
5	10.5509	40	7373
5	10.7649	45	7583
5	10.9839	50	7818
5	11.2248	55	8078
5	11.4888	60	8363
5	11.776	65	8673
5	12.0863	70	9008
5	12.3	36	9239
5	12.35	38	9293
5	12.4	39	9317
5	12.45	39	9341
5	12.4695	40	9353
5	12.5	40	9367
5	12.55	41	9402
5	12.65	43	9478
5	12.7	43	9512
5	12.75	22	9547
5	12.8	24	9582
5	12.8248	25	9594
5	12.85	25	9598
5	12.95	13	9646
5	12.9877	15	9660
5	13	15	9666
5	13.05	16	9677
5	13.1	16	9689
5	13.2	9	9722
5	13.2008	10	9722
5	13.25	5	9738
5	13.3	3	9747
5	13.3255	5	9751
5	13.5396	10	9786
5	13.7536	15	9846
5	13.9676	20	9931
5	14.1816	25	10041
5	15.3	3	10084
5	15.3	3	10084
5	15.3	3	10084
5	15.3	3	10084
5	15.3	3	10084
5	15.3	3	10084
5	15.3	3	10084
5	15.3	3	10084
5	15.3209	5	10088
5	15.4263	10	10123
5	15.5785	15	10183
5	15.7432	20	10268
5	15.9116	25	10378
5	16.0854	30	10513
5	16.2648	35	10673
5	16.4566	40	10858
5	16.6648	45	11068
5	16.8991	50	11303
5	17.1564	55	11563
5	17.4358	60	11848
5	17.7235	65	12158
5	17.75	32	12187
5	17.8	34	12242
5	17.8279	35	12254
5	17.85	35	12276
5	17.9	36	12308
5	17.9	36	12308
5	17.95	37	12348
5	18	38	12393
5	18.05	40	12439
5	18.1	20	12488
5	18.15	22	12530
5	18.2	24	12555
5	18.2267	25	12578
5	18.25	12	12586
5	18.2901	15	12613
5	18.3	15	12615
5	18.4448	20	12698
5	18.6144	25	12808
5	18.7943	30	12943
5	18.9774	35	13103
5	19.1604	40	13288
5	19.354	45	13498
5	19.57	50	13733
5	19.809	55	13993
5	20.0709	60	14278
5	20.3559	65	14588
5	20.6	34	14854
5	20.6004	35	14854
5	20.65	36	14908
5	20.7	37	14935
5	20.75	37	14962
5	20.8	38	14994
5	20.85	39	15033
5	20.8558	40	15039
5	20.9	40	15074
5	20.95	20	15117
5	21	22	15153
5	21.05	23	15171
5	21.1	24	15191
5	21.1189	25	15207
5	21.15	12	15218
5	21.2	14	15242
5	21.2063	15	15245
5	21.3	8	15280
5	21.331	10	15289
5	21.35	10	15297
5	21.4	5	15310
5	21.45	4	15324
5	21.4593	5	15324
5	21.5	3	15336
5	21.5076	5	15340
5	21.6	4	15364
5	21.6012	5	15364
5	21.716	10	15399
5	21.8588	15	15459
5	22.0164	20	15544
5	22.1857	25	15654
5	22.3621	30	15789
5	22.5408	35	15949
5	22.7271	40	16134
5	22.9206	45	16344
5	23.1366	50	16579
5	23.3756	55	16839
5	23.6376	60	17124
5	23.9225	65	17434
5	24.2	34	17736
5	24.2	34	17736
5	24.2001	35	17736
5	24.25	36	17791
5	24.3	37	17818
5	24.35	38	17845
5	24.4	38	17877
5	24.45	39	17916
5	24.4554	40	17921
5	24.5	40	17956
5	24.55	41	17999
5	24.6	21	18041
5	24.7	24	18098
5	24.7194	25	18110
5	24.75	25	18119
5	24.8	13	18151
5	24.8132	15	18165
5	24.85	15	18176
5	24.9	8	18195
5	24.9232	10	18204
5	24.95	5	18212
5	25	3	18224
5	25.0225	5	18228
5	25.1	3	18243
5	25.109	5	18247
5	25.15	3	18255
5	25.1546	5	18259
5	25.2	3	18270
5	25.2146	5	18274
5	25.3374	10	18309
5	25.4848	15	18369
5	25.6378	20	18454
5	25.8071	25	18564
5	25.9881	30	18699
5	26.1656	35	18859
5	26.3505	40	19044
5	26.544	45	19254
5	26.76	50	19489
5	26.999	55	19749
5	27.261	60	20034
5	28.4	2	20166
5	28.4	2	20166
5	28.4	2	20166
5	28.4	2	20166
5	28.4	2	20166
5	28.4	2	20166
5	28.4	2	20166
5	28.4	2	20166
5	28.4	2	20166
5	28.4	2	20166
5	28.4	2	20166
5	28.4	2	20166
5	28.4	2	20166
5	28.4	2	20166
5	28.4	2	20166
5	28.4	2	20166
5	28.4	2	20166
5	28.4	2	20166
5	28.4	2	20166
5	28.4	2	20166
5	28.4	2	20166
5	28.4	2	20166
5	28.4	2	20166
5	28.4	2	20166
5	28.4	2	20166
5	28.4	2	20166
5	28.4	2	20166
5	28.4	2	20166
5	28.4	2	20166
5	28.4	2	20166
5	28.4	2	20166
5	28.4	2	20166
5	28.4	2	20166
5	28.4	2	20166
5	28.4	2	20166
5	28.4418	5	20173
5	28.5274	10	20208
5	28.6649	15	20268
5	28.836	20	20353
5	29.0278	25	20463
5	29.2045	30	20598
5	29.3875	35	20758
5	29.5784	40	20943
5	29.7734	45	21153
5	29.9894	50	21388
5	30.2284	55	21648
5	30.4904	60	21933
5	30.7753	65	22243
5	31.05	34	22542
5	31.0502	35	22542
5	31.1	36	22597
5	31.15	37	22622
5	31.2	37	22648
5	31.25	38	22678
5	31.3	39	22716
5	31.3109	40	22727
5	31.35	40	22755
5	31.4	41	22797
5	31.45	21	22835
5	31.55	24	22890
5	31.5704	25	22904
5	31.6	25	22911
5	31.65	13	22942
5	31.6831	15	22956
5	31.7	15	22966
5	31.75	8	22981
5	31.7732	10	22990
5	31.8	5	22997
5	31.85	3	23008
5	31.8625	5	23012
5	31.95	3	23028
5	31.9662	5	23032
5	32	3	23038
5	32.029	5	23042
5	32.05	3	23048
5	32.0727	5	23052
5	32.201	10	23087
5	32.3648	15	23147
5	32.5322	20	23232
5	32.7043	25	23342
5	32.8818	30	23477
5	33.0703	35	23637
5	33.2613	40	23822
5	33.4724	45	24032
5	33.7023	50	24267
5	33.9506	55	24527
5	34.2191	60	24812
5	34.508	65	25122
5	34.6	33	25222
5	34.6319	35	25256
5	34.65	35	25276
5	34.8	37	25362
5	34.8	37	25362
5	34.85	38	25399
5	34.9	39	25439
5	34.9024	40	25441
5	35	20	25521
5	35.1	23	25575
5	35.15	24	25597
5	35.1637	25	25611
5	35.2	12	25627
5	35.25	14	25650
5	35.2773	15	25654
5	35.3	15	25664
5	35.35	8	25680
5	35.3656	10	25689
5	35.4	5	25697
5	35.45	3	25710
5	35.4539	5	25714
5	35.585	10	25749
5	35.6	5	25751
5	35.706	10	25781
5	35.845	15	25841
5	36.0147	20	25926
5	36.2065	25	26036
5	36.3831	30	26171
5	36.5662	35	26331
5	36.7571	40	26516
5	36.9521	45	26726
5	37.1681	50	26961
5	37.4071	55	27221
5	37.669	60	27506
5	37.954	65	27816
5	38.25	34	28139
5	38.2509	35	28139
5	38.3	36	28193
5	38.35	37	28219
5	38.4	37	28245
5	38.45	38	28274
5	38.5	39	28312
5	38.5117	40	28324
5	38.55	40	28352
5	38.6	41	28394
5	38.65	21	28432
5	38.7	23	28469
5	38.75	24	28488
5	38.7702	25	28501
5	38.8	25	28509
5	38.9	13	28574
5	38.9321	15	28588
5	38.95	15	28599
5	39	16	28615
5	39.05	8	28632
5	39.0641	10	28641
5	39.1	10	28651
5	39.15	6	28668
5	39.2306	10	28692
5	39.25	5	28703
5	39.3599	10	28733
5	39.5	15	28793
5	39.6685	20	28878
5	39.8433	25	28988
5	40.0352	30	29123
5	40.2173	35	29283
5	40.4082	40	29468
5	40.6027	45	29678
5	40.8187	50	29913
5	41.0577	55	30173
5	42.15	5	30249
5	42.15	5	30249
5	42.15	5	30249
5	42.15	5	30249
5	42.15	5	30249
5	42.15	5	30249
5	42.15	5	30249
5	42.15	5	30249
5	42.15	5	30249
5	42.15	5	30249
5	42.15	5	30249
5	42.15	5	30249
5	42.15	5	30249
5	42.15	5	30249
5	42.15	5	30249
5	42.15	5	30249
5	42.15	5	30249
5	42.15	5	30249
5	42.15	5	30249
5	42.15	5	30249
5	42.15	5	30249
5	42.15	5	30249
5	42.15	5	30249
5	42.15	5	30249
5	42.15	5	30249
5	42.15	5	30249
5	42.15	5	30249
5	42.15	5	30249
5	42.15	5	30249
5	42.1721	10	30253
5	42.1766	15	30258
5	42.1929	20	30263
5	42.1974	25	30268
5	42.3767	30	30379
5	42.5907	35	30539
5	42.8046	40	30724
5	43.0198	45	30934
5	43.2	24	31118
5	43.2	24	31118
5	43.2	24	31118
5	43.2	24	31118
5	43.2	24	31118
5	43.2008	25	31118
5	43.3669	30	31253
5	43.5561	35	31413
5	43.7437	40	31598
5	43.9421	45	31808
5	44.163	50	32043
5	44.4065	55	32303
5	44.6729	60	32588
5	44.9615	65	32898
5	45.2	34	33158
5	45.2004	35	33158
5	45.25	36	33212
5	45.3	37	33238
5	45.35	37	33265
5	45.4	38	33296
5	45.45	39	33334
5	45.4584	40	33343
5	45.5	40	33374
5	45.55	20	33415
5	45.6	22	33450
5	45.65	23	33468
5	45.7	24	33488
5	45.7179	25	33505
5	45.75	12	33517
5	45.8	14	33540
5	45.8174	15	33544
5	45.95	9	33593
5	45.9511	10	33593
5	46	5	33611
5	46.05	3	33623
5	46.0685	5	33627
5	46.1	2	33632
5	46.115	5	33639
5	46.15	2	33641
5	46.1587	5	33648
5	46.3133	10	33683
5	46.4553	15	33743
5	46.6246	20	33828
5	46.7994	25	33938
5	46.9903	30	34073
5	47.1715	35	34233
5	47.3609	40	34418
5	47.5602	45	34628
5	47.7806	50	34863
5	48.0238	55	35123
5	48.2911	60	35408
5	48.5796	65	35718
5	48.8	34	35958
5	48.8002	35	35958
5	48.85	36	36013
5	48.9	37	36038
5	48.95	37	36065
5	49	38	36097
5	49.05	39	36134
5	49.0596	40	36143
5	49.1	40	36173
5	49.15	20	36214
5	49.2	22	36249
5	49.25	23	36267
5	49.3	24	36287
5	49.3185	25	36304
5	49.35	12	36315
5	49.4092	15	36342
5	49.45	15	36355
5	49.55	9	36391
5	49.5511	10	36391
5	49.6	5	36409
5	49.65	3	36421
5	49.6622	5	36425
5	49.75	3	36443
5	49.7559	5	36447
5	49.8	3	36457
5	49.8314	5	36461
5	49.9598	10	36496
5	50.1235	15	36556
5	50.291	20	36641
5	50.463	25	36751
5	50.6406	30	36886
5	50.8246	35	37046
5	51.0164	40	37231
5	51.2123	45	37441
5	51.4288	50	37676
5	51.6696	55	37936
5	51.936	60	38221
5	52.2263	65	38531
5	52.5	34	38824
5	52.5001	35	38824
5	52.55	36	38878
5	52.55	36	38878
5	52.6	37	38902
5	52.65	37	38928
5	52.7	38	38957
5	52.75	39	38994
5	52.765	40	39009
5	52.8	40	39032
5	52.85	41	39073
5	52.9	21	39112
5	52.95	23	39148
5	53	24	39167
5	53.022	25	39181
5	53.05	25	39188
5	53.15	13	39252
5	53.1821	15	39266
5	53.2	15	39277
5	53.25	16	39292
5	53.3	8	39309
5	53.3141	10	39318
5	53.35	10	39327
5	53.45	7	39366
5	53.5	4	39383
5	53.5214	5	39383
5	53.6172	10	39418
5	53.7828	15	39478
5	53.952	20	39563
5	54.1259	25	39673
5	54.3053	30	39808
5	54.4971	35	39968
5	54.685	40	40153
5	55.9	3	40333
5	55.9	3	40333
5	55.9	3	40333
5	55.9	3	40333
5	55.9	3	40333
5	55.9	3	40333
5	55.9	3	40333
5	55.9	3	40333
5	55.9209	5	40337
5	56.0263	10	40372
5	56.1786	15	40432
5	56.3433	20	40517
5	56.5117	25	40627
5	56.6857	30	40762
5	56.8652	35	40922
5	57.0614	40	41107
5	57.2738	45	41317
5	57.5135	50	41552
5	57.7762	55	41812
5	58.0665	60	42097
5	58.3	31	42331
5	58.35	33	42380
5	58.4	34	42403
5	58.45	34	42427
5	58.4621	35	42430
5	58.5	35	42452
5	58.55	36	42486
5	58.6	37	42523
5	58.65	19	42562
5	58.6504	20	42562
5	58.7	21	42594
5	58.75	22	42611
5	58.8	11	42630
5	58.85	13	42650
5	58.9	7	42665
5	58.95	4	42680
5	58.9553	5	42680
5	59.05	3	42696
5	59.0682	5	42700
5	59.1	2	42704
5	59.15	2	42711
5	59.1927	5	42718
5	59.2	3	42726
5	59.2383	5	42730
5	59.25	3	42736
5	59.2811	5	42740
5	59.4058	10	42775
5	59.5406	15	42835
5	59.7063	20	42920
5	59.8765	25	43030
5	60.0513	30	43165
5	60.233	35	43325
5	60.4412	40	43510
5	60.6644	45	43720
5	60.9178	50	43955
5	61.2017	55	44215
5	61.5086	60	44500
5	61.55	30	44537
5	61.6	32	44584
5	61.65	33	44605
5	61.7	33	44628
5	61.75	34	44660
5	61.7649	35	44667
5	61.8	35	44692
5	61.85	36	44721
5	61.9	18	44758
5	61.9244	20	44777
5	61.95	20	44789
5	62	21	44805
5	62.05	22	44825
5	62.1	11	44849
5	62.15	13	44870
5	62.2102	15	44888
5	62.25	7	44901
5	62.3	9	44916
5	62.3043	10	44918
5	62.35	5	44933
5	62.4	3	44946
5	62.4298	5	44950
5	62.45	3	44956
5	62.4735	5	44960
5	62.55	3	44977
5	62.5582	5	44981
5	62.6829	10	45016
5	62.8178	15	45076
5	62.9834	20	45161
5	63.1527	25	45271
5	63.3276	30	45406
5	63.5174	35	45566
5	63.7415	40	45751
5	63.9903	45	45961
5	64.2622	50	46196
5	64.5485	55	46456
5	64.65	28	46555
5	64.6819	30	46584
5	64.7	30	46603
5	64.75	31	46629
5	64.8	32	46656
5	64.85	33	46689
5	64.9	17	46727
5	64.95	19	46759
5	64.9674	20	46764
5	65	20	46780
5	65.05	10	46804
5	65.1	12	46826
5	65.17	15	46854
5	65.2	7	46866
5	65.2377	10	46883
5	65.25	5	46884
5	65.35	4	46911
5	65.3523	5	46911
5	65.449	10	46946
5	65.609	15	47006
5	65.7531	20	47091
5	65.9252	25	47201
5	66.1124	30	47336
5	66.29	35	47496
5	66.4779	40	47681
5	66.6905	45	47891
5	66.922	50	48126
5	67.1801	55	48386
5	67.4649	60	48671
5	67.75	32	48957
5	67.8	34	49007
5	67.835	35	49024
5	67.85	35	49031
5	67.9	35	49056
5	67.95	36	49087
5	68	37	49123
5	68.05	38	49161
5	68.1	19	49197
5	68.1023	20	49197
5	68.15	21	49230
5	68.2	22	49247
5	68.25	23	49266
5	68.3	12	49294
5	68.35	14	49316
5	68.3755	15	49321
5	68.45	8	49348
5	68.4658	10	49357
5	68.5	5	49364
5	68.55	3	49376
5	68.5593	5	49380
5	68.6	3	49387
5	68.611	5	49391
5	68.65	3	49399
5	68.6787	5	49403
5	68.75	3	49421
5	68.7643	5	49425
5	68.889	10	49460
5	69.0239	15	49520
5	69.1895	20	49605
5	69.3588	25	49715
5	69.5337	30	49850
5	69.7143	35	50010
5	69.9136	40	50195
5	70.1332	45	50405
5	71.15	2	50415
5	71.15	2	50415
5	71.15	2	50415
5	71.15	2	50415
5	71.15	2	50415
5	71.15	2	50415
5	71.15	2	50415
5	71.15	2	50415
5	71.15	2	50415
5	71.15	2	50415
5	71.15	2	50415
5	71.15	2	50415
5	71.15	2	50415
5	71.15	2	50415
5	71.15	2	50415
5	71.15	2	50415
5	71.15	2	50415
5	71.15	2	50415
5	71.15	2	50415
5	71.15	2	50415
5	71.15	2	50415
5	71.15	2	50415
5	71.15	2	50415
5	71.15	2	50415
5	71.15	2	50415
5	71.15	2	50415
5	71.15	2	50415
5	71.15	2	50415
5	71.15	2	50415
5	71.15	2	50415
5	71.15	2	50415
5	71.15	2	50415
5	71.15	2	50415
5	71.15	2	50415
5	71.15	2	50415
5	71.15	2	50415
5	71.15	2	50415
5	71.15	2	50415
5	71.15	2	50415
5	71.15	2	50415
5	71.15	2	50415
5	71.15	2	50415
5	71.15	2	50415
5	71.15	2	50415
5	71.15	2	50415
5	71.1918	5	50422
5	71.2573	10	50457
5	71.4213	15	50517
5	71.5897	20	50602
5	71.7618	25	50712
5	71.9395	30	50847
5	72.1237	35	51007
5	72.3155	40	51192
5	72.5113	45	51402
5	72.7321	50	51637
5	72.9753	55	51897
5	73.2394	60	52182
5	73.5265	65	52492
5	73.65	33	52626
5	73.65	33	52626
5	73.6822	35	52660
5	73.9147	40	52845
5	74.1548	45	53055
5	74.25	23	53149
5	74.2758	25	53173
5	74.3	25	53193
5	74.35	26	53216
5	74.4	27	53241
5	74.45	28	53277
5	74.4944	30	53308
5	74.5	15	53314
5	74.55	17	53346
5	74.6	9	53366
5	74.6108	10	53366
5	74.65	6	53389
5	74.714	10	53413
5	74.8778	15	53473
5	75.0453	20	53558
5	75.2175	25	53668
5	75.3961	30	53803
5	75.5869	35	53963
5	75.773	40	54148
5	75.9688	45	54358
5	76.1865	50	54593
5	76.4274	55	54853
5	76.6914	60	55138
5	76.9786	65	55448
5	77.25	34	55741
5	77.25	35	55741
5	77.3	36	55795
5	77.35	37	55821
5	77.4	37	55847
5	77.45	38	55877
5	77.5	39	55914
5	77.5113	40	55926
5	77.55	40	55954
5	77.6	41	55996
5	77.65	21	56034
5	77.7	23	56071
5	77.77	25	56103
5	77.8	25	56111
5	77.85	13	56141
5	77.8811	15	56155
5	77.9	15	56165
5	77.95	8	56181
5	77.9729	10	56190
5	78	5	56197
5	78.05	3	56208
5	78.0711	5	56212
5	78.15	3	56226
5	78.1622	5	56230
5	78.2	3	56236
5	78.2078	5	56240
5	78.25	3	56249
5	78.2716	5	56253
5	78.3991	10	56288
5	78.561	15	56348
5	78.7285	20	56433
5	78.9006	25	56543
5	79.0783	30	56678
5	79.2625	35	56838
5	79.4543	40	57023
5	79.6501	45	57233
5	79.8678	50	57468
5	80.1087	55	57728
5	80.3727	60	58013
5	80.6599	65	58323
5	80.95	34	58637
5	80.9508	35	58637
5	81	36	58691
5	81.05	37	58717
5	81.1	37	58743
5	81.15	38	58772
5	81.2	39	58808
5	81.2137	40	58822
5	81.25	40	58847
5	81.3	41	58889
5	81.35	21	58930
5	81.4	23	58967
5	81.45	24	58986
5	81.4723	25	58999
5	81.5	25	59007
5	81.55	13	59037
5	81.5635	15	59051
5	81.65	8	59082
5	81.6872	10	59091
5	81.7	5	59098
5	81.75	3	59108
5	81.7756	5	59112
5	81.8	2	59117
5	81.8384	5	59124
5	81.85	2	59125
5	81.8812	5	59132
5	81.95	3	59148
5	81.9668	5	59152
5	82.1115	10	59187
5	82.2492	15	59247
5	82.4195	20	59332
5	82.5964	25	59442
5	82.7862	30	59577
5	82.9685	35	59737
5	83.1594	40	59922
5	83.3587	45	60132
5	83.5808	50	60367
5	84.7468	10	60502
5	84.75	5	60503
5	84.9161	10	60533
5	85.1254	15	60593
5	85.3347	20	60678
5	85.5441	25	60788
5	85.7534	30	60923
5	85.9627	35	61083
5	86.172	40	61268
5	86.3824	45	61478
5	86.6069	50	61713
5	86.8466	55	61973
5	87.1092	60	62258
5	87.3949	65	62568
5	87.7036	70	62903
5	87.9	36	63114
5	87.95	38	63167
5	88	39	63191
5	88.05	39	63215
5	88.0703	40	63228
5	88.1	40	63241
5	88.15	41	63276
5	88.2	42	63313
5	88.25	43	63352
5	88.3	43	63388
5	88.35	22	63424
5	88.4236	25	63471
5	88.45	25	63476
5	88.5	26	63498
5	88.55	13	63525
5	88.5865	15	63539
5	88.6	15	63546
5	88.75	8	63584
5	88.75	8	63584
5	88.75	8	63584
5	88.7613	10	63593
5	88.8	10	63598
5	88.85	5	63613
5	89.0106	10	63643
5	89.2199	15	63703
5	89.4292	20	63788
5	89.6386	25	63898
5	89.8479	30	64033
5	90.0572	35	64193
5	90.2666	40	64378
5	90.4759	45	64588
5	90.6936	50	64823
5	90.9334	55	65083
5	91.1985	60	65368
5	91.4859	65	65678
5	91.7946	70	66013
5	91.95	36	66182
5	92	38	66236
5	92.05	39	66262
5	92.05	39	66262
5	92.1	39	66289
5	92.1137	40	66296
5	92.15	40	66318
5	92.2	41	66356
5	92.35	22	66475
5	92.4	24	66510
5	92.4297	25	66522
5	92.45	25	66527
5	92.5	25	66546
5	92.55	26	66573
5	92.65	14	66631
5	92.6511	15	66631
5	92.7	16	66656
5	92.75	17	66670
5	92.85	9	66707
5	92.8502	10	66707
5	92.9	11	66726
5	93.0286	15	66767
5	93.238	20	66852
5	93.4473	25	66962
5	93.6566	30	67097
5	93.866	35	67257
5	94.0753	40	67442
5	94.2867	45	67652
5	94.5221	50	67887
5	94.7798	55	68147
5	95.0605	60	68432
5	95.3624	65	68742
5	95.6	34	68986
5	95.6008	35	68986
5	95.65	36	69037
5	95.7	37	69060
5	95.75	37	69084
5	95.8	38	69112
5	95.8889	40	69171
5	95.9	40	69184
5	95.95	20	69219
5	96.05	23	69263
5	96.1	23	69278
5	96.15	24	69296
5	96.1755	25	69309
5	96.2	12	69321
5	96.25	14	69340
5	96.2832	15	69348
5	96.35	15	69361
5	96.4	8	69373
5	96.4097	10	69382
5	96.45	5	69388
5	96.5	3	69397
5	96.5343	5	69401
5	96.6	3	69408
5	96.6199	5	69412
5	96.8292	10	69447
5	97.0385	15	69507
5	97.2479	20	69592
5	97.4572	25	69702
5	97.6665	30	69837
5	97.8758	35	69997
5	98.0852	40	70182
5	98.2971	45	70392
5	99.5	2	70581
5	99.5	2	70581
5	99.5	2	70581
5	99.5	2	70581
5	99.5	2	70581
5	99.5	2	70581
5	99.5	2	70581
5	99.5	2	70581
5	99.5	2	70581
5	99.5	2	70581
5	99.5	2	70581
5	99.5	2	70581
5	99.5	2	70581
5	99.5	2	70581
5	99.5	2	70581
5	99.5	2	70581
5	99.5	2	70581
5	99.5	2	70581
5	99.5	2	70581
5	99.5	2	70581
5	99.5	2	70581
5	99.5	2	70581
5	99.5	2	70581
5	99.5	2	70581
5	99.5	2	70581
5	99.5	2	70581
5	99.5	2	70581
5	99.5	2	70581
5	99.5	2	70581
5	99.5	2	70581
5	99.5	2	70581
5	99.5	2	70581
5	99.5418	5	70588
5	99.6274	10	70623
5	99.7813	15	70683
5	99.9488	20	70768
5	100.128	25	70878
5	100.305	30	71013
5	100.488	35	71173
5	100.692	40	71358
5	100.912	45	71568
5	101.146	50	71803
5	101.39	55	72063
5	101.654	60	72348
5	101.942	65	72658
5	101.95	32	72668
5	102.028	35	72735
5	102.15	37	72825
5	102.25	39	72910
5	102.26	40	72920
5	102.35	21	73002
5	102.4	23	73042
5	102.45	24	73065
5	102.463	25	73071
5	102.673	30	73206
5	102.882	35	73366
5	102.9	17	73386
5	102.9	17	73386
5	102.946	20	73423
5	102.95	20	73424
5	102.95	20	73424
5	103.138	25	73533
5	103.315	30	73668
5	103.499	35	73828
5	103.69	40	74013
5	103.886	45	74223
5	104.103	50	74458
5	104.344	55	74718
5	104.608	60	75003
5	104.895	65	75313
5	105.2	34	75642
5	105.2	35	75642
5	105.25	36	75696
5	105.25	36	75696
5	105.3	37	75723
5	105.35	37	75750
5	105.4	38	75782
5	105.456	40	75827
5	105.5	40	75861
5	105.55	41	75903
5	105.6	21	75940
5	105.65	23	75977
5	105.7	24	75996
5	105.719	25	76009
5	105.75	25	76018
5	105.8	13	76050
5	105.831	15	76064
5	105.85	15	76075
5	105.95	8	76108
5	105.964	10	76117
5	106	10	76126
5	106.05	6	76141
5	106.1	4	76157
5	106.105	5	76157
5	106.15	3	76170
5	106.173	5	76174
5	106.3	10	76209
5	106.438	15	76269
5	106.609	20	76354
5	106.801	25	76464
5	106.978	30	76599
5	107.161	35	76759
5	107.352	40	76944
5	107.548	45	77154
5	107.766	50	77389
5	108.006	55	77649
5	108.27	60	77934
5	108.558	65	78244
5	108.85	34	78560
5	108.85	35	78560
5	108.9	36	78614
5	108.95	37	78640
5	109	37	78666
5	109.05	38	78695
5	109.1	39	78733
5	109.112	40	78745
5	109.15	40	78773
5	109.2	41	78815
5	109.25	21	78853
5	109.3	23	78890
5	109.35	24	78909
5	109.37	25	78922
5	109.4	25	78930
5	109.45	13	78962
5	109.463	15	78976
5	109.55	8	79005
5	109.574	10	79014
5	109.6	5	79021
5	109.65	3	79032
5	109.674	5	79036
5	109.7	2	79041
5	109.736	5	79048
5	109.75	2	79049
5	109.779	5	79056
5	109.85	3	79072
5	109.865	5	79076
5	110.009	10	79111
5	110.147	15	79171
5	110.317	20	79256
5	110.493	25	79366
5	110.684	30	79501
5	110.866	35	79661
5	111.057	40	79846
5	111.27	45	80056
5	111.499	50	80291
5	111.743	55	80551
5	112.85	2	80664
5	112.85	2	80664
5	112.85	2	80664
5	112.85	2	80664
5	112.85	2	80664
5	112.85	2	80664
5	112.85	2	80664
5	112.85	2	80664
5	112.85	2	80664
5	112.85	2	80664
5	112.85	2	80664
5	112.85	2	80664
5	112.85	2	80664
5	112.85	2	80664
5	112.85	2	80664
5	112.85	2	80664
5	112.85	2	80664
5	112.85	2	80664
5	112.85	2	80664
5	112.85	2	80664
5	112.85	2	80664
5	112.85	2	80664
5	112.85	2	80664
5	112.85	2	80664
5	112.85	2	80664
5	112.85	2	80664
5	112.85	2	80664
5	112.85	2	80664
5	112.85	2	80664
5	112.85	2	80664
5	112.85	2	80664
5	112.85	2	80664
5	112.85	2	80664
5	112.85	2	80664
5	112.85	2	80664
5	112.85	2	80664
5	112.85	2	80664
5	112.85	2	80664
5	112.85	2	80664
5	112.85	2	80664
5	112.85	2	80664
5	112.85	2	80664
5	112.85	2	80664
5	112.85	2	80664
5	112.85	2	80664
5	112.85	2	80664
5	112.85	2	80664
5	112.85	2	80664
5	112.85	2	80664
5	112.85	2	80664
5	112.85	2	80664
5	112.888	5	80671
5	112.953	10	80706
5	113.027	15	80766
5	113.114	20	80851
5	113.212	25	80961
5	113.332	30	81096
5	113.474	35	81256
5	113.638	40	81441
5	113.824	45	81651
5	114.032	50	81886
5	114.263	55	82146
5	114.35	28	82245
5	114.35	28	82245
5	114.376	30	82274
5	114.4	30	82286
5	114.4	30	82286
5	114.45	31	82309
5	114.45	31	82309
5	114.5	32	82340
5	114.55	33	82380
5	114.55	33	82380
5	114.6	17	82424
5	114.65	19	82450
5	114.65	19	82450
5	114.683	20	82461
5	114.7	20	82466
5	114.75	10	82494
5	114.75	10	82494
5	114.8	12	82508
5	114.85	6	82518
5	114.9	7	82525
5	114.95	4	82532
5	114.95	4	82532
5	114.963	5	82532
5	115	2	82537
5	115.05	3	82540
5	115.092	5	82544
5	115.1	2	82547
5	115.138	5	82554
5	115.15	2	82555
5	115.18	5	82562
5	115.2	2	82566
5	115.223	5	82573
5	115.25	3	82584
5	115.266	5	82588
5	115.3	3	82600
5	115.309	5	82604
5	115.35	3	82622
5	115.354	5	82626
5	115.42	10	82661
5	115.5	15	82721
5	115.584	20	82806
5	115.682	25	82916
5	115.802	30	83051
5	115.943	35	83211
5	116.107	40	83396
5	116.294	45	83606
5	116.502	50	83841
5	116.732	55	84101
5	116.8	28	84178
5	116.826	30	84207
5	116.85	30	84218
5	116.85	30	84218
5	116.9	31	84239
5	116.9	31	84239
5	116.95	31	84267
5	116.95	31	84267
5	117	33	84305
5	117.05	17	84346
5	117.05	17	84346
5	117.1	19	84371
5	117.133	20	84383
5	117.15	20	84386
5	117.15	20	84386
5	117.2	10	84412
5	117.25	12	84425
5	117.3	12	84433
5	117.3	12	84433
5	117.35	7	84450
5	117.4	4	84461
5	117.41	5	84461
5	117.45	5	84466
5	117.5	3	84473
5	117.539	5	84477
5	117.55	2	84479
5	117.55	2	84479
5	117.6	2	84485
5	117.625	5	84492
5	117.65	3	84500
5	117.668	5	84504
5	117.7	3	84514
5	117.71	5	84518
5	117.75	3	84531
5	117.754	5	84535
5	117.8	4	84558
5	117.8	5	84558
5	117.865	10	84593
5	117.947	15	84653
5	118.032	20	84738
5	118.13	25	84848
5	118.249	30	84983
5	118.391	35	85143
5	118.555	40	85328
5	118.741	45	85538
5	118.949	50	85773
5	119.18	55	86033
5	119.25	28	86113
5	119.25	28	86113
5	119.277	30	86142
5	119.3	30	86153
5	119.35	31	86175
5	119.35	31	86175
5	119.4	31	86203
5	119.4	31	86203
5	119.45	33	86241
5	119.5	17	86282
5	119.5	17	86282
5	119.55	19	86307
5	119.583	20	86319
5	119.6	20	86323
5	119.6	20	86323
5	119.65	10	86348
5	119.7	12	86361
5	119.75	12	86369
5	119.75	12	86369
5	119.8	7	86386
5	119.85	4	86397
5	119.859	5	86397
5	119.9	5	86402
5	119.95	3	86409
5	119.95	3	86409
5	119.987	5	86413
5	120	2	86416
5	120.032	5	86423
5	120.05	2	86424
5	120.074	5	86431
5	120.1	3	86440
5	120.118	5	86444
5	120.15	3	86454
5	120.161	5	86458
5	120.2	3	86471
5	120.204	5	86475
5	120.25	4	86498
5	120.25	5	86498
5	120.315	10	86533
5	120.397	15	86593
5	120.482	20	86678
5	120.58	25	86788
5	120.699	30	86923
5	120.841	35	87083
5	121.005	40	87268
5	121.191	45	87478
5	121.4	50	87713
5	121.63	55	87973
5	121.7	28	88052
5	121.7	28	88052
5	121.726	30	88081
5	121.75	30	88093
5	121.8	31	88114
5	121.8	31	88114
5	121.85	32	88143
5	121.85	32	88143
5	121.9	33	88181
5	121.95	17	88221
5	121.95	17	88221
5	122	19	88246
5	122.032	20	88258
5	122.05	20	88262
5	122.05	20	88262
5	122.1	10	88287
5	122.15	12	88300
5	122.2	12	88308
5	122.2	12	88308
5	122.25	7	88325
5	122.3	4	88336
5	122.308	5	88336
5	122.35	5	88341
5	122.4	3	88348
5	122.4	3	88348
5	122.436	5	88352
5	122.45	2	88355
5	122.482	5	88362
5	122.5	2	88363
5	122.524	5	88370
5	122.55	3	88379
5	122.567	5	88383
5	122.6	3	88393
5	122.61	5	88397
5	122.65	3	88411
5	122.654	5	88415
5	122.7	4	88438
5	122.701	5	88438
5	122.765	10	88473
5	122.847	15	88533
5	122.932	20	88618
5	123.03	25	88728
5	123.15	30	88863
5	123.291	35	89023
5	123.455	40	89208
5	123.642	45	89418
5	123.85	50	89653
5	124.08	55	89913
5	124.15	28	89992
5	124.15	28	89992
5	124.176	30	90021
5	124.2	30	90033
5	124.25	31	90054
5	124.25	31	90054
5	124.3	32	90083
5	124.3	32	90083
5	124.35	33	90121
5	124.4	17	90161
5	124.4	17	90161
5	124.45	19	90186
5	124.482	20	90198
5	124.5	20	90202
5	124.5	20	90202
5	124.55	10	90227
5	124.6	12	90240
5	124.65	12	90248
5	124.65	12	90248
5	124.7	7	90265
5	124.75	4	90276
5	124.758	5	90276
5	124.8	5	90281
5	124.85	3	90288
5	124.85	3	90288
5	124.887	5	90292
5	124.9	2	90295
5	124.932	5	90302
5	124.95	2	90303
5	124.974	5	90310
5	125	3	90319
5	125.017	5	90323
5	125.05	3	90333
5	125.06	5	90337
5	125.1	3	90350
5	125.104	5	90354
5	125.15	4	90377
5	125.15	5	90377
5	125.215	10	90412
5	125.296	15	90472
5	125.382	20	90557
5	125.479	25	90667
5	126.55	2	90747
5	126.55	2	90747
5	126.55	2	90747
5	126.55	2	90747
5	126.55	2	90747
5	126.55	2	90747
5	126.55	2	90747
5	126.55	2	90747
5	126.55	2	90747
5	126.55	2	90747
5	126.55	2	90747
5	126.55	2	90747
5	126.55	2	90747
5	126.55	2	90747
5	126.55	2	90747
5	126.55	2	90747
5	126.55	2	90747
5	126.55	2	90747
5	126.55	2	90747
5	126.55	2	90747
5	126.55	2	90747
5	126.55	2	90747
5	126.55	2	90747
5	126.55	2	90747
5	126.55	2	90747
5	126.55	2	90747
5	126.55	2	90747
5	126.55	2	90747
5	126.55	2	90747
5	126.55	2	90747
5	126.55	2	90747
5	126.55	2	90747
5	126.596	5	90754
5	126.684	10	90789
5	126.848	15	90849
5	127.015	20	90934
5	127.187	25	91044
5	127.365	30	91179
5	127.555	35	91339
5	127.779	40	91524
5	128.028	45	91734
5	128.3	50	91969
5	128.601	55	92229
5	128.75	28	92358
5	128.787	30	92387
5	128.8	30	92402
5	128.85	31	92421
5	128.9	31	92442
5	128.95	32	92464
5	129	33	92494
5	129.05	34	92528
5	129.086	35	92547
5	129.1	17	92563
5	129.15	19	92592
5	129.18	20	92600
5	129.2	20	92607
5	129.35	11	92672
5	129.4	13	92692
5	129.45	7	92704
5	129.5	4	92717
5	129.514	5	92717
5	129.55	3	92726
5	129.563	5	92730
5	129.65	3	92747
5	129.688	5	92751
5	129.7	2	92756
5	129.735	5	92763
5	129.75	2	92764
5	129.778	5	92771
5	129.908	10	92806
5	130.074	15	92866
5	130.244	20	92951
5	130.419	25	93061
5	130.615	30	93196
5	130.819	35	93356
5	131.058	40	93541
5	131.321	45	93751
5	131.621	50	93986
5	131.9	27	94214
5	131.95	29	94254
5	132	29	94271
5	132.021	30	94271
5	132.05	30	94289
5	132.1	31	94309
5	132.15	32	94335
5	132.2	16	94366
5	132.25	18	94391
5	132.3	19	94403
5	132.35	19	94417
5	132.362	20	94420
5	132.4	10	94432
5	132.45	12	94448
5	132.5	6	94464
5	132.55	4	94475
5	132.576	5	94475
5	132.65	3	94488
5	132.666	5	94492
5	132.7	2	94495
5	132.749	5	94502
5	132.75	2	94503
5	132.793	5	94510
5	132.85	3	94522
5	132.878	5	94526
5	132.9	3	94532
5	132.922	5	94536
5	133.05	10	94571
5	133.214	15	94631
5	133.381	20	94716
5	133.553	25	94826
5	133.731	30	94961
5	133.915	35	95121
5	134.111	40	95306
5	134.322	45	95516
5	134.561	50	95751
5	134.824	55	96011
5	135.115	60	96296
5	135.4	32	96576
5	135.45	34	96625
5	135.491	35	96643
5	135.5	35	96648
5	135.55	35	96672
5	135.6	36	96702
5	135.65	37	96737
5	135.7	38	96768
5	135.75	19	96807
5	135.751	20	96807
5	135.8	21	96839
5	135.85	22	96855
5	135.9	23	96873
5	135.95	12	96899
5	136	14	96920
5	136.028	15	96926
5	136.1	8	96949
5	136.117	10	96958
5	136.15	5	96964
5	136.2	3	96974
5	136.204	5	96978
5	136.25	3	96986
5	136.287	5	96990
5	136.35	3	97005
5	136.373	5	97009
5	136.4	3	97015
5	136.417	5	97019
5	136.546	10	97054
5	136.709	15	97114
5	136.877	20	97199
5	137.049	25	97309
5	137.235	30	97444
5	137.419	35	97604
5	137.62	40	97789
5	137.854	45	97999
5	138.113	50	98234
5	138.398	55	98494
5	138.706	60	98779
5	138.75	30	98820
5	138.8	32	98867
5	138.85	33	98888
5	138.9	33	98911
5	138.95	34	98942
5	138.959	35	98950
5	139	35	98975
5	139.05	36	99009
5	139.1	18	99040
5	139.124	20	99059
5	139.15	20	99071
5	139.25	22	99107
5	139.3	11	99133
5	139.35	13	99153
5	139.4	7	99165
5	139.468	10	99182
5	139.5	5	99187
5	139.55	3	99197
5	139.554	5	99201
5	139.6	3	99211
5	139.639	5	99215
5	139.65	2	99219
5	139.684	5	99226
5	139.75	3	99236
5	139.766	5	99240
5	139.895	10	99275
5	140.058	15	99335
5	140.226	20	99420
5	140.398	25	99530
5	140.576	30	99665
5	140.766	35	99825
5	140.989	40	100010
5	141.238	45	100220
5	141.511	50	100455
5	141.817	55	100715
5	141.95	28	100824
5	143.001	10	100834
5	143.043	15	100839
5	143.047	20	100844
5	143.084	25	100849
5	143.261	30	100960
5	143.478	35	101120
5	143.717	40	101305
5	143.98	45	101515
5	144.279	50	101750
5	144.616	55	102010
5	144.8	28	102162
5	144.836	30	102191
5	144.85	30	102203
5	144.9	30	102219
5	144.95	31	102236
5	145	32	102255
5	145.05	32	102284
5	145.15	34	102340
5	145.175	35	102351
5	145.2	17	102367
5	145.25	19	102393
5	145.292	20	102404
5	145.3	20	102405
5	145.4	21	102442
5	145.45	11	102461
5	145.5	13	102478
5	145.55	7	102488
5	145.626	10	102505
5	145.65	5	102506
5	145.8	4	102534
5	145.822	5	102534
5	146.007	10	102569
5	146.221	15	102629
5	146.435	20	102714
5	146.649	25	102824
5	146.863	30	102959
5	147.077	35	103119
5	147.291	40	103304
5	147.511	45	103514
5	147.753	50	103749
5	148.025	55	104009
5	148.318	60	104294
5	148.631	65	104604
5	148.8	33	104773
5	148.836	35	104807
5	148.85	35	104822
5	148.9	36	104843
5	148.95	36	104865
5	149	37	104888
5	149.05	38	104920
5	149.1	39	104954
5	149.16	40	104992
5	149.25	20	105053
5	149.3	22	105084
5	149.35	23	105098
5	149.4	24	105120
5	149.45	24	105143
5	149.456	25	105143
5	149.55	13	105186
5	149.574	15	105200
5	149.6	15	105207
5	149.65	8	105219
5	149.67	10	105228
5	149.75	5	105241
5	149.8	3	105252
5	149.84	5	105256
5	150.054	10	105291
5	150.268	15	105351
5	150.482	20	105436
5	150.696	25	105546
5	150.91	30	105681
5	151.124	35	105841
5	151.342	40	106026
5	151.58	45	106236
5	151.851	50	106471
5	152.136	55	106731
5	152.456	60	107016
5	152.65	31	107197
5	152.7	33	107243
5	152.75	33	107262
5	152.8	34	107282
5	152.822	35	107296
5	152.9	36	107336
5	152.95	36	107367
5	153	37	107399
5	153.1	19	107459
5	153.101	20	107459
5	153.15	21	107489
5	153.25	23	107525
5	153.3	12	107546
5	153.35	14	107564
5	153.392	15	107573
5	153.4	7	107574
5	153.5	9	107591
5	153.508	10	107591
5	153.55	5	107598
5	153.6	3	107608
5	153.637	5	107612
5	153.851	10	107647
5	154.065	15	107707
5	154.279	20	107792
5	154.493	25	107902
5	154.707	30	108037
5	154.923	35	108197
5	155.154	40	108382
5	155.417	45	108592
5	155.696	50	108827
5	156.002	55	109087
5	156.342	60	109372
5	156.35	30	109381
5	156.4	32	109424
5	156.45	32	109441
5	156.5	33	109459
5	156.55	34	109479
5	156.6	34	109506
5	156.606	35	109511
5	156.65	35	109536
5	156.8	19	109624
5	156.801	20	109624
5	156.85	21	109652
5	156.9	21	109665
5	156.95	22	109685
5	157.05	12	109726
5	157.1	14	109744
5	157.142	15	109753
5	157.15	7	109754
5	157.25	9	109771
5	157.252	10	109771
5	157.3	5	109781
5	157.35	3	109789
5	157.38	5	109793
5	157.594	10	109828
5	157.808	15	109888
5	158.022	20	109973
5	158.236	25	110083
5	158.45	30	110218
5	158.664	35	110378
5	158.878	40	110563
5	159.096	45	110773
5	160.25	2	110913
5	160.25	2	110913
5	160.25	2	110913
5	160.25	2	110913
5	160.25	2	110913
5	160.25	2	110913
5	160.25	2	110913
5	160.25	2	110913
5	160.25	2	110913
5	160.25	2	110913
5	160.25	2	110913
5	160.25	2	110913
5	160.25	2	110913
5	160.25	2	110913
5	160.25	2	110913
5	160.25	2	110913
5	160.25	2	110913
5	160.25	2	110913
5	160.25	2	110913
5	160.25	2	110913
5	160.25	2	110913
5	160.25	2	110913
5	160.25	2	110913
5	160.25	2	110913
5	160.25	2	110913
5	160.25	2	110913
5	160.25	2	110913
5	160.25	2	110913
5	160.25	2	110913
5	160.25	2	110913
5	160.25	2	110913
5	160.25	2	110913
5	160.25	2	110913
5	160.25	2	110913
5	160.25	2	110913
5	160.25	2	110913
5	160.25	2	110913
5	160.25	2	110913
5	160.25	2	110913
5	160.292	5	110920
5	160.356	10	110955
5	160.515	15	111015
5	160.684	20	111100
5	160.858	25	111210
5	161.049	30	111345
5	161.231	35	111505
5	161.428	40	111690
5	161.654	45	111900
5	161.902	50	112135
5	162.173	55	112395
5	162.474	60	112680
5	162.65	31	112844
5	162.7	33	112892
5	162.75	34	112913
5	162.8	34	112936
5	162.8	34	112936
5	162.81	35	112943
5	162.9	36	113002
5	162.95	37	113036
5	163	19	113069
5	163.001	20	113069
5	163.05	21	113100
5	163.1	22	113116
5	163.15	11	113134
5	163.2	13	113153
5	163.25	7	113168
5	163.3	4	113180
5	163.302	5	113180
5	163.4	3	113194
5	163.416	5	113198
5	163.45	2	113201
5	163.499	5	113208
5	163.5	2	113209
5	163.543	5	113216
5	163.55	2	113220
5	163.589	5	113227
5	163.65	3	113237
5	163.671	5	113241
5	163.799	10	113276
5	163.963	15	113336
5	164.13	20	113421
5	164.302	25	113531
5	164.48	30	113666
5	164.664	35	113826
5	164.857	40	114011
5	165.063	45	114221
5	165.293	50	114456
5	165.546	55	114716
5	165.825	60	115001
5	166.124	65	115311
5	166.2	33	115389
5	166.233	35	115423
5	166.3	36	115465
5	166.35	36	115490
5	166.4	37	115519
5	166.45	38	115555
5	166.5	39	115592
5	166.528	40	115608
5	166.55	20	115632
5	166.6	22	115665
5	166.65	23	115682
5	166.7	24	115701
5	166.747	25	115722
5	166.75	12	115726
5	166.8	14	115748
5	166.817	15	115753
5	166.85	15	115765
5	166.9	8	115781
5	166.926	10	115790
5	166.95	5	115797
5	167.05	4	115817
5	167.051	5	115817
5	167.1	3	115833
5	167.138	5	115837
5	167.2	3	115854
5	167.225	5	115858
5	167.353	10	115893
5	167.517	15	115953
5	167.684	20	116038
5	167.856	25	116148
5	168.034	30	116283
5	168.218	35	116443
5	168.41	40	116628
5	168.608	45	116838
5	168.83	50	117073
5	169.074	55	117333
5	169.34	60	117618
5	169.63	65	117928
5	169.85	34	118168
5	169.851	35	118168
5	169.9	36	118222
5	169.95	37	118248
5	170	37	118275
5	170.05	38	118306
5	170.1	39	118344
5	170.109	40	118353
5	170.15	40	118383
5	170.2	20	118425
5	170.25	22	118460
5	170.3	23	118478
5	170.35	24	118498
5	170.369	25	118515
5	170.4	12	118525
5	170.456	15	118552
5	170.5	15	118567
5	170.6	9	118602
5	170.601	10	118602
5	170.65	5	118620
5	170.7	3	118632
5	170.712	5	118636
5	170.8	4	118656
5	170.801	5	118656
5	170.85	3	118668
5	170.882	5	118672
5	171.01	10	118707
5	171.174	15	118767
5	171.341	20	118852
5	171.513	25	118962
5	171.691	30	119097
5	171.875	35	119257
5	172.067	40	119442
5	172.262	45	119652
5	172.479	50	119887
5	172.718	55	120147
5	172.981	60	120432
5	173.267	65	120742
5	174.55	2	120996
5	174.55	2	120996
5	174.55	2	120996
5	174.55	2	120996
5	174.55	2	120996
5	174.55	2	120996
5	174.55	2	120996
5	174.55	2	120996
5	174.55	2	120996
5	174.55	2	120996
5	174.55	2	120996
5	174.55	2	120996
5	174.55	2	120996
5	174.55	2	120996
5	174.576	5	121003
5	174.682	10	121038
5	174.844	15	121098
5	175.012	20	121183
5	175.184	25	121293
5	175.373	30	121428
5	175.555	35	121588
5	175.752	40	121773
5	175.978	45	121983
5	176.208	50	122218
5	176.451	55	122478
5	176.715	60	122763
5	177.003	65	123073
5	177.2	34	123287
5	177.201	35	123287
5	177.25	36	123341
5	177.4	39	123443
5	177.428	40	123472
5	177.45	40	123484
5	177.672	45	123682
5	177.85	24	123860
5	177.85	25	123860
5	177.9	26	123905
5	177.95	27	123929
5	178	28	123957
5	178.05	14	123994
5	178.051	15	123994
5	178.1	16	124024
5	178.15	9	124045
5	178.15	10	124045
5	178.2	5	124066
5	178.2	5	124066
5	178.301	10	124096
5	178.447	15	124156
5	178.616	20	124241
5	178.79	25	124351
5	178.977	30	124486
5	179.16	35	124646
5	179.35	40	124831
5	179.546	45	125041
5	179.764	50	125276
5	180.005	55	125536
5	180.269	60	125821
5	180.556	65	126131
5	180.85	34	126449
5	180.851	35	126449
5	180.9	36	126503
5	180.95	37	126538
5	181	38	126569
5	181.05	39	126604
5	181.079	40	126634
5	181.1	40	126647
5	181.317	45	126844
5	181.5	24	127031
5	181.5	25	127031
5	181.55	26	127078
5	181.6	27	127103
5	181.65	28	127132
5	181.697	30	127166
5	181.7	15	127170
5	181.75	17	127202
5	181.8	9	127225
5	181.801	10	127225
5	181.85	6	127248
5	181.923	10	127272
5	182.078	15	127332
5	182.246	20	127417
5	182.418	25	127527
5	182.598	30	127662
5	182.788	35	127822
5	182.974	40	128007
5	183.17	45	128217
5	183.387	50	128452
5	183.628	55	128712
5	183.892	60	128997
5	184.179	65	129307
5	184.49	70	129642
5	184.5	35	129654
5	184.6	38	129733
5	184.65	38	129758
5	184.7	39	129785
5	184.719	40	129804
5	184.75	40	129821
5	184.8	41	129859
5	184.85	42	129899
5	184.9	21	129938
5	184.95	23	129974
5	185	24	129991
5	185.027	25	130007
5	185.05	25	130010
5	185.1	13	130036
5	185.114	15	130050
5	185.15	15	130059
5	185.2	8	130077
5	185.238	10	130086
5	185.25	5	130092
5	185.3	3	130101
5	185.326	5	130105
5	185.35	2	130109
5	185.4	2	130116
5	185.45	2	130123
5	185.474	5	130130
5	185.5	2	130135
5	185.539	5	130142
5	185.666	10	130177
5	185.829	15	130237
5	185.997	20	130322
5	186.169	25	130432
5	186.347	30	130567
5	186.532	35	130727
5	186.723	40	130912
5	187.9	2	131079
5	187.9	2	131079
5	187.9	2	131079
5	187.9	2	131079
5	187.9	2	131079
5	187.9	2	131079
5	187.9	2	131079
5	187.9	2	131079
5	187.9	2	131079
5	187.9	2	131079
5	187.9	2	131079
5	187.9	2	131079
5	187.9	2	131079
5	187.9	2	131079
5	187.9	2	131079
5	187.9	2	131079
5	187.9	2	131079
5	187.9	2	131079
5	187.9	2	131079
5	187.9	2	131079
5	187.9	2	131079
5	187.9	2	131079
5	187.9	2	131079
5	187.9	2	131079
5	187.9	2	131079
5	187.9	2	131079
5	187.9	2	131079
5	187.9	2	131079
5	187.9	2	131079
5	187.9	2	131079
5	187.9	2	131079
5	187.942	5	131086
5	188.027	10	131121
5	188.181	15	131181
5	188.349	20	131266
5	188.528	25	131376
5	188.705	30	131511
5	188.888	35	131671
5	189.079	40	131856
5	189.278	45	132066
5	189.5	50	132301
5	189.744	55	132561
5	190.011	60	132846
5	190.303	65	133156
5	190.55	34	133420
5	190.55	34	133420
5	190.551	35	133420
5	190.6	36	133473
5	190.65	37	133499
5	190.7	37	133526
5	190.75	38	133558
5	190.8	39	133596
5	190.81	40	133605
5	190.85	40	133634
5	190.95	21	133716
5	191	23	133752
5	191.05	24	133771
5	191.071	25	133785
5	191.1	25	133793
5	191.15	13	133824
5	191.184	15	133838
5	191.2	15	133848
5	191.25	8	133864
5	191.275	10	133873
5	191.35	5	133891
5	191.4	3	133903
5	191.405	5	133907
5	191.45	3	133918
5	191.488	5	133922
5	191.5	3	133928
5	191.532	5	133932
5	191.661	10	133967
5	191.824	15	134027
5	191.992	20	134112
5	192.164	25	134222
5	192.342	30	134357
5	192.526	35	134517
5	192.718	40	134702
5	192.914	45	134912
5	193.131	50	135147
5	193.375	55	135407
5	193.642	60	135692
5	193.933	65	136002
5	194.2	34	136287
5	194.2	34	136287
5	194.201	35	136287
5	194.25	36	136340
5	194.3	37	136365
5	194.35	37	136391
5	194.4	38	136420
5	194.45	39	136457
5	194.465	40	136472
5	194.5	40	136496
5	194.55	41	136535
5	194.6	21	136575
5	194.65	23	136611
5	194.7	24	136630
5	194.722	25	136644
5	194.8	13	136681
5	194.826	15	136695
5	194.85	15	136704
5	194.9	8	136720
5	194.923	10	136729
5	194.95	5	136735
5	195	3	136745
5	195.013	5	136749
5	195.1	3	136765
5	195.137	5	136769
5	195.15	3	136775
5	195.182	5	136779
5	195.2	2	136784
5	195.23	5	136791
5	195.358	10	136826
5	195.524	15	136886
5	195.694	20	136971
5	195.868	25	137081
5	196.059	30	137216
5	196.241	35	137376
5	196.43	40	137561
5	196.638	45	137771
5	196.866	50	138006
5	197.12	55	138266
5	197.396	60	138551
5	197.683	65	138861
5	197.8	33	138988
5	197.832	35	139022
5	197.85	35	139042
5	197.9	36	139069
5	197.95	37	139097
5	198	38	139131
5	198.05	39	139170
5	198.097	40	139207
5	198.1	20	139211
5	198.15	22	139246
5	198.2	23	139265
5	198.25	24	139286
5	198.267	25	139301
5	198.3	12	139315
5	198.355	15	139342
5	198.55	9	139418
5	198.551	10	139418
5	198.6	11	139438
5	198.65	6	139451
5	198.7	4	139466
5	198.703	5	139466
5	198.8	4	139493
5	198.8	5	139493
5	198.924	10	139528
5	199.068	15	139588
5	199.236	20	139673
5	199.423	25	139783
5	199.6	30	139918
5	199.786	35	140078
5	199.98	40	140263
