35	0.259731	2
35	0.519462	2
35	0.736037	3
35	0.779193	2
35	0.908674	3
35	0.952197	2
35	1.03723	2
35	1.05956	3
35	1.21036	4
35	1.25568	2
35	1.36258	3
35	1.42652	4
35	1.57733	5
35	1.60095	2
35	1.62232	3
35	1.64556	4
35	1.79645	5
35	1.86045	2
35	1.88205	3
35	1.94725	4
35	2.01107	5
35	2.1166	2
35	2.14171	3
35	2.16378	4
35	2.26768	5
35	2.33637	6
35	2.37966	2
35	2.39982	3
35	2.44035	4
35	2.46212	2
35	2.48704	3
35	2.50907	2
35	2.53223	3
35	2.61294	4
35	2.66037	2
35	2.70168	2
35	2.72848	3
35	2.76375	4
35	2.79035	5
35	2.92121	6
35	2.95812	2
35	2.96294	3
35	2.98472	4
35	3.09025	5
35	3.13919	6
35	3.15409	2
35	3.16468	3
35	3.21615	2
35	3.22267	3
35	3.26293	4
35	3.31338	5
35	3.35427	2
35	3.37767	3
35	3.39526	4
35	3.44083	5
35	3.4541	2
35	3.46795	3
35	3.50087	2
35	3.52847	3
35	3.55141	2
35	3.57521	3
35	3.60802	2
35	3.6115	3
35	3.64054	4
35	3.69856	5
35	3.70736	2
35	3.7261	3
35	3.744	4
35	3.78936	5
35	3.80661	2
35	3.81418	3
35	3.82958	4
35	3.84767	5
35	3.91472	2
35	3.92056	3
35	3.95328	2
35	3.96573	3
35	3.99677	4
35	4.00017	2
35	4.01864	3
35	4.03042	4
35	4.04382	5
35	4.11654	6
35	4.16936	7
35	4.20311	2
35	4.21301	3
35	4.22725	4
35	4.25998	2
35	4.26525	3
35	4.28249	4
35	4.34195	5
35	4.35271	2
35	4.36494	3
35	4.4073	2
35	4.41824	3
35	4.43329	4
35	4.45088	2
35	4.46171	3
35	4.47852	4
35	4.49993	5
35	4.50319	2
35	4.52265	3
35	4.56095	4
35	4.58409	5
35	4.62602	6
35	4.64835	7
35	4.65073	2
35	4.67124	3
35	4.69524	4
35	4.70314	2
35	4.71985	3
35	4.7349	4
35	4.75375	2
35	4.76376	3
35	4.79726	4
35	4.80699	5
35	4.82263	6
35	4.88288	7
35	4.90757	2
35	4.92927	3
35	4.93601	4
35	4.95137	2
35	4.95813	3
35	4.97212	4
35	4.99183	5
35	5.00342	2
35	5.01342	3
35	5.0187	4
35	5.03638	5
35	5.04551	6
35	5.1007	2
35	5.1103	3
35	5.13208	4
35	5.15217	2
35	5.15431	3
35	5.16924	4
35	5.18797	5
35	5.21137	6
35	5.22973	7
35	5.26127	2
35	5.27794	3
35	5.28344	4
35	5.30511	5
35	5.3269	6
35	5.3637	7
35	5.40333	2
35	5.40575	3
35	5.41066	4
35	5.42874	5
35	5.44737	6
35	5.49127	7
35	5.50246	2
35	5.52416	3
35	5.55843	2
35	5.56007	3
35	5.56155	4
35	5.57954	5
35	5.60343	6
35	5.62404	7
35	5.66341	2
35	5.66386	3
35	5.66681	4
35	5.69395	5
35	5.73625	6
35	5.75213	2
35	5.75453	3
35	5.75804	4
35	5.78246	5
35	5.79945	6
35	5.80326	2
35	5.80496	3
35	5.8185	4
35	5.83643	5
35	5.88115	6
35	5.9064	2
35	5.90726	3
35	5.93181	4
35	5.94837	5
35	5.95519	6
35	5.99522	7
35	6.00253	2
35	6.01288	3
35	6.02068	4
35	6.03614	5
35	6.05111	2
35	6.06574	3
35	6.08261	4
35	6.09494	5
35	6.10086	2
35	6.1219	3
35	6.12926	4
35	6.14944	5
35	6.15041	2
35	6.16471	3
35	6.17139	4
35	6.18959	5
35	6.20353	2
35	6.21549	3
35	6.21873	4
35	6.24843	5
35	6.25013	2
35	6.25594	3
35	6.2716	4
35	6.28621	5
35	6.30193	2
35	6.32193	3
35	6.33805	4
35	6.34295	5
35	6.35988	2
35	6.36336	3
35	6.36962	4
35	6.38577	5
35	6.39818	6
35	6.40265	2
35	6.41354	3
35	6.42328	4
35	6.43295	5
35	6.47536	6
35	6.4947	7
35	6.50411	2
35	6.51165	3
35	6.53181	4
35	6.53733	5
35	6.55005	2
35	6.557	3
35	6.5659	4
35	6.57925	5
35	6.59366	6
35	6.60539	2
35	6.60722	3
35	6.61968	4
35	6.64245	5
35	6.65471	2
35	6.66439	3
35	6.67496	4
35	6.69016	5
35	6.71086	2
35	6.71488	3
35	6.72869	4
35	6.73459	5
35	6.75435	2
35	6.7603	3
35	6.77297	4
35	6.77881	5
35	6.80976	2
35	6.81414	3
35	6.81734	4
35	6.835	5
35	6.85339	2
35	6.86206	3
35	6.86695	4
35	6.87691	5
35	6.90381	2
35	6.90801	3
35	6.92437	4
35	6.93119	5
35	6.9482	6
35	6.9514	2
35	6.95493	3
35	6.96807	4
35	6.97147	5
35	6.99058	6
35	7.01112	2
35	7.01282	3
35	7.0265	4
35	7.03627	5
35	7.05138	2
35	7.05652	3
35	7.06391	4
35	7.08392	5
35	7.11692	2
35	7.11874	3
35	7.12228	4
35	7.12758	5
35	7.14682	6
35	7.15222	2
35	7.16021	3
35	7.16423	4
35	7.16755	5
35	7.18118	6
35	7.20772	2
35	7.21019	3
35	7.22436	4
35	7.23472	5
35	7.25004	2
35	7.25333	3
35	7.25993	4
35	7.27418	5
35	7.29389	6
35	7.30082	2
35	7.30252	3
35	7.3182	4
35	7.33198	5
35	7.35533	2
35	7.35896	3
35	7.36193	4
35	7.37316	5
35	7.38695	6
35	7.40037	2
35	7.40697	3
35	7.40996	4
35	7.426	5
35	7.44469	6
35	7.45397	2
35	7.45885	3
35	7.46392	4
35	7.47952	5
35	7.49496	6
35	7.50225	2
35	7.51283	3
35	7.51476	4
35	7.53289	5
35	7.54575	6
35	7.5546	2
35	7.55811	3
35	7.56151	4
35	7.57126	5
35	7.59105	6
35	7.60049	2
35	7.60369	3
35	7.6069	4
35	7.62208	5
35	7.63821	6
35	7.65393	2
35	7.66051	3
35	7.6734	4
35	7.69196	5
35	7.70547	2
35	7.70738	3
35	7.71043	4
35	7.71917	5
35	7.73429	6
35	7.75213	2
35	7.75553	3
35	7.75894	4
35	7.76564	5
35	7.78107	6
35	7.80127	2
35	7.80731	3
35	7.81647	4
35	7.82258	5
35	7.84276	6
35	7.85687	2
35	7.86869	3
35	7.88176	4
35	7.89047	5
35	7.90136	2
35	7.90472	3
35	7.90697	4
35	7.91693	5
35	7.93519	6
35	7.95101	2
35	7.95115	3
35	7.95285	4
35	7.95827	5
35	7.98854	6
35	8.00037	2
35	8.00207	3
35	8.01254	4
35	8.0166	5
35	8.03407	6
35	8.04918	7
35	8.05435	2
35	8.06481	3
35	8.07474	4
35	8.08668	5
35	8.10008	2
35	8.10178	3
35	8.10523	4
35	8.12386	5
35	8.13264	6
35	8.15092	2
35	8.15262	3
35	8.16121	4
35	8.1674	5
35	8.18859	6
35	8.20118	2
35	8.20861	3
35	8.21198	4
35	8.22661	5
35	8.24242	6
35	8.25059	2
35	8.25381	3
35	8.25973	4
35	8.2755	5
35	8.29616	6
35	8.30056	2
35	8.30963	3
35	8.32731	4
35	8.3355	5
35	8.34546	6
35	8.35067	2
35	8.36112	3
35	8.36459	4
35	8.38925	5
35	8.39542	6
35	8.40446	2
35	8.40786	3
35	8.41239	4
35	8.42589	5
35	8.43929	6
35	8.45092	2
35	8.45432	3
35	8.47086	4
35	8.47492	5
35	8.48777	6
35	8.49568	7
35	8.51715	8
35	8.55036	2
35	8.55905	3
35	8.56332	4
35	8.58094	5
35	8.59324	6
35	8.60012	2
35	8.60265	3
35	8.60661	4
35	8.61339	5
35	8.62995	6
35	8.64925	7
35	8.65095	2
35	8.65436	3
35	8.66068	4
35	8.66688	5
35	8.68528	6
35	8.69142	7
35	8.7023	2
35	8.70889	3
35	8.71947	4
35	8.73687	5
35	8.74922	6
35	8.76151	2
35	8.76679	3
35	8.78112	4
35	8.78474	5
35	8.79443	6
35	8.80068	2
35	8.80623	3
35	8.81781	4
35	8.82225	5
35	8.83326	6
35	8.85681	2
35	8.85957	3
35	8.86379	4
35	8.87236	5
35	8.88485	6
35	8.90002	2
35	8.90399	3
35	8.9077	4
35	8.91448	5
35	8.93401	6
35	8.95114	2
35	8.95284	3
35	8.9588	4
35	8.96777	5
35	8.98422	6
35	8.99759	7
35	9.00144	2
35	9.00417	3
35	9.01075	4
35	9.01671	5
35	9.03921	6
35	9.05629	2
35	9.06114	3
35	9.06701	4
35	9.08032	5
35	9.08822	6
35	9.1027	2
35	9.10684	3
35	9.11293	4
35	9.12297	5
35	9.13153	6
35	9.13979	7
35	9.1579	2
35	9.16637	3
35	9.17018	4
35	9.17685	5
35	9.19373	6
35	9.20228	2
35	9.20746	3
35	9.21078	4
35	9.22225	5
35	9.23647	6
35	9.25487	2
35	9.25828	3
35	9.26351	4
35	9.26713	5
35	9.27827	6
35	9.29532	7
35	9.30075	2
35	9.30338	3
35	9.3074	4
35	9.30912	5
35	9.32437	6
35	9.34116	7
35	9.35254	2
35	9.35594	3
35	9.37131	4
35	9.37698	5
35	9.38618	6
35	9.39932	7
35	9.405	2
35	9.41053	3
35	9.42151	4
35	9.43307	5
35	9.44271	6
35	9.45107	2
35	9.45277	3
35	9.45962	4
35	9.47069	5
35	9.47826	6
35	9.48335	7
35	9.50065	2
35	9.50503	3
35	9.51148	4
35	9.52047	5
35	9.5315	6
35	9.54717	7
35	9.55092	2
35	9.55734	3
35	9.55965	4
35	9.56944	5
35	9.5841	6
35	9.59796	7
35	9.60576	2
35	9.60791	3
35	9.61533	4
35	9.62064	5
35	9.6387	6
35	9.65141	2
35	9.65638	3
35	9.65829	4
35	9.66409	5
35	9.66971	6
35	9.67948	7
35	9.6969	8
35	9.70013	2
35	9.70183	3
35	9.70523	4
35	9.72208	5
35	9.73223	6
35	9.74436	7
35	9.75404	2
35	9.75873	3
35	9.76714	4
35	9.77526	5
35	9.78301	6
35	9.79296	7
35	9.80385	2
35	9.81317	3
35	9.82945	4
35	9.83184	5
35	9.83947	6
35	9.85016	2
35	9.8534	3
35	9.85527	4
35	9.86016	5
35	9.8655	6
35	9.87718	7
35	9.89753	8
35	9.9013	2
35	9.90382	3
35	9.90583	4
35	9.91596	5
35	9.92035	6
35	9.93911	7
35	9.95375	2
35	9.96014	3
35	9.96495	4
35	9.96978	5
35	9.98016	6
35	9.99036	7
