28	0.172707	2
28	0.410717	2
28	0.561559	3
28	0.7124	4
28	0.863242	2
28	0.886736	3
28	1.03758	4
28	1.10134	2
28	1.18842	3
28	1.32088	4
28	1.42643	2
28	1.42662	3
28	1.5153	4
28	1.66453	2
28	1.70973	3
28	1.79512	4
28	1.90415	2
28	1.90586	3
28	1.96775	4
28	2.10028	5
28	2.20576	6
28	2.31337	7
28	2.3566	2
28	2.39849	3
28	2.40197	4
28	2.48609	5
28	2.63955	6
28	2.66208	7
28	2.83477	8
28	2.8542	2
28	2.87777	3
28	2.94166	4
28	3.0074	5
28	3.1361	6
28	3.17977	2
28	3.18012	3
28	3.20104	4
28	3.28693	5
28	3.37446	6
28	3.4163	2
28	3.46082	3
28	3.50314	2
28	3.54709	3
28	3.54947	4
28	3.65513	5
28	3.71973	2
28	3.72064	3
28	3.72235	4
28	3.76331	2
28	3.80483	3
28	3.85012	4
28	3.89498	5
28	3.95576	2
28	3.98123	3
28	4.00247	4
28	4.06753	5
28	4.13165	6
28	4.21547	2
28	4.23878	3
28	4.24048	4
28	4.26205	5
28	4.33139	6
28	4.41312	7
28	4.45509	2
28	4.45679	3
28	4.52097	4
28	4.56405	2
28	4.58549	3
28	4.58719	4
28	4.6074	5
28	4.69847	6
28	4.75844	2
28	4.75898	3
28	4.76153	4
28	4.78174	5
28	4.8017	2
28	4.83072	3
28	4.88899	4
28	4.91045	2
28	4.91291	3
28	4.93416	4
28	4.95309	5
28	5.02515	6
28	5.06699	7
28	5.1085	8
28	5.152	9
28	5.21957	2
28	5.23666	3
28	5.24137	4
28	5.25943	2
28	5.26435	3
28	5.27943	4
28	5.29794	5
28	5.30463	6
28	5.34714	7
28	5.45568	8
28	5.47897	9
28	5.50067	2
28	5.53662	3
28	5.54615	4
28	5.56165	2
28	5.60719	3
28	5.62824	4
28	5.64554	5
28	5.66828	6
28	5.69549	7
28	5.71051	2
28	5.75766	2
28	5.77908	3
28	5.80162	4
28	5.81751	5
28	5.82939	6
28	5.86453	7
28	5.9335	2
28	5.93578	3
28	5.9735	4
28	5.99102	5
28	5.99886	6
28	6.02463	7
28	6.05982	2
28	6.06152	3
28	6.08432	4
28	6.12529	5
28	6.16365	6
28	6.17466	7
28	6.20723	2
28	6.21906	3
28	6.25903	2
28	6.27759	3
28	6.281	4
28	6.29712	5
28	6.33628	6
28	6.34729	7
28	6.43184	2
28	6.43466	3
28	6.45207	2
28	6.45505	3
28	6.47713	4
28	6.49154	5
28	6.50899	2
28	6.51086	3
28	6.51406	4
28	6.51751	5
28	6.56189	2
28	6.58252	3
28	6.58946	4
28	6.60717	2
28	6.61058	3
28	6.64981	4
28	6.67631	5
28	6.68776	6
28	6.70655	2
28	6.70947	3
28	6.72955	4
28	6.75552	2
28	6.76371	3
28	6.77819	4
28	6.82244	5
28	6.86182	6
28	6.86705	7
28	6.88803	8
28	6.9073	2
28	6.91227	3
28	6.92489	4
28	6.95978	2
28	6.97299	3
28	6.99508	4
28	7.00327	2
28	7.01798	3
28	7.03545	4
28	7.03892	5
28	7.06222	6
28	7.07491	7
28	7.11849	2
28	7.12657	3
28	7.14111	4
28	7.18759	5
28	7.20808	6
28	7.21459	7
28	7.25165	2
28	7.25523	3
28	7.25919	4
28	7.26259	5
28	7.29096	6
28	7.35893	2
28	7.37912	3
28	7.38249	4
28	7.38543	5
28	7.39007	6
28	7.40868	2
28	7.41255	3
28	7.43376	4
28	7.4505	2
28	7.45521	3
28	7.46073	4
28	7.46778	5
28	7.48937	6
28	7.53648	7
28	7.56289	8
28	7.59543	9
28	7.60639	2
28	7.61222	3
28	7.62919	4
28	7.64394	5
28	7.65577	6
28	7.67298	7
28	7.71094	2
28	7.72363	3
28	7.73025	4
28	7.73382	5
28	7.74879	6
28	7.78004	7
28	7.80178	2
28	7.80519	3
28	7.8328	4
28	7.84541	5
28	7.85129	2
28	7.85511	3
28	7.85869	4
28	7.86891	5
28	7.90055	2
28	7.90289	3
28	7.90459	4
28	7.91055	5
28	7.92825	6
28	7.9544	2
28	7.96408	3
28	7.9751	4
28	7.99624	5
28	8.03437	6
28	8.05072	2
28	8.05303	3
28	8.05814	4
28	8.07035	5
28	8.07992	6
28	8.08503	7
28	8.10097	2
28	8.10784	3
28	8.1216	4
28	8.12778	5
28	8.15218	6
28	8.18351	7
28	8.20758	2
28	8.2161	3
28	8.23466	4
28	8.25041	2
28	8.25156	3
28	8.25594	4
28	8.25805	5
28	8.26485	6
28	8.2927	7
28	8.30051	2
28	8.30302	3
28	8.31603	4
28	8.32903	5
28	8.3529	2
28	8.36068	3
28	8.37624	4
28	8.41394	5
28	8.42909	6
28	8.4342	7
28	8.45037	2
28	8.45397	3
28	8.46001	4
28	8.46568	5
28	8.48646	6
28	8.51066	2
28	8.51734	3
28	8.52905	4
28	8.54165	5
28	8.55176	2
28	8.55897	3
28	8.57355	4
28	8.57866	5
28	8.59999	6
28	8.60255	2
28	8.60486	3
28	8.6068	4
28	8.61248	5
28	8.6373	6
28	8.65772	7
28	8.70353	2
28	8.70769	3
28	8.71769	4
28	8.7295	5
28	8.73707	6
28	8.753	2
28	8.7547	3
28	8.76479	4
28	8.76976	5
28	8.77436	6
28	8.78458	7
28	8.81661	2
28	8.82481	3
28	8.8369	4
28	8.84359	5
28	8.85579	6
28	8.88707	7
28	8.9189	8
28	8.94109	9
28	8.95208	2
28	8.95437	3
28	8.95721	4
28	8.96232	5
28	8.96937	6
28	9.00207	2
28	9.01094	3
28	9.02059	4
28	9.03509	5
28	9.05043	2
28	9.05352	3
28	9.06848	4
28	9.07822	5
28	9.09503	6
28	9.11466	7
28	9.12984	8
28	9.15164	2
28	9.16346	3
28	9.16519	4
28	9.17863	5
28	9.19187	6
28	9.20313	2
28	9.20729	3
28	9.22307	4
28	9.23307	5
28	9.24351	6
28	9.25318	7
28	9.28983	8
28	9.30046	2
28	9.30367	3
28	9.30876	4
28	9.31414	5
28	9.32703	6
28	9.34271	7
28	9.37131	8
28	9.39511	9
28	9.40113	2
28	9.40336	3
28	9.41283	4
28	9.42831	5
28	9.43686	6
28	9.44959	7
28	9.46909	8
28	9.48998	9
28	9.52388	10
28	9.54958	11
28	9.55405	2
28	9.56376	3
28	9.57422	4
28	9.59626	5
28	9.60295	2
28	9.60466	3
28	9.61365	4
28	9.62089	5
28	9.63181	6
28	9.64002	7
28	9.64692	8
28	9.65308	2
28	9.65711	3
28	9.66413	4
28	9.66809	5
28	9.68152	6
28	9.70786	7
28	9.72165	8
28	9.76348	2
28	9.77628	3
28	9.78628	4
28	9.79309	5
28	9.80115	2
28	9.80698	3
28	9.81319	4
28	9.82319	5
28	9.82977	6
28	9.83685	7
28	9.8434	8
28	9.87722	9
28	9.89452	10
28	9.90043	2
28	9.90891	3
28	9.91426	4
28	9.94375	5
28	9.96714	6
28	9.98101	7
28	9.98953	8
