14	0.172634	2
14	0.367059	3
14	0.583365	4
14	0.799582	5
14	1.0158	2
14	1.10288	3
14	1.27552	4
14	1.44815	5
14	1.62078	6
14	1.7517	2
14	1.79342	3
14	1.83705	4
14	2.00963	2
14	2.01134	3
14	2.05322	2
14	2.18406	3
14	2.22756	4
14	2.3784	5
14	2.40028	2
14	2.44377	3
14	2.52933	4
14	2.65999	2
14	2.68017	3
14	2.72375	4
14	2.87459	5
14	2.91953	6
14	3.06711	7
14	3.1578	2
14	3.21986	3
14	3.23975	4
14	3.28353	5
14	3.31	2
14	3.39437	3
14	3.41464	4
14	3.43608	5
14	3.4609	2
14	3.58546	3
14	3.58803	4
14	3.60871	2
14	3.61068	3
14	3.65397	2
14	3.75999	3
14	3.7634	4
14	3.82302	2
14	3.8269	3
14	3.93262	4
14	3.93774	5
14	4.01915	6
14	4.06652	2
14	4.08867	3
14	4.10845	4
14	4.13009	5
14	4.21472	6
14	4.25759	2
14	4.28109	3
14	4.286	4
14	4.30045	2
14	4.32215	3
14	4.34056	4
14	4.36681	5
14	4.45872	6
14	4.51765	7
14	4.55768	2
14	4.57898	3
14	4.60693	4
14	4.63477	5
14	4.71208	2
14	4.71503	3
14	4.75696	2
14	4.7772	3
14	4.8074	4
14	4.82578	5
14	4.86587	6
14	4.95138	2
14	4.95319	3
14	4.98181	4
14	4.99522	5
14	5.02021	6
14	5.06232	2
14	5.08217	3
14	5.13265	4
14	5.16369	5
14	5.18627	6
14	5.21289	2
14	5.21463	3
14	5.30135	4
14	5.32708	5
14	5.33882	6
14	5.3523	2
14	5.36042	3
14	5.38416	4
14	5.41253	2
14	5.43085	3
14	5.46938	4
14	5.49577	5
14	5.51145	6
14	5.58387	7
14	5.60968	2
14	5.6203	3
14	5.62575	4
14	5.64707	5
14	5.68408	6
14	5.71086	2
14	5.72048	3
14	5.759	2
14	5.77611	3
14	5.77984	4
14	5.81668	5
14	5.85471	2
14	5.85794	3
14	5.86135	4
14	5.89808	5
14	5.94078	6
14	5.98937	7
14	6.01107	2
14	6.0169	3
14	6.03432	4
14	6.07072	5
14	6.09968	6
14	6.10115	2
14	6.10319	3
14	6.11479	4
14	6.17052	5
14	6.20866	2
14	6.21036	3
14	6.22875	4
14	6.24388	5
14	6.25052	2
14	6.25425	3
14	6.28541	4
14	6.33134	5
14	6.36781	6
14	6.39477	7
14	6.42356	8
14	6.50406	2
14	6.50802	3
14	6.51917	4
14	6.54988	5
14	6.55688	2
14	6.55904	3
14	6.56409	4
14	6.57925	5
14	6.61799	6
14	6.6431	7
14	6.71364	8
14	6.75353	2
14	6.76355	3
14	6.77226	4
14	6.78144	5
14	6.80395	2
14	6.81334	3
14	6.82884	4
14	6.8537	2
14	6.86083	3
14	6.86703	4
14	6.90904	5
14	6.94652	6
14	6.98669	7
14	7.00986	2
14	7.01968	3
14	7.02497	4
14	7.04049	5
14	7.08213	6
14	7.10724	7
14	7.16443	8
14	7.203	2
14	7.21479	3
14	7.22053	4
14	7.25485	2
14	7.25859	3
14	7.26686	4
14	7.30025	2
14	7.30167	3
14	7.32216	4
14	7.3361	5
14	7.36734	6
14	7.43183	7
14	7.46293	8
14	7.50883	2
14	7.51179	3
14	7.51812	4
14	7.54071	5
14	7.56324	6
14	7.60028	2
14	7.6136	3
14	7.62927	4
14	7.64337	5
14	7.65259	2
14	7.65906	3
14	7.69077	4
14	7.72827	5
14	7.75027	2
14	7.75772	3
14	7.76283	4
14	7.79169	5
14	7.81941	6
14	7.84368	7
14	7.90114	2
14	7.90884	3
14	7.9236	4
14	7.95215	2
14	7.95775	3
14	7.96169	4
14	7.97751	5
14	7.99886	6
14	8.00965	2
14	8.0189	3
14	8.03276	4
14	8.05464	2
14	8.08281	3
14	8.1037	4
14	8.12652	5
14	8.14997	6
14	8.16083	7
14	8.192	8
14	8.25699	2
14	8.27418	3
14	8.27763	4
14	8.299	5
14	8.30252	2
14	8.30941	3
14	8.31431	4
14	8.33283	5
14	8.34291	6
14	8.35313	2
14	8.35708	3
14	8.38372	4
14	8.40412	2
14	8.41949	3
14	8.42901	4
14	8.46386	5
14	8.48816	6
14	8.50383	2
14	8.50554	3
14	8.51384	4
14	8.52075	5
14	8.54051	6
14	8.56517	7
14	8.61626	8
14	8.64445	9
14	8.68648	10
14	8.7313	11
14	8.75546	2
14	8.75968	3
14	8.77492	4
14	8.79628	5
14	8.8137	6
14	8.85193	2
14	8.85621	3
14	8.86363	4
14	8.86804	5
14	8.88587	6
14	8.91292	7
14	8.9483	8
14	8.95381	2
14	8.96213	3
14	8.96965	4
14	8.99248	5
14	9.01561	2
14	9.02878	3
14	9.03265	4
14	9.04011	5
14	9.05815	6
14	9.08175	7
14	9.09515	8
14	9.12745	9
14	9.1636	2
14	9.1851	3
14	9.19262	4
14	9.20314	2
14	9.20698	3
14	9.21069	4
14	9.22329	5
14	9.23148	6
14	9.25098	2
14	9.25329	3
14	9.26487	4
14	9.27474	5
14	9.29664	6
14	9.30135	2
14	9.30217	3
14	9.31385	4
14	9.33546	5
14	9.38333	6
14	9.39593	7
14	9.40014	2
14	9.40376	3
14	9.40892	4
14	9.42322	5
14	9.42771	6
14	9.46464	7
14	9.50879	2
14	9.51057	3
14	9.51538	4
14	9.51927	5
14	9.53788	6
14	9.56538	7
14	9.58326	8
14	9.61767	9
14	9.66072	10
14	9.69	11
14	9.70127	2
14	9.70789	3
14	9.71442	4
14	9.72795	5
14	9.73361	6
14	9.7459	7
14	9.77205	8
14	9.81489	9
14	9.84552	10
14	9.85922	2
14	9.86093	3
14	9.87045	4
14	9.87974	5
14	9.90127	6
14	9.92328	7
14	9.9289	8
14	9.95357	2
14	9.96868	3
14	9.9704	4
14	9.98477	5
14	9.99673	6
