42	0.172611	2
42	0.3888	3
42	0.604988	2
42	0.777686	3
42	0.972086	4
42	1.03567	2
42	1.03893	3
42	1.25512	2
42	1.36089	3
42	1.55528	2
42	1.55847	3
42	1.75139	4
42	1.81823	2
42	1.94579	3
42	2.00945	2
42	2.14019	3
42	2.20555	2
42	2.29271	3
42	2.33629	4
42	2.46532	2
42	2.4872	3
42	2.53069	4
42	2.65802	2
42	2.68168	3
42	2.72339	2
42	2.72509	3
42	2.72823	4
42	2.87757	5
42	2.92263	6
42	2.98832	2
42	3.07057	3
42	3.11219	2
42	3.11389	3
42	3.11725	4
42	3.28973	5
42	3.30829	2
42	3.30999	3
42	3.31344	4
42	3.35522	2
42	3.45911	3
42	3.50439	4
42	3.50987	5
42	3.59049	2
42	3.63181	3
42	3.67696	2
42	3.69879	3
42	3.70087	4
42	3.76976	2
42	3.80765	3
42	3.85107	2
42	3.89208	3
42	3.89489	4
42	3.89867	5
42	3.91664	2
42	3.98035	3
42	4.06427	2
42	4.0881	3
42	4.08981	4
42	4.09491	5
42	4.15304	2
42	4.15676	3
42	4.21914	2
42	4.23688	3
42	4.28259	4
42	4.28599	5
42	4.30666	2
42	4.33298	3
42	4.40949	2
42	4.41822	3
42	4.45801	2
42	4.47857	3
42	4.48027	4
42	4.48523	5
42	4.50227	2
42	4.57095	2
42	4.60761	3
42	4.67139	2
42	4.67309	3
42	4.67637	4
42	4.67978	5
42	4.69598	6
42	4.82089	2
42	4.84579	3
42	4.86749	4
42	4.87247	5
42	4.87771	6
42	4.91097	2
42	4.93571	3
42	4.95283	4
42	5.00342	2
42	5.03998	3
42	5.06198	2
42	5.06494	3
42	5.06858	4
42	5.07198	5
42	5.10903	2
42	5.1255	3
42	5.17369	2
42	5.19761	3
42	5.22446	4
42	5.25957	5
42	5.26468	6
42	5.29811	7
42	5.303	2
42	5.32816	3
42	5.39708	4
42	5.41504	2
42	5.42935	3
42	5.45374	4
42	5.45726	5
42	5.46237	6
42	5.48237	7
42	5.50128	2
42	5.55781	2
42	5.57122	3
42	5.60548	2
42	5.62539	3
42	5.62994	4
42	5.64814	5
42	5.65076	2
42	5.65336	3
42	5.65677	4
42	5.66334	5
42	5.71718	2
42	5.72562	3
42	5.78811	4
42	5.80255	2
42	5.81646	3
42	5.82528	4
42	5.84785	5
42	5.85125	2
42	5.85506	3
42	5.86619	4
42	5.90131	2
42	5.91474	3
42	5.94181	4
42	5.97052	2
42	5.98539	3
42	5.99272	4
42	6.00559	2
42	6.01461	3
42	6.03865	4
42	6.04434	5
42	6.05078	2
42	6.05248	3
42	6.07807	4
42	6.09773	5
42	6.10294	2
42	6.1319	3
42	6.15813	2
42	6.16052	3
42	6.16533	4
42	6.19044	5
42	6.20901	2
42	6.21686	3
42	6.23376	4
42	6.23976	5
42	6.26053	2
42	6.27183	3
42	6.2938	4
42	6.30378	2
42	6.31392	3
42	6.32592	4
42	6.33794	5
42	6.35167	2
42	6.36988	3
42	6.38152	4
42	6.41482	2
42	6.42823	3
42	6.43105	4
42	6.44444	5
42	6.46712	2
42	6.48802	3
42	6.50574	2
42	6.50825	3
42	6.52753	4
42	6.54211	5
42	6.55551	2
42	6.56592	3
42	6.57592	4
42	6.5954	5
42	6.60374	2
42	6.61705	3
42	6.62263	4
42	6.62937	5
42	6.66072	2
42	6.67844	3
42	6.68251	4
42	6.68852	5
42	6.70774	2
42	6.73861	3
42	6.75012	2
42	6.75847	3
42	6.76993	4
42	6.7821	5
42	6.80392	2
42	6.81163	3
42	6.82077	4
42	6.82844	5
42	6.84935	6
42	6.85177	2
42	6.85512	3
42	6.87284	4
42	6.88454	5
42	6.91122	2
42	6.93108	3
42	6.9446	4
42	6.95032	2
42	6.96245	3
42	6.96604	4
42	6.97251	5
42	6.99829	6
42	7.00175	2
42	7.01175	3
42	7.01752	4
42	7.02433	5
42	7.0305	6
42	7.06563	2
42	7.0752	3
42	7.09505	4
42	7.10073	2
42	7.11342	3
42	7.1309	4
42	7.1417	5
42	7.15693	2
42	7.16214	3
42	7.17755	4
42	7.18621	5
42	7.20198	2
42	7.20865	3
42	7.21303	4
42	7.21806	5
42	7.22316	6
42	7.26425	2
42	7.27343	3
42	7.28603	4
42	7.29517	5
42	7.3092	2
42	7.3165	3
42	7.33439	4
42	7.35481	2
42	7.36194	3
42	7.37237	4
42	7.3907	5
42	7.4007	2
42	7.4041	3
42	7.40729	4
42	7.41238	5
42	7.4193	6
42	7.44569	7
42	7.46056	2
42	7.46536	3
42	7.47612	4
42	7.49057	5
42	7.51616	2
42	7.5305	3
42	7.54498	4
42	7.55228	2
42	7.55802	3
42	7.56486	4
42	7.58507	5
42	7.602	2
42	7.6037	3
42	7.60861	4
42	7.6137	5
42	7.62231	6
42	7.65043	2
42	7.65214	3
42	7.66814	4
42	7.68026	5
42	7.71759	2
42	7.72759	3
42	7.73589	4
42	7.7515	2
42	7.75385	3
42	7.76065	4
42	7.77967	5
42	7.7998	6
42	7.80298	2
42	7.8048	3
42	7.80809	4
42	7.8115	5
42	7.83988	6
42	7.8644	2
42	7.87123	3
42	7.88271	4
42	7.90432	2
42	7.91156	3
42	7.92478	4
42	7.93369	5
42	7.94995	6
42	7.95505	2
42	7.96442	3
42	7.97459	4
42	7.99527	5
42	8.00079	6
42	8.00697	7
42	8.05207	2
42	8.05919	3
42	8.06311	4
42	8.07771	5
42	8.09345	6
42	8.10686	2
42	8.10856	3
42	8.12088	4
42	8.14368	5
42	8.15566	2
42	8.16092	3
42	8.17439	4
42	8.18949	5
42	8.19459	6
42	8.20024	2
42	8.202	3
42	8.20667	4
42	8.24451	5
42	8.2657	6
42	8.27988	7
42	8.30059	2
42	8.30416	3
42	8.31537	4
42	8.336	5
42	8.34463	6
42	8.35793	2
42	8.36012	3
42	8.36802	4
42	8.38755	5
42	8.3931	6
42	8.4024	2
42	8.40651	3
42	8.42883	4
42	8.4407	5
42	8.45543	2
42	8.46092	3
42	8.46432	4
42	8.47428	5
42	8.50351	2
42	8.5081	3
42	8.51487	4
42	8.53231	5
42	8.53997	6
42	8.55338	2
42	8.56378	3
42	8.58184	4
42	8.58695	5
42	8.60144	2
42	8.6122	3
42	8.61842	4
42	8.64628	5
42	8.6522	2
42	8.65567	3
42	8.6624	4
42	8.67145	5
42	8.69525	6
42	8.70492	2
42	8.70833	3
42	8.7123	4
42	8.71769	5
42	8.73081	6
42	8.75956	2
42	8.7747	3
42	8.77811	4
42	8.78185	5
42	8.78496	6
42	8.79273	7
42	8.83293	8
42	8.85103	2
42	8.85574	3
42	8.85804	4
42	8.86919	5
42	8.8923	6
42	8.90119	2
42	8.90655	3
42	8.9235	4
42	8.92861	5
42	8.94792	6
42	8.95913	2
42	8.9613	3
42	8.96704	4
42	8.97423	5
42	8.97766	6
42	8.98376	7
42	9.00076	2
42	9.01486	3
42	9.02379	4
42	9.0512	2
42	9.0529	3
42	9.05961	4
42	9.06626	5
42	9.09772	6
42	9.10095	2
42	9.11635	3
42	9.12131	4
42	9.12805	5
42	9.14368	6
42	9.15071	2
42	9.16175	3
42	9.17008	4
42	9.1733	5
42	9.17686	6
42	9.18493	7
42	9.20576	2
42	9.21423	3
42	9.21935	4
42	9.2346	5
42	9.24924	6
42	9.25094	2
42	9.25193	3
42	9.25691	4
42	9.26691	5
42	9.2795	6
42	9.31097	7
42	9.31884	8
42	9.3502	2
42	9.36424	3
42	9.36618	4
42	9.37111	5
42	9.37461	6
42	9.38721	7
42	9.4016	2
42	9.40419	3
42	9.41053	4
42	9.41453	5
42	9.42981	6
42	9.44611	7
42	9.45214	2
42	9.45659	3
42	9.48447	4
42	9.49178	5
42	9.4991	6
42	9.50712	2
42	9.51017	3
42	9.51197	4
42	9.51886	5
42	9.53048	6
42	9.5544	2
42	9.5578	3
42	9.5622	4
42	9.56561	5
42	9.56931	6
42	9.57591	7
42	9.58861	8
42	9.60079	2
42	9.61125	3
42	9.62421	4
42	9.64269	5
42	9.65127	2
42	9.66097	3
42	9.66778	4
42	9.68409	5
42	9.69521	6
42	9.70571	2
42	9.70861	3
42	9.71031	4
42	9.71648	5
42	9.72986	6
42	9.74098	7
42	9.75497	2
42	9.75704	3
42	9.76161	4
42	9.76392	5
42	9.76688	6
42	9.77199	7
42	9.77754	8
42	9.81978	9
42	9.8584	2
42	9.86196	3
42	9.86768	4
42	9.87279	5
42	9.88609	6
42	9.90481	2
42	9.90894	3
42	9.91723	4
42	9.92345	5
42	9.93484	6
42	9.93995	7
42	9.95422	2
42	9.95787	3
42	9.96168	4
42	9.96354	5
42	9.96679	6
42	9.97365	7
42	9.99357	8
