1	1.04861	10	4
1	1.09038	15	9
1	1.09808	20	14
1	1.13215	25	19
1	1.3504	30	130
1	1.61089	35	290
1	1.90521	40	475
1	2.1	21	595
1	2.1	21	595
1	2.1	21	595
1	2.1	21	595
1	2.15	23	626
1	2.25125	25	664
1	2.51814	30	799
1	2.75	17	930
1	2.8	19	958
1	2.82126	20	967
1	2.85	20	973
1	2.95	11	1021
1	3	13	1040
1	3.05	7	1052
1	3.11877	10	1069
1	3.33189	15	1129
1	3.54501	20	1214
1	3.75812	25	1324
1	3.97941	30	1459
1	4.25919	35	1619
1	4.56121	40	1804
1	4.90858	45	2014
1	5.05	23	2096
1	5.07113	25	2120
1	5.1	25	2126
1	5.15	25	2137
1	5.25	26	2169
1	5.3	27	2183
1	5.35	14	2200
1	5.35375	15	2200
1	5.4	16	2217
1	5.45	16	2225
1	5.55	8	2243
1	5.6	9	2252
1	5.61839	10	2252
1	5.65	10	2255
1	5.75	5	2267
1	5.8	6	2273
1	5.85	3	2276
1	5.91248	5	2280
1	5.95	2	2282
1	6	2	2286
1	6.09323	5	2293
1	6.30635	10	2328
1	6.52122	15	2388
1	6.73863	20	2473
1	6.95605	25	2583
1	7.18776	30	2718
1	7.47354	35	2878
1	7.78069	40	3063
1	8.15888	45	3273
1	8.2	22	3301
1	8.25	24	3330
1	8.31598	25	3348
1	8.35	25	3350
1	8.4	25	3370
1	8.45	26	3385
1	8.5	27	3400
1	8.55	27	3418
1	8.6	14	3436
1	8.60061	15	3436
1	8.7	16	3465
1	8.75	8	3478
1	8.78696	10	3487
1	8.8	10	3488
1	8.9	5	3498
1	8.95	6	3504
1	9.05	3	3511
1	9.09409	5	3515
1	9.1	2	3516
1	9.2	2	3521
1	9.30378	5	3528
1	9.5169	10	3563
1	9.73001	15	3623
1	9.9472	20	3708
1	10.1646	25	3818
1	10.3963	30	3953
1	10.6821	35	4113
1	10.9893	40	4298
1	11.3674	45	4508
1	11.4	22	4536
1	11.45	24	4565
1	11.5245	25	4583
1	11.55	25	4585
1	11.6	25	4597
1	11.65	26	4618
1	11.7	27	4635
1	11.75	27	4653
1	11.8	14	4671
1	11.8006	15	4671
1	11.9	16	4698
1	11.95	8	4713
1	11.9905	10	4722
1	12	10	4723
1	12.1	5	4733
1	12.15	6	4739
1	12.25	3	4746
1	12.2941	5	4750
1	12.3	2	4751
1	12.4	2	4756
1	12.5038	5	4763
1	12.7169	10	4798
1	12.93	15	4858
1	13.1431	20	4943
1	13.3581	25	5053
1	13.5934	30	5188
1	13.8843	35	5348
1	14.2223	40	5533
1	14.55	22	5722
1	14.6	24	5750
1	14.6857	25	5769
1	14.7	25	5770
1	14.75	25	5785
1	14.8	26	5804
1	14.85	26	5819
1	14.9	13	5838
1	14.9406	15	5852
1	14.95	15	5855
1	15.05	16	5869
1	15.1	16	5879
1	15.15	8	5890
1	15.1835	10	5899
1	15.25	10	5906
1	15.3	5	5912
1	15.4	3	5925
1	15.45	4	5929
1	15.4776	5	5929
1	15.55	3	5936
1	15.5753	5	5940
1	15.7884	10	5975
1	16.0036	15	6035
1	16.221	20	6120
1	16.4384	25	6230
1	16.6667	30	6365
1	16.9525	35	6525
1	17.2597	40	6710
1	17.6378	45	6920
1	17.7	22	6964
1	17.75	24	6993
1	17.8	24	7003
1	17.8335	25	7011
1	17.85	25	7014
1	17.9	25	7027
1	18	27	7064
1	18.05	27	7085
1	18.1	14	7104
1	18.1006	15	7104
1	18.15	16	7123
1	18.25	8	7141
1	18.2753	10	7150
1	18.3	10	7151
1	18.35	10	7158
1	18.45	6	7173
1	18.5	4	7181
1	18.5171	5	7181
1	18.6	3	7189
1	18.65	2	7193
1	18.7373	5	7200
1	18.9504	10	7235
1	19.1635	15	7295
1	19.3767	20	7380
1	19.5933	25	7490
1	19.8189	30	7625
1	20.0995	35	7785
1	20.4016	40	7970
1	20.7489	45	8180
1	20.9	23	8273
1	20.9379	25	8297
1	20.95	25	8304
1	21	25	8315
1	21.05	26	8327
1	21.1	26	8341
1	21.2	28	8384
1	21.25	28	8403
1	21.3	14	8424
1	21.3018	15	8424
1	21.35	16	8444
1	21.45	17	8464
1	21.5	9	8479
1	21.5006	10	8479
1	21.55	5	8491
1	21.65	3	8499
1	21.7	4	8502
1	21.7418	5	8503
1	21.75	2	8504
1	21.85	2	8509
1	21.9515	5	8516
1	22.1646	10	8551
1	22.3777	15	8611
1	22.5908	20	8696
1	22.8039	25	8806
1	23.0392	30	8941
1	23.3301	35	9101
1	23.6681	40	9286
1	24	22	9475
1	24.05	24	9503
1	24.1367	25	9522
1	24.15	25	9523
1	24.2	25	9543
1	24.25	26	9557
1	24.3	26	9572
1	24.35	13	9591
1	24.3907	15	9605
1	24.4	15	9608
1	24.5	16	9622
1	24.55	16	9632
1	24.6	8	9644
1	24.6353	10	9653
1	24.7	10	9660
1	24.75	5	9666
1	24.85	3	9678
1	24.9	4	9682
1	24.9097	5	9682
1	25	3	9691
1	25.0359	5	9695
1	25.249	10	9730
1	25.4644	15	9790
1	25.6818	20	9875
1	25.8992	25	9985
1	27.1	2	10083
1	27.1	2	10083
1	27.1	2	10083
1	27.1	2	10083
1	27.1	2	10083
1	27.1	2	10083
1	27.1	2	10083
1	27.1	2	10083
1	27.1	2	10083
1	27.1	2	10083
1	27.1	2	10083
1	27.1	2	10083
1	27.1	2	10083
1	27.1	2	10083
1	27.1	2	10083
1	27.1	2	10083
1	27.1363	5	10090
1	27.2434	10	10125
1	27.3962	15	10185
1	27.5641	20	10270
1	27.7744	25	10380
1	27.9922	30	10515
1	28.2827	35	10675
1	28.6202	40	10860
1	28.75	20	10940
1	28.8	22	10968
1	28.8	22	10968
1	28.85	22	10980
1	28.9	23	10993
1	28.95	24	11010
1	28.9965	25	11030
1	29	12	11035
1	29.05	14	11053
1	29.1218	15	11062
1	29.15	15	11071
1	29.2	8	11082
1	29.213	10	11091
1	29.25	5	11094
1	29.3	3	11103
1	29.3391	5	11107
1	29.35	2	11108
1	29.4244	5	11115
1	29.45	2	11116
1	29.5	2	11121
1	29.5496	5	11128
1	29.55	2	11129
1	29.5931	5	11136
1	29.65	3	11146
1	29.6766	5	11150
1	29.7	2	11155
1	29.7218	5	11162
1	29.8514	10	11197
1	30.0192	15	11257
1	30.1923	20	11342
1	30.3759	25	11452
1	30.6151	30	11587
1	30.8757	35	11747
1	31.2072	40	11932
1	31.4	21	12042
1	31.45	23	12071
1	31.5	23	12083
1	31.55	24	12104
1	31.5861	25	12111
1	31.6	25	12122
1	31.65	13	12139
1	31.679	15	12153
1	31.7	15	12157
1	31.75	15	12166
1	31.8	8	12176
1	31.8266	10	12185
1	31.85	5	12189
1	31.9	6	12195
1	32	4	12204
1	32.0006	5	12204
1	32.05	3	12210
1	32.0679	5	12214
1	32.1	2	12215
1	32.15	2	12221
1	32.194	5	12228
1	32.25	3	12238
1	32.2784	5	12242
1	32.3	2	12246
1	32.3236	5	12253
1	32.4	3	12263
1	32.4054	5	12267
1	32.5333	10	12302
1	32.6994	15	12362
1	32.8707	20	12447
1	33.0604	25	12557
1	33.3039	30	12692
1	33.5688	35	12852
1	33.9063	40	13037
1	34.05	20	13116
1	34.1	22	13144
1	34.15	22	13155
1	34.2	23	13171
1	34.25	24	13185
1	34.3	24	13201
1	34.3099	25	13206
1	34.35	12	13219
1	34.4	14	13237
1	34.4458	15	13246
1	34.45	15	13250
1	34.5	8	13262
1	34.5336	10	13271
1	34.55	5	13274
1	34.6	3	13281
1	34.6222	5	13285
1	34.65	2	13286
1	34.7083	5	13293
1	34.75	2	13296
1	34.8	2	13303
1	34.85	2	13308
1	34.9197	5	13315
1	34.95	3	13321
1	34.9649	5	13325
1	35	2	13330
1	35.011	5	13337
1	35.1422	10	13372
1	35.3136	15	13432
1	35.4875	20	13517
1	35.6737	25	13627
1	35.9129	30	13762
1	36.1735	35	13922
1	36.505	40	14107
1	36.7	21	14220
1	36.75	23	14249
1	36.8	23	14261
1	36.85	24	14282
1	36.8861	25	14289
1	36.9	25	14297
1	36.95	25	14314
1	37	13	14337
1	37.0365	15	14351
1	37.05	15	14356
1	37.1	15	14366
1	37.15	8	14379
1	37.1835	10	14388
1	37.2	5	14391
1	37.3	3	14403
1	37.3123	5	14407
1	37.35	2	14408
1	37.3975	5	14415
1	37.4	2	14416
1	37.45	2	14421
1	37.5228	5	14428
1	37.55	2	14432
1	37.6	2	14439
1	37.6472	5	14446
1	37.65	2	14450
1	37.6919	5	14457
1	37.824	10	14492
1	37.9928	15	14552
1	38.1642	20	14637
1	38.3573	25	14747
1	38.6008	30	14882
1	38.8656	35	15042
1	39.2032	40	15227
1	39.35	21	15309
1	39.4	23	15338
1	39.45	23	15350
1	39.5	24	15363
1	39.55	24	15378
1	39.5537	25	15378
1	39.6	25	15400
1	39.65	13	15425
1	39.6876	15	15439
1	39.7	15	15444
1	39.75	15	15454
1	39.8	8	15465
1	39.818	10	15474
1	39.85	5	15477
1	39.9	3	15484
1	39.9179	5	15488
1	39.95	2	15489
1	40.0031	5	15496
1	40.05	3	15502
1	40.0875	5	15506
1	40.1	2	15508
1	40.15	2	15514
1	40.2119	5	15521
1	40.25	3	15527
1	40.2563	5	15531
1	40.3	3	15542
1	40.3381	5	15546
1	40.4651	10	15581
1	40.6015	15	15641
1	40.7719	20	15726
1	40.9872	25	15836
1	41.2051	30	15971
1	41.4956	35	16131
1	41.8331	40	16316
1	41.95	20	16393
1	42	22	16421
1	42.05	22	16432
1	42.1	23	16444
1	42.15	23	16458
1	42.2	24	16473
1	42.2094	25	16483
1	42.25	12	16499
1	42.3	14	16517
1	42.35	14	16526
1	42.3696	15	16526
1	42.4	15	16536
1	42.45	8	16548
1	42.4608	10	16557
1	42.5	5	16561
1	42.6	4	16578
1	42.6006	5	16578
1	42.65	3	16585
1	42.6713	5	16589
1	42.7	2	16592
1	42.75	2	16598
1	42.7984	5	16605
1	42.85	3	16618
1	42.8853	5	16622
1	42.9	3	16628
1	42.9296	5	16632
1	43.0618	10	16667
1	43.2306	15	16727
1	43.4019	20	16812
1	43.5916	25	16922
1	43.8351	30	17057
1	44.1	35	17217
1	44.4375	40	17402
1	44.55	20	17474
1	44.6	22	17502
1	44.65	22	17513
1	44.7	23	17525
1	44.75	23	17539
1	44.8	24	17554
1	44.8095	25	17564
1	44.85	12	17579
1	44.9	14	17597
1	44.95	14	17606
1	44.9696	15	17606
1	45	15	17616
1	45.05	8	17628
1	45.0617	10	17637
1	45.1	5	17641
1	45.2	4	17658
1	45.2006	5	17658
1	45.25	3	17665
1	45.2722	5	17669
1	45.3	2	17672
1	45.3557	5	17679
1	45.4	3	17688
1	45.4393	5	17692
1	45.45	2	17697
1	45.4853	5	17704
1	45.5	2	17705
1	45.5289	5	17712
1	45.6627	10	17747
1	45.8341	15	17807
1	46.0071	20	17892
1	46.1976	25	18002
1	46.4412	30	18137
1	46.7317	35	18297
1	47.0435	40	18482
1	47.2	21	18570
1	47.2	21	18570
1	47.25	23	18598
1	47.3	23	18610
1	47.35	24	18623
1	47.4	24	18638
1	47.4045	25	18639
1	47.45	25	18660
1	47.5	13	18686
1	47.5375	15	18700
1	47.55	15	18705
1	47.6	15	18715
1	47.7	8	18738
1	47.7097	10	18747
1	47.75	10	18752
1	47.8	5	18764
1	47.85	3	18773
1	47.8793	5	18777
1	47.95	3	18784
1	47.9645	5	18788
1	48	2	18790
1	48.0472	5	18797
1	48.05	2	18801
1	48.1298	5	18808
1	48.15	3	18815
1	48.175	5	18819
1	48.2	2	18824
1	48.2202	5	18831
1	48.3497	10	18866
1	48.5159	15	18926
1	48.6861	20	19011
1	48.8792	25	19121
1	49.127	30	19256
1	49.4227	35	19416
1	49.7662	40	19601
1	49.85	20	19641
1	49.85	20	19641
1	49.9	22	19668
1	49.95	22	19680
1	50	23	19702
1	50.05	24	19720
1	50.0843	25	19731
1	50.1	12	19737
1	50.15	14	19755
1	50.2	14	19764
1	50.2096	15	19764
1	50.3	8	19794
1	50.34	10	19803
1	50.35	5	19806
1	50.4	3	19813
1	50.427	5	19817
1	50.45	2	19818
1	50.5	2	19822
1	50.554	5	19829
1	50.6	3	19837
1	50.6383	5	19841
1	50.65	2	19844
1	50.7202	5	19851
1	50.75	3	19858
1	50.7653	5	19862
1	50.8	2	19867
1	50.8105	5	19874
1	50.9401	10	19909
1	51.1185	15	19969
1	51.2952	20	20054
1	51.501	25	20164
1	52.547	10	20170
1	52.55	5	20171
1	52.55	5	20171
1	52.55	5	20171
1	52.6783	10	20201
1	52.8737	15	20261
1	53.0925	20	20346
1	53.3864	25	20456
1	53.735	30	20591
1	53.95	16	20676
1	54	18	20695
1	54.05	18	20702
1	54.1	18	20710
1	54.15	19	20719
1	54.195	20	20730
1	54.2	10	20736
1	54.25	12	20748
1	54.35	6	20760
1	54.4	7	20767
1	54.45	4	20770
1	54.4618	5	20770
1	54.55	3	20777
1	54.6	2	20780
1	54.7	2	20785
1	54.75	1	20788
1	54.85	2	20797
1	54.9	2	20802
1	54.9455	5	20809
1	55.0943	10	20844
1	55.281	15	20904
1	55.4659	20	20989
1	55.644	25	21099
1	55.8594	30	21234
1	56.1071	35	21394
1	56.3976	40	21579
1	56.7112	45	21789
1	56.9	23	21906
1	56.9419	25	21930
1	56.95	25	21938
1	57	25	21950
1	57.05	26	21963
1	57.1	26	21978
1	57.15	27	21996
1	57.2	28	22021
1	57.25	14	22046
1	57.2506	15	22046
1	57.3	16	22067
1	57.35	16	22077
1	57.4	17	22088
1	57.5	9	22122
1	57.5002	10	22122
1	57.55	11	22137
1	57.6	6	22146
1	57.7	4	22163
1	57.7048	5	22163
1	57.75	3	22173
1	57.7908	5	22177
1	57.8	2	22181
1	57.8752	5	22188
1	57.9	2	22193
1	57.9588	5	22200
1	58.0917	10	22235
1	58.2963	15	22295
1	58.4736	20	22380
1	58.6578	25	22490
1	58.8712	30	22625
1	59.1147	35	22785
1	59.3795	40	22970
1	59.7085	45	23180
1	59.95	24	23338
1	59.9503	25	23338
1	60	26	23371
1	60.05	26	23384
1	60.1	27	23405
1	60.15	28	23424
1	60.2	28	23442
1	60.25	14	23461
1	60.2512	15	23461
1	60.3	16	23481
1	60.35	16	23490
1	60.4	17	23507
1	60.5	9	23534
1	60.5088	10	23534
1	60.55	11	23548
1	60.6	6	23556
1	60.65	4	23565
1	60.6527	5	23565
1	60.75	3	23577
1	60.7864	5	23581
1	60.8	2	23583
1	60.8708	5	23590
1	60.9	2	23594
1	60.95	2	23600
1	60.9969	5	23607
1	61.1393	10	23642
1	61.3311	15	23702
1	61.505	20	23787
1	61.6857	25	23897
1	61.8975	30	24032
1	62.141	35	24192
1	62.4058	40	24377
1	62.7348	45	24587
1	62.95	24	24739
1	62.9501	25	24739
1	63	26	24772
1	63.05	26	24785
1	63.1	27	24799
1	63.15	27	24815
1	63.2	28	24834
1	63.25	14	24860
1	63.2502	15	24860
1	63.3	16	24880
1	63.4	17	24898
1	63.45	9	24909
1	63.4531	10	24909
1	63.5	5	24921
1	63.55	6	24927
1	63.6	3	24930
1	63.654	5	24934
1	63.7	2	24938
1	63.75	3	24941
1	63.8	2	24944
1	63.8753	5	24951
1	63.9	2	24953
1	63.9481	5	24960
1	63.95	2	24961
1	64.0014	5	24968
1	64.1577	10	25003
1	64.3356	15	25063
1	64.5095	20	25148
1	64.7064	25	25258
1	64.902	30	25393
1	65.1455	35	25553
1	65.4308	40	25738
1	65.7393	45	25948
1	65.95	24	26090
1	65.9666	25	26090
1	66	26	26123
1	66.05	26	26136
1	66.1	27	26150
1	66.15	27	26166
1	66.2	28	26189
1	66.25	14	26216
1	66.2505	15	26216
1	66.35	16	26244
1	66.4	17	26253
1	66.45	17	26264
1	66.5	9	26282
1	66.5002	10	26282
1	66.55	5	26295
1	66.65	3	26306
1	66.7	4	26310
1	66.709	5	26310
1	66.75	2	26313
1	66.827	5	26320
1	66.85	2	26323
1	66.9	2	26328
1	66.95	2	26333
1	66.9949	5	26340
1	67.1335	10	26375
1	67.329	15	26435
1	67.506	20	26520
1	67.685	25	26630
1	67.8933	30	26765
1	68.1359	35	26925
1	68.4008	40	27110
1	68.7297	45	27320
1	68.95	24	27474
1	68.9681	25	27474
1	69	26	27507
1	69.05	26	27520
1	69.1	27	27534
1	69.15	27	27550
1	69.2	28	27573
1	69.25	14	27599
1	69.2503	15	27599
1	69.3	16	27619
1	69.35	16	27628
1	69.45	9	27649
1	69.4531	10	27649
1	69.5	5	27661
1	69.55	6	27667
1	69.6	3	27672
1	69.6821	5	27676
1	69.7	2	27678
1	69.75	3	27681
1	69.8	2	27684
1	69.8761	5	27691
1	69.9	2	27696
1	69.95	2	27702
1	70.0032	5	27709
1	70.1484	10	27744
1	70.3373	15	27804
1	70.5208	20	27889
1	70.6999	25	27999
1	70.9056	30	28134
1	71.1439	35	28294
1	71.4045	40	28479
1	71.707	45	28689
1	72	24	28888
1	72.0001	25	28888
1	72.05	26	28922
1	72.1	26	28935
1	72.15	27	28949
1	72.2	27	28965
1	72.25	28	28984
1	72.3	29	29010
1	72.336	30	29023
1	72.4	15	29061
1	72.45	17	29084
1	72.5	18	29095
1	72.55	18	29108
1	72.6	9	29127
1	72.6002	10	29127
1	72.65	11	29142
1	72.75	6	29161
1	72.8	4	29172
1	72.8074	5	29172
1	72.85	3	29179
1	72.8597	5	29183
1	72.95	3	29198
1	72.9858	5	29202
1	73	2	29206
1	73.0685	5	29213
1	73.2015	10	29248
1	73.4032	15	29308
1	73.5805	20	29393
1	73.7647	25	29503
1	73.9807	30	29638
1	74.2285	35	29798
1	74.5198	40	29983
1	74.8326	45	30193
1	75.95	2	30249
1	75.95	2	30249
1	75.95	2	30249
1	75.95	2	30249
1	75.95	2	30249
1	75.95	2	30249
1	75.95	2	30249
1	75.95	2	30249
1	75.95	2	30249
1	75.95	2	30249
1	75.95	2	30249
1	75.95	2	30249
1	75.95	2	30249
1	75.95	2	30249
1	75.95	2	30249
1	75.95	2	30249
1	75.95	2	30249
1	75.95	2	30249
1	75.9866	5	30256
1	76.0936	10	30291
1	76.2441	15	30351
1	76.4112	20	30436
1	76.5954	25	30546
1	76.771	30	30681
1	76.9527	35	30841
1	77.1444	40	31026
1	77.3346	45	31236
1	77.5358	50	31471
1	77.801	55	31731
1	78.1014	60	32016
1	78.4317	65	32326
1	78.5	33	32394
1	78.5378	35	32428
1	78.55	35	32441
1	78.6	35	32459
1	78.6	35	32459
1	78.6	35	32459
1	78.6	35	32459
1	78.6	35	32459
1	78.6	35	32459
1	78.6	35	32459
1	78.65	36	32484
1	78.7	37	32511
1	78.75	38	32546
1	78.8396	40	32613
1	78.85	20	32623
1	78.9	22	32656
1	78.95	23	32673
1	79	24	32692
1	79.0467	25	32713
1	79.05	12	32717
1	79.1179	15	32744
1	79.15	15	32755
1	79.2	8	32770
1	79.2267	10	32779
1	79.25	5	32785
1	79.3	3	32795
1	79.3136	5	32799
1	79.4	3	32816
1	79.4389	5	32820
1	79.45	2	32825
1	79.485	5	32832
1	79.5	2	32833
1	79.5276	5	32840
1	79.6572	10	32875
1	79.8258	15	32935
1	79.9989	20	33020
1	80.1877	25	33130
1	80.4272	30	33265
1	80.688	35	33425
1	81.0198	40	33610
1	81.2	21	33719
1	81.25	23	33748
1	81.3	23	33760
1	81.35	24	33773
1	81.3956	25	33788
1	81.4	25	33794
1	81.45	13	33817
1	81.4894	15	33831
1	81.5	15	33835
1	81.55	15	33844
1	81.6	8	33854
1	81.6276	10	33863
1	81.65	5	33865
1	81.7	6	33871
1	81.8	4	33883
1	81.8015	5	33883
1	81.85	3	33889
1	81.8841	5	33893
1	81.9	2	33894
1	81.95	2	33899
1	82.0111	5	33906
1	82.05	2	33910
1	82.0947	5	33917
1	82.1	3	33924
1	82.1407	5	33928
1	82.2	3	33942
1	82.2259	5	33946
1	82.3564	10	33981
1	82.5251	15	34041
1	82.6965	20	34126
1	82.8828	25	34236
1	83.0974	30	34371
1	83.3831	35	34531
1	83.6901	40	34716
1	83.9	21	34839
1	83.95	23	34868
1	84	23	34880
1	84	23	34880
1	84.05	24	34894
1	84.0852	25	34908
1	84.1	25	34910
1	84.15	13	34935
1	84.1887	15	34949
1	84.2	15	34954
1	84.3	8	34974
1	84.3192	10	34983
1	84.35	5	34985
1	84.4	6	34991
1	84.45	3	34998
1	84.488	5	35002
1	84.5	2	35003
1	84.5732	5	35010
1	84.6	2	35011
1	84.65	2	35016
1	84.6985	5	35023
1	84.7	2	35025
1	84.7429	5	35032
1	84.8	3	35041
1	84.8256	5	35045
1	84.85	2	35050
1	84.8708	5	35057
1	85.0003	10	35092
1	85.1666	15	35152
1	85.3366	20	35237
1	85.522	25	35347
1	85.7614	30	35482
1	86.0223	35	35642
1	86.3541	40	35827
1	86.55	21	35941
1	86.6	23	35970
1	86.65	23	35982
1	86.7	24	36002
1	86.7361	25	36010
1	86.75	25	36017
1	86.8	25	36034
1	86.85	13	36052
1	86.8657	15	36066
1	86.9	15	36071
1	86.95	8	36085
1	86.991	10	36094
1	87	5	36096
1	87.05	6	36102
1	87.15	4	36111
1	87.1581	5	36111
1	87.2	3	36117
1	87.2179	5	36121
1	87.25	2	36124
1	87.3	2	36129
1	87.3695	5	36136
1	87.4	3	36142
1	87.4147	5	36146
1	87.45	2	36150
1	87.4703	5	36157
1	87.5	3	36163
1	87.5383	5	36167
1	87.6653	10	36202
1	87.818	15	36262
1	87.9928	20	36347
1	88.18	25	36457
1	88.3946	30	36592
1	88.6803	35	36752
1	88.9873	40	36937
1	89.2	21	37059
1	89.25	23	37088
1	89.3	23	37100
1	89.3	23	37100
1	89.35	24	37114
1	89.3852	25	37128
1	89.4	25	37132
1	89.45	13	37157
1	89.4885	15	37171
1	89.55	15	37185
1	89.6	8	37195
1	89.6189	10	37204
1	89.65	5	37206
1	89.7	6	37212
1	89.75	3	37219
1	89.7877	5	37223
1	89.8	2	37224
1	89.873	5	37231
1	89.9	2	37232
1	89.95	2	37237
1	89.9983	5	37244
1	90	2	37246
1	90.0426	5	37253
1	90.1	3	37262
1	90.1253	5	37266
1	90.15	2	37271
1	90.1705	5	37278
1	90.3001	10	37313
1	90.4663	15	37373
1	90.6351	20	37458
1	90.8197	25	37568
1	91.0592	30	37703
1	91.32	35	37863
1	91.6518	40	38048
1	91.85	21	38164
1	91.9	23	38193
1	91.95	23	38205
1	92	24	38221
1	92.037	25	38233
1	92.05	25	38236
1	92.1	25	38253
1	92.15	13	38276
1	92.1879	15	38290
1	92.2	15	38295
1	92.25	15	38305
1	92.3	8	38318
1	92.3335	10	38327
1	92.35	5	38330
1	92.4	3	38337
1	92.4205	5	38341
1	92.5	2	38346
1	92.5475	5	38353
1	92.55	2	38354
1	92.6	2	38359
1	92.6728	5	38366
1	92.7	2	38370
1	92.75	2	38377
1	92.7973	5	38384
1	92.8	2	38388
1	92.8416	5	38395
1	92.9695	10	38430
1	93.1332	15	38490
1	93.3003	20	38575
1	93.4859	25	38685
1	93.7005	30	38820
1	93.9861	35	38980
1	94.2932	40	39165
1	94.5	21	39287
1	94.55	23	39316
1	94.6	23	39328
1	94.65	24	39341
1	94.7	24	39356
1	94.7048	25	39356
1	94.75	25	39376
1	94.8	13	39402
1	94.8379	15	39416
1	94.85	15	39421
1	94.9	15	39431
1	94.95	8	39442
1	94.9683	10	39451
1	95	5	39454
1	95.05	3	39461
1	95.0713	5	39465
1	95.1	2	39466
1	95.1574	5	39473
1	95.2	2	39478
1	95.25	2	39483
1	95.3	2	39488
1	95.3671	5	39495
1	95.4	3	39501
1	95.4123	5	39505
1	95.45	2	39510
1	95.4575	5	39517
1	95.587	10	39552
1	95.7558	15	39612
1	95.9271	20	39697
1	96.11	25	39807
1	96.3494	30	39942
1	96.6103	35	40102
1	96.9421	40	40287
1	98.0497	10	40336
1	98.05	5	40337
1	98.05	5	40337
1	98.05	5	40337
1	98.05	5	40337
1	98.05	5	40337
1	98.05	5	40337
1	98.1742	10	40367
1	98.3109	15	40427
1	98.4806	20	40512
1	98.6659	25	40622
1	98.8769	30	40757
1	99.1571	35	40917
1	99.4587	40	41102
1	99.7	21	41245
1	99.75	23	41275
1	99.8	23	41287
1	99.8	23	41287
1	99.85	24	41308
1	99.8844	25	41314
1	99.9	25	41326
1	99.95	13	41344
1	99.9765	15	41358
1	100	15	41363
1	100.05	15	41373
1	100.15	8	41406
1	100.189	10	41415
1	100.2	10	41419
1	100.25	5	41427
1	100.3	3	41436
1	100.319	5	41440
1	100.35	2	41442
1	100.404	5	41449
1	100.45	3	41457
1	100.488	5	41461
1	100.5	2	41464
1	100.55	2	41471
1	100.6	2	41478
1	100.617	5	41485
1	100.7	3	41502
1	100.704	5	41506
1	100.829	10	41541
1	100.991	15	41601
1	101.155	20	41686
1	101.346	25	41796
1	101.56	30	41931
1	101.846	35	42091
1	102.145	40	42276
1	102.35	21	42430
1	102.35	21	42430
1	102.4	23	42464
1	102.45	24	42482
1	102.492	25	42499
1	102.5	25	42502
1	102.55	13	42526
1	102.576	15	42540
1	102.6	15	42548
1	102.65	8	42562
1	102.674	10	42571
1	102.7	5	42576
1	102.75	3	42585
1	102.761	5	42589
1	102.8	2	42592
1	102.844	5	42599
1	102.85	2	42602
1	102.894	5	42609
1	102.95	3	42618
1	102.972	5	42622
1	103	2	42627
1	103.019	5	42634
1	103.05	2	42636
1	103.061	5	42643
1	103.194	10	42678
1	103.35	15	42738
1	103.505	20	42823
1	103.685	25	42933
1	103.91	30	43068
1	104.167	35	43228
1	104.463	40	43413
1	104.75	22	43593
1	104.8	24	43625
1	104.85	24	43639
1	104.852	25	43640
1	104.9	25	43662
1	104.95	26	43683
1	105	13	43704
1	105.032	15	43718
1	105.05	15	43724
1	105.1	16	43734
1	105.15	16	43746
1	105.2	8	43762
1	105.226	10	43771
1	105.25	10	43776
1	105.3	5	43785
1	105.35	3	43795
1	105.364	5	43799
1	105.4	2	43802
1	105.448	5	43809
1	105.5	3	43820
1	105.533	5	43824
1	105.55	2	43828
1	105.579	5	43835
1	105.6	2	43836
1	105.621	5	43843
1	105.7	3	43857
1	105.704	5	43861
1	105.829	10	43896
1	105.962	15	43956
1	106.129	20	44041
1	106.309	25	44151
1	106.544	30	44286
1	106.8	35	44446
1	107.102	40	44631
1	107.35	21	44782
1	107.4	23	44812
1	107.45	23	44824
1	107.45	23	44824
1	107.5	24	44838
1	107.534	25	44851
1	107.55	25	44854
1	107.6	25	44872
1	107.65	13	44900
1	107.687	15	44914
1	107.7	15	44920
1	107.75	8	44931
1	107.776	10	44940
1	107.85	5	44950
1	107.9	3	44957
1	107.911	5	44961
1	107.95	2	44963
1	108	2	44969
1	108.05	2	44973
1	108.119	5	44980
1	108.15	2	44984
1	108.196	5	44991
1	108.2	2	44992
1	108.238	5	44999
1	108.25	3	45006
1	108.288	5	45010
1	108.35	3	45027
1	108.373	5	45031
1	108.497	10	45066
1	108.631	15	45126
1	108.799	20	45211
1	108.985	25	45321
1	109.224	30	45456
1	109.485	35	45616
1	109.791	40	45801
1	109.95	21	45890
1	110	23	45919
1	110.05	23	45931
1	110.1	24	45944
1	110.15	25	45959
1	110.15	25	45960
1	110.2	25	45983
1	110.25	13	46007
1	110.286	15	46021
1	110.3	15	46026
1	110.35	15	46036
1	110.4	8	46047
1	110.416	10	46056
1	110.45	5	46059
1	110.5	3	46067
1	110.541	5	46071
1	110.55	2	46072
1	110.626	5	46079
1	110.65	2	46081
1	110.7	2	46086
1	110.75	2	46091
1	110.793	5	46098
1	110.8	2	46103
1	110.839	5	46110
1	110.9	3	46120
1	110.921	5	46124
1	110.95	3	46130
1	110.964	5	46134
1	111.088	10	46169
1	111.222	15	46229
1	111.387	20	46314
1	111.568	25	46424
1	111.779	30	46559
1	112.059	35	46719
1	112.361	40	46904
1	112.6	21	47045
1	112.65	23	47075
1	112.7	23	47087
1	112.75	24	47108
1	112.75	24	47108
1	112.785	25	47114
1	112.8	25	47124
1	112.85	13	47142
1	112.876	15	47156
1	112.9	15	47161
1	113	8	47183
1	113.04	10	47192
1	113.05	5	47195
1	113.1	6	47201
1	113.15	3	47205
1	113.184	5	47209
1	113.2	2	47210
1	113.25	2	47214
1	113.311	5	47221
1	113.35	2	47224
1	113.394	5	47231
1	113.4	2	47235
1	113.45	2	47242
1	113.519	5	47249
1	113.55	3	47257
1	113.564	5	47261
1	113.6	3	47267
1	113.606	5	47271
1	113.731	10	47306
1	113.865	15	47366
1	114.03	20	47451
1	114.211	25	47561
1	114.422	30	47696
1	114.702	35	47856
1	115.004	40	48041
1	115.25	21	48189
1	115.3	23	48219
1	115.35	23	48231
1	115.35	23	48231
1	115.4	24	48245
1	115.434	25	48258
1	115.45	25	48261
1	115.5	25	48282
1	115.55	13	48309
1	115.588	15	48323
1	115.6	15	48329
1	115.65	8	48340
1	115.676	10	48349
1	115.75	5	48359
1	115.8	3	48366
1	115.811	5	48370
1	115.85	2	48372
1	115.9	2	48378
1	115.95	2	48382
1	116.019	5	48389
1	116.05	2	48393
1	116.096	5	48400
1	116.1	2	48401
1	116.139	5	48408
1	116.15	3	48415
1	116.188	5	48419
1	116.25	3	48436
1	116.273	5	48440
1	116.397	10	48475
1	116.531	15	48535
1	116.699	20	48620
1	116.887	25	48730
1	117.126	30	48865
1	117.387	35	49025
1	117.694	40	49210
1	117.85	21	49299
1	117.9	23	49328
1	117.95	23	49340
1	118	24	49353
1	118.05	24	49368
1	118.052	25	49368
1	118.1	25	49392
1	118.15	13	49416
1	118.187	15	49430
1	118.2	15	49435
1	118.25	15	49445
1	118.3	8	49456
1	118.316	10	49465
1	118.35	5	49468
1	118.4	3	49476
1	118.442	5	49480
1	118.45	2	49481
1	118.527	5	49488
1	118.55	2	49490
1	118.6	2	49495
1	118.65	2	49500
1	118.694	5	49507
1	118.7	2	49512
1	118.74	5	49519
1	118.8	3	49529
1	118.822	5	49533
1	118.85	3	49539
1	118.864	5	49543
1	118.989	10	49578
1	119.123	15	49638
1	119.288	20	49723
1	119.468	25	49833
1	119.679	30	49968
1	119.959	35	50128
1	120.261	40	50313
1	121.45	2	50415
1	121.45	2	50415
1	121.45	2	50415
1	121.45	2	50415
1	121.45	2	50415
1	121.45	2	50415
1	121.45	2	50415
1	121.45	2	50415
1	121.45	2	50415
1	121.45	2	50415
1	121.45	2	50415
1	121.45	2	50415
1	121.45	2	50415
1	121.45	2	50415
1	121.45	2	50415
1	121.45	2	50415
1	121.45	2	50415
1	121.45	2	50415
1	121.45	2	50415
1	121.45	2	50415
1	121.45	2	50415
1	121.45	2	50415
1	121.45	2	50415
1	121.482	5	50422
1	121.589	10	50457
1	121.736	15	50517
1	121.909	20	50602
1	122.098	25	50712
1	122.322	30	50847
1	122.598	35	51007
1	122.853	40	51192
1	123.1	22	51378
1	123.15	24	51415
1	123.187	25	51425
1	123.2	25	51434
1	123.25	26	51456
1	123.3	13	51487
1	123.328	15	51501
1	123.35	15	51511
1	123.4	16	51525
1	123.45	8	51541
1	123.464	10	51550
1	123.5	10	51558
1	123.55	6	51575
1	123.634	10	51599
1	123.819	15	51659
1	124.005	20	51744
1	124.05	10	51770
1	124.1	6	51795
1	124.173	10	51819
1	124.336	15	51879
1	124.507	20	51964
1	124.693	25	52074
1	124.909	30	52209
1	125.193	35	52369
1	125.5	40	52554
1	125.7	21	52672
1	125.75	23	52701
1	125.8	23	52713
1	125.85	24	52726
1	125.9	24	52741
1	125.908	25	52741
1	125.95	25	52758
1	126	13	52783
1	126.038	15	52797
1	126.05	15	52802
1	126.1	15	52812
1	126.15	8	52823
1	126.168	10	52832
1	126.2	5	52835
1	126.25	3	52842
1	126.269	5	52846
1	126.35	3	52852
1	126.386	5	52856
1	126.4	2	52859
1	126.45	2	52864
1	126.519	5	52871
1	126.55	2	52875
1	126.596	5	52882
1	126.6	2	52883
1	126.638	5	52890
1	126.65	3	52897
1	126.688	5	52901
1	126.815	10	52936
1	126.974	15	52996
1	127.143	20	53081
1	127.328	25	53191
1	127.505	30	53326
1	127.687	35	53486
1	127.88	40	53671
1	128.071	45	53881
1	128.272	50	54116
1	128.513	55	54376
1	128.796	60	54661
1	129.103	65	54971
1	129.35	34	55220
1	129.35	34	55220
1	129.35	35	55220
1	129.4	36	55270
1	129.4	36	55270
1	129.4	36	55270
1	129.4	36	55270
1	129.4	36	55270
1	129.45	37	55295
1	129.5	37	55322
1	129.55	38	55351
1	129.6	39	55389
1	129.614	40	55405
1	129.65	40	55428
1	129.7	20	55471
1	129.75	22	55506
1	129.8	23	55524
1	129.869	25	55561
1	129.9	12	55570
1	129.95	14	55592
1	129.959	15	55597
1	130	15	55610
1	130.05	8	55627
1	130.078	10	55636
1	130.15	5	55654
1	130.2	3	55666
1	130.208	5	55670
1	130.25	3	55678
1	130.254	5	55682
1	130.3	3	55692
1	130.335	5	55696
1	130.463	10	55731
1	130.626	15	55791
1	130.793	20	55876
1	130.981	25	55986
1	131.196	30	56121
1	131.482	35	56281
1	131.789	40	56466
1	132	21	56588
1	132.05	23	56617
1	132.1	23	56629
1	132.1	23	56629
1	132.15	24	56643
1	132.185	25	56657
1	132.2	25	56659
1	132.25	13	56685
1	132.289	15	56699
1	132.35	15	56713
1	132.4	8	56723
1	132.419	10	56732
1	132.45	5	56734
1	132.5	6	56740
1	132.55	3	56747
1	132.588	5	56751
1	132.6	2	56752
1	132.673	5	56759
1	132.7	2	56760
1	132.75	2	56765
1	132.798	5	56772
1	132.8	2	56774
1	132.843	5	56781
1	132.9	3	56790
1	132.925	5	56794
1	132.95	2	56799
1	132.971	5	56806
1	133.1	10	56841
1	133.266	15	56901
1	133.435	20	56986
1	133.615	25	57096
1	133.849	30	57231
1	134.105	35	57391
1	134.407	40	57576
1	134.7	22	57751
1	134.75	24	57782
1	134.8	24	57795
1	134.821	25	57798
1	134.85	25	57809
1	134.85	25	57809
1	134.9	26	57826
1	134.95	13	57853
1	134.989	15	57867
1	135.05	15	57882
1	135.1	16	57892
1	135.15	8	57904
1	135.162	10	57913
1	135.2	10	57917
1	135.25	5	57930
1	135.3	3	57939
1	135.331	5	57943
1	135.4	3	57950
1	135.416	5	57954
1	135.45	2	57956
1	135.498	5	57963
1	135.5	2	57965
1	135.543	5	57972
1	135.55	2	57974
1	135.587	5	57981
1	135.65	3	57991
1	135.669	5	57995
1	135.8	10	58030
1	135.967	15	58090
1	136.139	20	58175
1	136.328	25	58285
1	136.542	30	58420
1	136.828	35	58580
1	137.135	40	58765
1	137.35	21	58887
1	137.4	23	58916
1	137.45	23	58928
1	137.45	23	58928
1	137.5	24	58942
1	137.535	25	58956
1	137.55	25	58962
1	137.6	13	58988
1	137.639	15	59002
1	137.7	15	59016
1	137.75	8	59026
1	137.769	10	59035
1	137.8	5	59037
1	137.85	6	59043
1	137.9	3	59050
1	137.938	5	59054
1	137.95	2	59055
1	138.023	5	59062
1	138.05	2	59063
1	138.1	2	59068
1	138.148	5	59075
1	138.15	2	59077
1	138.193	5	59084
1	138.25	3	59093
1	138.275	5	59097
1	138.3	2	59102
1	138.321	5	59109
1	138.45	10	59144
1	138.616	15	59204
1	138.785	20	59289
1	138.965	25	59399
1	139.199	30	59534
1	139.455	35	59694
1	139.757	40	59879
1	140.05	22	60054
1	140.1	24	60085
1	140.15	24	60098
1	140.171	25	60101
1	140.2	25	60112
1	140.2	25	60112
1	140.25	26	60129
1	140.3	13	60156
1	140.339	15	60170
1	140.4	15	60185
1	140.45	16	60195
1	140.5	8	60207
1	140.512	10	60216
1	140.55	10	60220
1	140.6	5	60233
1	140.65	3	60242
1	140.681	5	60246
1	140.75	3	60253
1	140.766	5	60257
1	140.8	2	60259
1	140.849	5	60266
1	140.85	2	60268
1	140.893	5	60275
1	140.9	2	60277
1	140.937	5	60284
1	141	3	60294
1	141.019	5	60298
1	141.149	10	60333
1	141.317	15	60393
1	141.488	20	60478
1	142.55	3	60499
1	142.55	3	60499
1	142.55	3	60499
1	142.55	3	60499
1	142.55	3	60499
1	142.571	5	60503
1	142.768	10	60538
1	143.096	15	60598
1	143.55	9	60682
1	143.562	10	60682
1	143.6	10	60691
1	143.65	11	60693
1	143.7	11	60697
1	143.75	11	60702
1	143.8	6	60708
1	143.85	7	60715
1	143.9	4	60719
1	143.904	5	60719
1	143.95	2	60724
1	144.05	2	60731
1	144.1	1	60734
1	144.2	2	60742
1	144.253	5	60749
1	144.3	3	60759
1	144.338	5	60763
1	144.4	3	60775
1	144.422	5	60779
1	144.5	3	60795
1	144.507	5	60799
1	144.635	10	60834
1	144.799	15	60894
1	144.966	20	60979
1	145.147	25	61089
1	145.358	30	61224
1	145.639	35	61384
1	145.941	40	61569
1	146.2	21	61732
1	146.25	23	61762
1	146.3	23	61774
1	146.35	24	61787
1	146.392	25	61801
1	146.4	25	61802
1	146.45	25	61819
1	146.5	13	61846
1	146.538	15	61860
1	146.55	15	61865
1	146.6	15	61875
1	146.65	8	61886
1	146.668	10	61895
1	146.7	5	61898
1	146.75	3	61905
1	146.768	5	61909
1	146.85	3	61915
1	146.885	5	61919
1	146.9	2	61922
1	146.95	2	61927
1	147	2	61932
1	147.053	5	61939
1	147.1	3	61948
1	147.105	5	61952
1	147.15	3	61963
1	147.187	5	61967
1	147.314	10	62002
1	147.472	15	62062
1	147.643	20	62147
1	147.83	25	62257
1	148.044	30	62392
1	148.33	35	62552
1	148.637	40	62737
1	148.85	21	62859
1	148.9	23	62888
1	148.95	23	62900
1	148.95	23	62900
1	149	24	62914
1	149.035	25	62928
1	149.05	25	62931
1	149.1	13	62957
1	149.139	15	62971
1	149.2	15	62985
1	149.25	8	62995
1	149.269	10	63004
1	149.3	5	63006
1	149.35	6	63012
1	149.4	3	63019
1	149.438	5	63023
1	149.45	2	63024
1	149.523	5	63031
1	149.55	2	63032
1	149.6	2	63037
1	149.648	5	63044
1	149.65	2	63046
1	149.693	5	63053
1	149.75	3	63062
1	149.775	5	63066
1	149.8	2	63071
1	149.821	5	63078
1	149.95	10	63113
1	150.116	15	63173
1	150.285	20	63258
1	150.47	25	63368
1	150.709	30	63503
1	150.97	35	63663
1	151.241	40	63848
1	151.492	45	64058
1	151.5	22	64065
1	151.55	24	64104
1	151.574	25	64112
1	151.6	25	64124
1	151.65	26	64146
1	151.7	27	64179
1	151.75	14	64214
1	151.751	15	64214
1	151.8	16	64241
1	151.85	8	64258
1	151.871	10	64267
1	151.9	10	64276
1	151.95	6	64289
1	152	4	64307
1	152.001	5	64307
1	152.125	10	64342
1	152.299	15	64402
1	152.477	20	64487
1	152.684	25	64597
1	152.94	30	64732
1	153.274	35	64892
1	153.5	19	65010
1	153.516	20	65010
1	153.55	21	65035
1	153.6	21	65045
1	153.65	22	65056
1	153.7	22	65072
1	153.75	11	65094
1	153.8	13	65109
1	153.85	13	65116
1	153.9	7	65124
1	153.95	4	65133
1	153.959	5	65133
1	154.05	3	65140
1	154.1	2	65143
1	154.15	2	65147
1	154.2	1	65150
1	154.3	2	65157
1	154.35	2	65162
1	154.4	5	65169
1	154.45	3	65184
1	154.487	5	65188
1	154.5	3	65194
1	154.53	5	65198
1	154.659	10	65233
1	154.826	15	65293
1	154.997	20	65378
1	155.171	25	65488
1	155.358	30	65623
1	155.593	35	65783
1	155.85	40	65968
1	156.147	45	66178
1	156.45	24	66395
1	156.45	24	66395
1	156.451	25	66395
1	156.5	26	66430
1	156.55	26	66445
1	156.6	27	66461
1	156.65	28	66480
1	156.7	29	66509
1	156.744	30	66530
1	156.75	15	66537
1	156.8	17	66560
1	156.85	18	66572
1	156.95	9	66600
1	156.95	10	66600
1	157	11	66616
1	157.05	6	66630
1	157.1	4	66640
1	157.126	5	66640
1	157.15	3	66647
1	157.173	5	66651
1	157.25	3	66659
1	157.257	5	66663
1	157.3	3	66671
1	157.34	5	66675
1	157.35	2	66680
1	157.386	5	66687
1	157.45	3	66697
1	157.468	5	66701
1	157.595	10	66736
1	157.759	15	66796
1	157.926	20	66881
1	158.097	25	66991
1	158.286	30	67126
1	158.526	35	67286
1	158.786	40	67471
1	159.089	45	67681
1	159.3	24	67822
1	159.312	25	67822
1	159.35	26	67856
1	159.4	26	67870
1	159.45	27	67885
1	159.5	28	67905
1	159.55	14	67933
1	159.551	15	67933
1	159.6	16	67953
1	159.65	16	67962
1	159.7	17	67972
1	159.75	9	67984
1	159.754	10	67984
1	159.8	5	67997
1	159.85	3	68004
1	159.909	5	68008
1	159.95	2	68010
1	160	2	68015
1	160.05	1	68018
1	160.1	1	68021
1	160.2	2	68030
1	160.245	5	68037
1	160.25	3	68043
1	160.289	5	68047
1	160.3	2	68052
1	160.334	5	68059
1	160.464	10	68094
1	160.63	15	68154
1	160.803	20	68239
1	160.98	25	68349
1	161.181	30	68484
1	161.393	35	68644
1	161.645	40	68829
1	161.938	45	69039
1	162.27	50	69274
1	162.3	25	69309
1	162.3	25	69309
1	162.35	27	69346
1	162.4	28	69363
1	162.45	28	69382
1	162.5	29	69405
1	162.517	30	69419
1	162.55	30	69435
1	162.6	15	69465
1	162.65	17	69490
1	162.7	18	69503
1	162.8	20	69535
1	162.8	10	69536
1	162.85	12	69553
1	162.9	6	69567
1	162.95	4	69579
1	162.966	5	69579
1	163	3	69587
1	163.019	5	69591
1	163.1	3	69602
1	163.104	5	69606
1	163.15	3	69617
1	163.188	5	69621
1	163.2	2	69626
1	163.233	5	69633
1	163.362	10	69668
1	163.529	15	69728
1	163.697	20	69813
1	163.871	25	69923
1	164.077	30	70058
1	164.296	35	70218
1	164.577	40	70403
1	165.85	2	70581
1	165.85	2	70581
1	165.85	2	70581
1	165.85	2	70581
1	165.85	2	70581
1	165.85	2	70581
1	165.85	2	70581
1	165.85	2	70581
1	165.85	2	70581
1	165.85	2	70581
1	165.85	2	70581
1	165.85	2	70581
1	165.85	2	70581
1	165.892	5	70588
1	166.018	10	70623
1	166.154	15	70683
1	166.324	20	70768
1	166.499	25	70878
1	166.705	30	71013
1	166.924	35	71173
1	167.205	40	71358
1	167.507	45	71568
1	167.75	24	71733
1	167.751	25	71733
1	167.8	26	71767
1	167.8	26	71767
1	167.85	26	71782
1	167.9	27	71799
1	167.95	28	71817
1	168	28	71837
1	168.05	14	71864
1	168.051	15	71864
1	168.1	16	71886
1	168.2	17	71910
1	168.25	9	71924
1	168.253	10	71924
1	168.3	5	71938
1	168.35	3	71946
1	168.37	5	71950
1	168.4	2	71951
1	168.45	2	71955
1	168.497	5	71962
1	168.55	3	71970
1	168.581	5	71974
1	168.6	2	71977
1	168.65	2	71984
1	168.705	5	71991
1	168.75	3	72004
1	168.754	5	72008
1	168.913	10	72043
1	169.051	15	72103
1	169.22	20	72188
1	169.394	25	72298
1	169.597	30	72433
1	169.813	35	72593
1	170.088	40	72778
1	170.385	45	72988
1	170.65	24	73183
1	170.65	25	73183
1	170.7	26	73218
1	170.75	26	73232
1	170.8	27	73247
1	170.85	28	73264
1	170.9	28	73285
1	170.95	29	73314
1	170.954	30	73318
1	171	15	73343
1	171.05	17	73366
1	171.1	18	73378
1	171.15	18	73392
1	171.2	9	73408
1	171.2	10	73408
1	171.3	6	73438
1	171.35	4	73448
1	171.367	5	73448
1	171.4	3	73455
1	171.421	5	73459
1	171.45	2	73461
1	171.504	5	73468
1	171.55	3	73480
1	171.59	5	73484
1	171.6	2	73489
1	171.636	5	73496
1	171.65	2	73497
1	171.679	5	73504
1	171.808	10	73539
1	171.974	15	73599
1	172.143	20	73684
1	172.317	25	73794
1	172.523	30	73929
1	172.742	35	74089
1	173.023	40	74274
1	173.325	45	74484
1	173.55	24	74643
1	173.55	24	74643
1	173.564	25	74643
1	173.6	26	74677
1	173.65	26	74692
1	173.7	27	74708
1	173.75	28	74728
1	173.8	14	74756
1	173.801	15	74756
1	173.85	16	74777
1	173.9	16	74787
1	174	9	74810
1	174.004	10	74810
1	174.05	5	74823
1	174.1	3	74831
1	174.15	4	74835
1	174.153	5	74835
1	174.2	2	74840
1	174.282	5	74847
1	174.3	2	74848
1	174.35	2	74853
1	174.4	2	74858
1	174.449	5	74865
1	174.5	3	74880
1	174.535	5	74884
1	174.55	3	74890
1	174.578	5	74894
1	174.706	10	74929
1	174.87	15	74989
1	175.037	20	75074
1	175.208	25	75184
1	175.388	30	75319
1	175.616	35	75479
1	175.869	40	75664
1	176.161	45	75874
1	176.474	50	76109
1	176.5	25	76126
1	176.55	27	76162
1	176.6	27	76177
1	176.65	28	76193
1	176.7	29	76218
1	176.741	30	76236
1	176.75	30	76246
1	176.8	15	76269
1	176.85	17	76292
1	176.9	18	76303
1	176.95	18	76316
1	177	9	76334
1	177.001	10	76334
1	177.05	11	76349
1	177.1	6	76358
1	177.2	4	76375
1	177.206	5	76375
1	177.25	3	76383
1	177.254	5	76387
1	177.3	3	76394
1	177.337	5	76398
1	177.35	2	76401
1	177.419	5	76408
1	177.45	3	76415
1	177.464	5	76419
1	177.5	2	76424
1	177.509	5	76431
1	177.64	10	76466
1	177.809	15	76526
1	177.981	20	76611
1	178.159	25	76721
1	178.363	30	76856
1	178.578	35	77016
1	178.834	40	77201
1	179.132	45	77411
1	179.4	24	77590
1	179.403	25	77590
1	179.45	26	77625
1	179.5	26	77640
1	179.55	27	77660
1	179.6	28	77686
1	179.65	14	77710
1	179.663	15	77710
1	179.7	16	77731
1	179.75	16	77741
1	179.8	17	77752
1	179.85	9	77766
1	179.85	10	77766
1	179.95	6	77791
1	180	4	77800
1	180.016	5	77800
1	180.05	3	77806
1	180.071	5	77810
1	180.1	2	77811
1	180.15	2	77816
1	180.196	5	77823
1	180.25	3	77834
1	180.282	5	77838
1	180.3	2	77842
1	180.327	5	77849
1	180.35	2	77850
1	180.369	5	77857
1	180.499	10	77892
1	180.665	15	77952
1	180.834	20	78037
1	181.008	25	78147
1	181.214	30	78282
1	181.432	35	78442
1	181.714	40	78627
1	182.001	45	78837
1	182.25	24	79059
1	182.25	24	79059
1	182.25	25	79059
1	182.3	26	79099
1	182.35	27	79119
1	182.4	28	79148
1	182.45	29	79174
1	182.483	30	79194
1	182.5	15	79209
1	182.55	17	79236
1	182.6	18	79252
1	182.662	20	79279
1	182.7	10	79294
1	182.75	12	79315
1	182.8	7	79335
1	182.85	4	79351
1	182.863	5	79351
1	182.9	3	79363
1	182.921	5	79367
1	183.049	10	79402
1	183.212	15	79462
1	183.379	20	79547
1	183.565	25	79657
1	183.787	30	79792
1	184.065	35	79952
1	184.375	40	80137
1	184.6	21	80260
1	184.65	23	80289
1	184.65	23	80289
1	184.7	23	80302
1	184.75	24	80321
1	184.779	25	80329
1	184.8	25	80342
1	184.85	13	80362
1	184.882	15	80376
1	184.9	15	80381
1	185	8	80401
1	185.012	10	80410
1	185.05	5	80412
1	185.1	3	80420
1	185.15	4	80424
1	185.18	5	80424
1	185.2	2	80427
1	185.277	5	80434
1	185.3	2	80435
1	185.35	2	80441
1	185.4	2	80446
1	185.444	5	80453
1	185.5	3	80466
1	185.528	5	80470
1	185.55	3	80476
1	185.571	5	80480
1	185.699	10	80515
1	185.863	15	80575
1	186.03	20	80660
1	187.05	2	80664
1	187.05	2	80664
1	187.05	2	80664
1	187.05	2	80664
1	187.05	2	80664
1	187.05	2	80664
1	187.05	2	80664
1	187.05	2	80664
1	187.05	2	80664
1	187.05	2	80664
1	187.05	2	80664
1	187.05	2	80664
1	187.05	2	80664
1	187.092	5	80671
1	187.241	10	80706
1	187.498	15	80766
1	187.89	20	80851
1	188.15	11	80911
1	188.2	12	80922
1	188.2	12	80922
1	188.25	13	80926
1	188.3	13	80932
1	188.35	7	80939
1	188.4	8	80947
1	188.45	4	80951
1	188.455	5	80951
1	188.5	5	80956
1	188.6	3	80965
1	188.635	5	80969
1	188.65	2	80970
1	188.72	5	80977
1	188.75	2	80978
1	188.8	2	80983
1	188.846	5	80990
1	188.9	3	81001
1	188.931	5	81005
1	189	3	81017
1	189.015	5	81021
1	189.1	4	81041
1	189.101	5	81041
1	189.227	10	81076
1	189.39	15	81136
1	189.56	20	81221
1	189.745	25	81331
1	189.96	30	81466
1	190.245	35	81626
1	190.552	40	81811
1	190.75	21	81927
1	190.8	23	81956
1	190.85	23	81968
1	190.9	24	81981
1	190.95	24	81996
1	190.958	25	81996
1	191	25	82013
1	191.05	13	82038
1	191.088	15	82052
1	191.1	15	82057
1	191.15	15	82067
1	191.2	8	82078
1	191.218	10	82087
1	191.25	5	82090
1	191.3	3	82097
1	191.318	5	82101
1	191.4	3	82107
1	191.435	5	82111
1	191.45	2	82114
1	191.5	2	82119
1	191.568	5	82126
1	191.6	2	82130
1	191.645	5	82137
1	191.65	2	82138
1	191.687	5	82145
1	191.7	3	82152
1	191.737	5	82156
1	191.864	10	82191
1	192.029	15	82251
1	192.201	20	82336
1	192.384	25	82446
1	192.598	30	82581
1	192.884	35	82741
1	193.19	40	82926
1	193.4	21	83048
1	193.45	23	83077
1	193.5	23	83089
1	193.5	23	83089
1	193.55	24	83103
1	193.585	25	83117
1	193.6	25	83119
1	193.65	13	83145
1	193.689	15	83159
1	193.75	15	83173
1	193.8	8	83183
1	193.819	10	83192
1	193.85	5	83194
1	193.9	6	83200
1	193.95	3	83207
1	193.988	5	83211
1	194	2	83212
1	194.073	5	83219
1	194.1	2	83220
1	194.15	2	83225
1	194.198	5	83232
1	194.2	2	83234
1	194.243	5	83241
1	194.3	3	83250
1	194.325	5	83254
1	194.35	2	83259
1	194.371	5	83266
1	194.5	10	83301
1	194.666	15	83361
1	194.835	20	83446
1	195.014	25	83556
1	195.248	30	83691
1	195.505	35	83851
1	195.806	40	84036
1	196.1	22	84212
1	196.15	24	84243
1	196.2	24	84256
1	196.2	24	84256
1	196.22	25	84259
1	196.25	25	84271
1	196.3	26	84288
1	196.35	13	84316
1	196.388	15	84330
1	196.4	15	84336
1	196.5	16	84357
1	196.55	8	84369
1	196.561	10	84378
1	196.6	10	84382
1	196.65	5	84394
1	196.7	3	84403
1	196.729	5	84407
1	196.75	2	84409
1	196.814	5	84416
1	196.85	2	84419
1	196.897	5	84426
1	196.9	2	84430
1	196.95	2	84437
1	197.022	5	84444
1	197.05	3	84452
1	197.067	5	84456
1	197.198	10	84491
1	197.366	15	84551
1	197.537	20	84636
1	197.726	25	84746
1	197.941	30	84881
1	198.226	35	85041
1	198.533	40	85226
1	198.75	21	85348
1	198.8	23	85377
1	198.85	23	85389
1	198.85	23	85389
1	198.9	24	85403
1	198.935	25	85417
1	198.95	25	85426
1	199	13	85449
1	199.036	15	85463
1	199.1	15	85477
1	199.15	8	85487
1	199.166	10	85496
1	199.2	5	85498
1	199.25	3	85505
1	199.3	4	85509
1	199.333	5	85509
1	199.35	2	85512
1	199.426	5	85519
1	199.45	2	85520
1	199.5	2	85525
1	199.55	2	85531
1	199.593	5	85538
1	199.65	3	85551
1	199.678	5	85555
1	199.7	3	85561
1	199.721	5	85565
1	199.849	10	85600
