3	1.04946	10	4
3	1.09208	15	9
3	1.09977	20	14
3	1.13555	25	19
3	1.387	30	130
3	1.68337	35	290
3	2.02699	40	475
3	2.1	20	518
3	2.1	20	518
3	2.1	20	518
3	2.1	20	518
3	2.1	20	518
3	2.1	20	518
3	2.15	22	545
3	2.15	22	545
3	2.31972	25	608
3	2.61123	30	743
3	2.75	16	827
3	2.85	19	866
3	2.9	19	881
3	2.91165	20	881
3	3	10	919
3	3.05	12	938
3	3.1	6	950
3	3.21	10	974
3	3.42735	15	1034
3	3.64473	20	1119
3	3.8621	25	1229
3	4.10058	30	1364
3	4.39121	35	1524
3	4.72884	40	1709
3	5.08786	45	1919
3	5.1	22	1928
3	5.15	24	1957
3	5.2	24	1967
3	5.22342	25	1975
3	5.25	25	1978
3	5.3	25	1992
3	5.35	26	2013
3	5.4	27	2032
3	5.45	27	2051
3	5.55	14	2093
3	5.55072	15	2093
3	5.6	16	2114
3	5.65	17	2126
3	5.75	9	2156
3	5.75207	10	2156
3	5.8	5	2169
3	5.9	3	2180
3	5.95	4	2184
3	5.95547	5	2184
3	6.05	3	2195
3	6.08334	5	2199
3	6.29646	10	2234
3	6.50957	15	2294
3	6.72269	20	2379
3	6.9358	25	2489
3	7.16306	30	2624
3	7.44856	35	2784
3	7.75544	40	2969
3	8.13325	45	3179
3	8.2	23	3229
3	8.24609	25	3253
3	8.25	25	3258
3	8.3	25	3268
3	8.35	26	3279
3	8.4	26	3292
3	8.45	27	3306
3	8.55	14	3349
3	8.55061	15	3349
3	8.6	16	3366
3	8.65	16	3373
3	8.7	8	3381
3	8.7753	10	3390
3	8.8	10	3392
3	8.85	10	3396
3	8.9	5	3401
3	9	3	3409
3	9.05	4	3412
3	9.09177	5	3413
3	9.15	2	3418
3	9.2	3	3421
3	9.26055	5	3425
3	9.47367	10	3460
3	9.68678	15	3520
3	9.8999	20	3605
3	10.113	25	3715
3	10.3369	30	3850
3	10.6172	35	4010
3	10.919	40	4195
3	11.266	45	4405
3	11.4	23	4481
3	11.4233	25	4505
3	11.5	25	4521
3	11.55	26	4537
3	11.6	26	4556
3	11.65	27	4570
3	11.7	14	4586
3	11.7097	15	4586
3	11.75	16	4603
3	11.8	16	4610
3	11.9	8	4632
3	11.95	9	4641
3	11.9776	10	4641
3	12	10	4644
3	12.1	5	4654
3	12.15	6	4660
3	12.25	4	4669
3	12.2506	5	4669
3	12.3	2	4674
3	12.35	3	4677
3	12.4112	5	4681
3	12.6243	10	4716
3	12.8374	15	4776
3	13.0505	20	4861
3	13.2636	25	4971
3	13.4875	30	5106
3	13.7678	35	5266
3	14.0696	40	5451
3	14.4166	45	5661
3	14.55	23	5738
3	14.5748	25	5762
3	14.6	25	5768
3	14.7	26	5793
3	14.75	27	5814
3	14.8	27	5829
3	14.85	14	5845
3	14.8544	15	5845
3	14.9	16	5862
3	14.95	16	5869
3	15.05	8	5891
3	15.1	9	5900
3	15.1297	10	5900
3	15.15	10	5903
3	15.25	5	5913
3	15.3	6	5919
3	15.35	3	5922
3	15.4008	5	5926
3	15.45	2	5930
3	15.5	3	5933
3	15.5696	5	5937
3	15.787	10	5972
3	16.0044	15	6032
3	16.2217	20	6117
3	16.4391	25	6227
3	16.6672	30	6362
3	16.9527	35	6522
3	17.2596	40	6707
3	17.6374	45	6917
3	17.7	22	6962
3	17.75	24	6991
3	17.8	24	7001
3	17.8338	25	7009
3	17.85	25	7012
3	17.9	25	7025
3	18	27	7061
3	18.05	27	7083
3	18.1	14	7102
3	18.1023	15	7102
3	18.15	16	7121
3	18.25	8	7139
3	18.2753	10	7148
3	18.3	10	7149
3	18.35	10	7156
3	18.45	6	7171
3	18.5	4	7179
3	18.5171	5	7179
3	18.6	3	7187
3	18.65	2	7191
3	18.7373	5	7198
3	18.9504	10	7233
3	19.1635	15	7293
3	19.3767	20	7378
3	19.5914	25	7488
3	19.8168	30	7623
3	20.0972	35	7783
3	20.399	40	7968
3	20.746	45	8178
3	20.9	23	8275
3	20.9382	25	8299
3	20.95	25	8306
3	21	25	8317
3	21.05	26	8329
3	21.1	26	8343
3	21.2	28	8386
3	21.25	28	8405
3	21.3	14	8426
3	21.303	15	8426
3	21.35	16	8446
3	21.4	16	8455
3	21.5	9	8482
3	21.5015	10	8482
3	21.55	5	8494
3	21.6	6	8500
3	21.7	3	8507
3	21.75	4	8511
3	21.7515	5	8511
3	21.85	3	8520
3	21.8779	5	8524
3	22.091	10	8559
3	22.3041	15	8619
3	22.5172	20	8704
3	22.7303	25	8814
3	22.9576	30	8949
3	23.2431	35	9109
3	23.55	40	9294
3	23.9278	45	9504
3	24	23	9559
3	24.0449	25	9583
3	24.05	25	9588
3	24.1	25	9598
3	24.15	26	9609
3	24.2	26	9622
3	24.25	27	9636
3	24.3	27	9660
3	24.4	14	9700
3	24.4037	15	9700
3	24.45	16	9719
3	24.5	16	9727
3	24.55	17	9736
3	24.65	9	9767
3	24.6588	10	9767
3	24.7	11	9780
3	24.8	6	9794
3	24.85	4	9802
3	24.8561	5	9802
3	24.95	3	9812
3	24.9932	5	9816
3	25	2	9817
3	25.0785	5	9824
3	25.2934	10	9859
3	25.5108	15	9919
3	25.7282	20	10004
3	26.9	2	10083
3	26.9	2	10083
3	26.9	2	10083
3	26.9	2	10083
3	26.9	2	10083
3	26.9	2	10083
3	26.9	2	10083
3	26.9	2	10083
3	26.9	2	10083
3	26.9	2	10083
3	26.9	2	10083
3	26.9	2	10083
3	26.9	2	10083
3	26.9	2	10083
3	26.9	2	10083
3	26.9	2	10083
3	26.9	2	10083
3	26.9	2	10083
3	26.9	2	10083
3	26.9	2	10083
3	26.9	2	10083
3	26.9	2	10083
3	26.9418	5	10090
3	27.0482	10	10125
3	27.1944	15	10185
3	27.3632	20	10270
3	27.5507	25	10380
3	27.7344	30	10515
3	27.9541	35	10675
3	28.2252	40	10860
3	28.5227	45	11070
3	28.8	24	11274
3	28.8152	25	11274
3	28.85	26	11309
3	28.9	26	11323
3	28.95	27	11338
3	29	28	11355
3	29.05	28	11376
3	29.1	29	11405
3	29.1042	30	11409
3	29.15	15	11434
3	29.2	17	11457
3	29.25	18	11469
3	29.3	18	11483
3	29.35	9	11499
3	29.3505	10	11499
3	29.4	11	11517
3	29.5	6	11543
3	29.55	4	11555
3	29.5671	5	11555
3	29.6	3	11563
3	29.614	5	11567
3	29.65	2	11570
3	29.6958	5	11577
3	29.75	3	11593
3	29.7827	5	11597
3	29.8	3	11603
3	29.8262	5	11607
3	29.954	10	11642
3	30.1177	15	11702
3	30.2848	20	11787
3	30.4598	25	11897
3	30.6633	30	12032
3	30.9113	35	12192
3	31.2029	40	12377
3	31.5158	45	12587
3	31.6	23	12634
3	31.6363	25	12658
3	31.65	25	12667
3	31.7	25	12681
3	31.75	26	12696
3	31.8	27	12713
3	31.85	14	12738
3	31.8503	15	12738
3	31.9	16	12758
3	31.95	16	12768
3	32	8	12779
3	32.0216	10	12788
3	32.05	10	12791
3	32.1	10	12798
3	32.15	6	12811
3	32.25	4	12828
3	32.2705	5	12828
3	32.3	3	12836
3	32.3183	5	12840
3	32.35	2	12842
3	32.4	2	12848
3	32.4427	5	12855
3	32.5	3	12870
3	32.5288	5	12874
3	32.55	3	12880
3	32.5723	5	12884
3	32.7001	10	12919
3	32.8656	15	12979
3	33.0353	20	13064
3	33.212	25	13174
3	33.4155	30	13309
3	33.6635	35	13469
3	33.9551	40	13654
3	34.2681	45	13864
3	34.35	22	13908
3	34.4	24	13940
3	34.45	24	13953
3	34.4695	25	13955
3	34.5	25	13968
3	34.55	26	13984
3	34.6	27	14007
3	34.65	27	14033
3	34.7	14	14058
3	34.7006	15	14058
3	34.75	16	14080
3	34.8	8	14092
3	34.8234	10	14101
3	34.85	10	14105
3	34.9	5	14113
3	35	4	14130
3	35.0006	5	14130
3	35.05	3	14139
3	35.0858	5	14143
3	35.1	2	14145
3	35.15	2	14151
3	35.2027	5	14158
3	35.25	3	14167
3	35.2563	5	14171
3	35.3	3	14182
3	35.3381	5	14186
3	35.4651	10	14221
3	35.622	15	14281
3	35.7918	20	14366
3	35.9703	25	14476
3	36.1798	30	14611
3	36.4603	35	14771
3	36.7622	40	14956
3	37.05	22	15128
3	37.05	22	15128
3	37.1	24	15158
3	37.15	24	15171
3	37.1561	25	15175
3	37.2	25	15192
3	37.25	26	15214
3	37.3	13	15232
3	37.3309	15	15246
3	37.35	15	15251
3	37.4	15	15260
3	37.5	8	15286
3	37.5397	10	15295
3	37.55	10	15298
3	37.6	10	15305
3	37.65	5	15313
3	37.7	3	15322
3	37.7171	5	15326
3	37.8	3	15335
3	37.8355	5	15339
3	37.85	2	15343
3	37.9	2	15349
3	37.9616	5	15356
3	38	3	15362
3	38.006	5	15366
3	38.05	3	15377
3	38.0878	5	15381
3	38.2164	10	15416
3	38.3563	15	15476
3	38.5302	20	15561
3	38.7316	25	15671
3	38.9386	30	15806
3	39.1908	35	15966
3	39.4876	40	16151
3	39.8	22	16350
3	39.85	24	16381
3	39.9	24	16394
3	39.9226	25	16397
3	39.95	25	16408
3	40	26	16424
3	40.05	26	16448
3	40.1	13	16475
3	40.1374	15	16489
3	40.15	15	16495
3	40.2	16	16505
3	40.25	16	16517
3	40.3	8	16530
3	40.3104	10	16539
3	40.4	5	16556
3	40.45	3	16565
3	40.4783	5	16569
3	40.5	2	16571
3	40.55	2	16576
3	40.6045	5	16583
3	40.65	3	16594
3	40.6897	5	16598
3	40.7	2	16602
3	40.7349	5	16609
3	40.75	2	16610
3	40.7775	5	16617
3	40.9071	10	16652
3	41.0733	15	16712
3	41.2421	20	16797
3	41.4169	25	16907
3	41.641	30	17042
3	41.889	35	17202
3	42.1583	40	17387
3	42.4935	45	17597
3	42.55	22	17638
3	42.6	24	17670
3	42.65	24	17683
3	42.6763	25	17685
3	42.7	25	17697
3	42.75	26	17713
3	42.8	26	17732
3	42.85	27	17758
3	42.9	14	17788
3	42.9006	15	17788
3	42.95	16	17810
3	43	8	17822
3	43.0249	10	17831
3	43.05	10	17835
3	43.15	6	17854
3	43.2	4	17864
3	43.2006	5	17864
3	43.25	3	17871
3	43.2764	5	17875
3	43.3	2	17877
3	43.359	5	17884
3	43.4	3	17890
3	43.4042	5	17894
3	43.45	3	17904
3	43.4869	5	17908
3	43.5	2	17913
3	43.5321	5	17920
3	43.6617	10	17955
3	43.8279	15	18015
3	43.9966	20	18100
3	44.1725	25	18210
3	44.4008	30	18345
3	44.6531	35	18505
3	44.9498	40	18690
3	45.291	45	18900
3	45.3	22	18911
3	45.35	24	18942
3	45.4	24	18954
3	45.4285	25	18958
3	45.45	25	18967
3	45.45	25	18967
3	45.5	25	18983
3	45.55	26	19000
3	45.65	14	19052
3	45.6501	15	19052
3	45.7	16	19073
3	45.75	8	19084
3	45.7763	10	19093
3	45.8	10	19096
3	45.85	10	19103
3	45.9	5	19112
3	45.95	3	19121
3	45.9773	5	19125
3	46.05	3	19132
3	46.0643	5	19136
3	46.1	2	19139
3	46.1487	5	19146
3	46.15	2	19148
3	46.1939	5	19155
3	46.25	3	19164
3	46.2783	5	19168
3	46.3	2	19173
3	46.3243	5	19180
3	46.4565	10	19215
3	46.627	15	19275
3	46.8001	20	19360
3	46.9794	25	19470
3	47.2129	30	19605
3	47.4694	35	19765
3	47.7713	40	19950
3	48.05	21	20109
3	48.1	23	20139
3	48.15	23	20151
3	49.2	5	20166
3	49.2	5	20166
3	49.2	5	20166
3	49.2	5	20166
3	49.2	5	20166
3	49.2	5	20166
3	49.2	5	20166
3	49.2	5	20166
3	49.2	5	20166
3	49.2	5	20166
3	49.2	5	20166
3	49.2	5	20166
3	49.2	5	20166
3	49.2243	10	20170
3	49.2395	15	20175
3	49.2452	20	20180
3	49.2669	25	20185
3	49.4211	30	20296
3	49.625	35	20456
3	49.8591	40	20641
3	50.1153	45	20851
3	50.25	23	20955
3	50.25	23	20955
3	50.2708	25	20979
3	50.5274	30	21114
3	50.7805	35	21274
3	50.8	17	21287
3	50.85	19	21317
3	50.87	20	21324
3	50.9	20	21333
3	50.95	21	21354
3	51	11	21383
3	51.05	13	21404
3	51.1	7	21418
3	51.15	4	21433
3	51.1615	5	21433
3	51.2	3	21444
3	51.2092	5	21448
3	51.25	3	21455
3	51.2535	5	21459
3	51.3822	10	21494
3	51.5476	15	21554
3	51.7163	20	21639
3	51.8912	25	21749
3	52.0929	30	21884
3	52.3407	35	22044
3	52.6322	40	22229
3	52.9672	45	22439
3	53.05	23	22494
3	53.0714	25	22518
3	53.1	25	22527
3	53.1	25	22527
3	53.15	25	22542
3	53.2	26	22565
3	53.25	27	22591
3	53.3	14	22611
3	53.3088	15	22611
3	53.35	16	22632
3	53.45	8	22655
3	53.4609	10	22664
3	53.5	10	22667
3	53.55	5	22678
3	53.6	3	22686
3	53.6305	5	22690
3	53.65	2	22691
3	53.7	2	22695
3	53.7575	5	22702
3	53.8	3	22708
3	53.8402	5	22712
3	53.85	2	22716
3	53.9	2	22723
3	53.9646	5	22730
3	54	3	22738
3	54.0098	5	22742
3	54.1376	10	22777
3	54.3034	15	22837
3	54.4704	20	22922
3	54.6418	25	23032
3	54.8182	30	23167
3	55.0006	35	23327
3	55.1932	40	23512
3	55.3876	45	23722
3	55.6352	50	23957
3	55.9093	55	24217
3	56.2124	60	24502
3	56.4	31	24685
3	56.4	31	24685
3	56.4	31	24685
3	56.45	33	24732
3	56.5	34	24754
3	56.55	34	24778
3	56.5606	35	24784
3	56.6	35	24807
3	56.65	36	24842
3	56.7	37	24879
3	56.75	19	24915
3	56.7506	20	24915
3	56.8	21	24947
3	56.85	22	24964
3	56.95	12	25010
3	57	14	25031
3	57.0285	15	25037
3	57.05	7	25045
3	57.1	9	25059
3	57.1154	10	25062
3	57.15	5	25069
3	57.25	4	25096
3	57.2506	5	25096
3	57.3	3	25107
3	57.3277	5	25111
3	57.35	2	25116
3	57.3728	5	25123
3	57.5024	10	25158
3	57.6686	15	25218
3	57.8383	20	25303
3	58.0253	25	25413
3	58.2646	30	25548
3	58.5251	35	25708
3	58.8567	40	25893
3	59.05	21	26004
3	59.1	23	26033
3	59.15	23	26045
3	59.2	24	26066
3	59.2361	25	26073
3	59.25	25	26083
3	59.3	13	26100
3	59.3282	15	26114
3	59.35	15	26118
3	59.4	15	26127
3	59.45	8	26137
3	59.4753	10	26146
3	59.5	5	26150
3	59.55	6	26156
3	59.65	4	26165
3	59.6506	5	26165
3	59.7	3	26171
3	59.7179	5	26175
3	59.75	2	26178
3	59.8	2	26183
3	59.8736	5	26190
3	59.9	3	26196
3	59.9188	5	26200
3	59.95	2	26204
3	59.9702	5	26211
3	60.05	3	26227
3	60.0841	5	26231
3	60.2111	10	26266
3	60.3475	15	26326
3	60.518	20	26411
3	60.7333	25	26521
3	60.9512	30	26656
3	61.2417	35	26816
3	61.5792	40	27001
3	61.7	20	27081
3	61.75	22	27109
3	61.8	22	27120
3	61.85	23	27132
3	61.9	23	27146
3	61.95	24	27162
3	61.958	25	27171
3	62	12	27188
3	62.05	14	27206
3	62.1	14	27215
3	62.1199	15	27215
3	62.15	15	27225
3	62.2	8	27237
3	62.2111	10	27246
3	62.25	5	27250
3	62.3	3	27260
3	62.3364	5	27264
3	62.4	3	27272
3	62.4225	5	27276
3	62.45	2	27278
3	62.5	2	27284
3	62.5469	5	27291
3	62.6	3	27304
3	62.6313	5	27308
3	62.65	3	27314
3	62.6748	5	27318
3	62.8026	10	27353
3	62.9698	15	27413
3	63.1411	20	27498
3	63.3273	25	27608
3	63.5417	30	27743
3	63.8271	35	27903
3	64.1338	40	28088
3	64.35	21	28210
3	64.4	23	28239
3	64.45	23	28251
3	64.45	23	28251
3	64.5	24	28265
3	64.5352	25	28279
3	64.55	25	28287
3	64.6	13	28311
3	64.6373	15	28325
3	64.7	15	28339
3	64.75	8	28349
3	64.7669	10	28358
3	64.8	5	28360
3	64.85	6	28366
3	64.9	3	28373
3	64.9361	5	28377
3	64.95	2	28378
3	65.0213	5	28385
3	65.05	2	28386
3	65.1	2	28391
3	65.1466	5	28398
3	65.15	2	28402
3	65.2293	5	28409
3	65.25	3	28416
3	65.2744	5	28420
3	65.3	2	28425
3	65.3196	5	28432
3	65.4492	10	28467
3	65.6154	15	28527
3	65.7841	20	28612
3	65.9634	25	28722
3	66.1975	30	28857
3	66.4538	35	29017
3	66.7554	40	29202
3	67.05	22	29379
3	67.1	24	29410
3	67.15	24	29423
3	67.15	24	29423
3	67.1704	25	29426
3	67.2	25	29438
3	67.25	26	29455
3	67.3	13	29483
3	67.3383	15	29497
3	67.35	15	29503
3	67.45	16	29524
3	67.5	8	29536
3	67.5113	10	29545
3	67.55	10	29549
3	67.6	5	29561
3	67.65	3	29570
3	67.6792	5	29574
3	67.7	2	29576
3	67.7636	5	29583
3	67.8	2	29586
3	67.8471	5	29593
3	67.85	2	29597
3	67.9	2	29604
3	67.9715	5	29611
3	68	3	29619
3	68.0167	5	29623
3	68.1474	10	29658
3	68.3154	15	29718
3	68.4867	20	29803
3	68.6754	25	29913
3	68.8899	30	30048
3	69.1752	35	30208
3	70.25	2	30249
3	70.25	2	30249
3	70.25	2	30249
3	70.25	2	30249
3	70.25	2	30249
3	70.25	2	30249
3	70.25	2	30249
3	70.25	2	30249
3	70.25	2	30249
3	70.25	2	30249
3	70.25	2	30249
3	70.25	2	30249
3	70.25	2	30249
3	70.25	2	30249
3	70.25	2	30249
3	70.25	2	30249
3	70.25	2	30249
3	70.25	2	30249
3	70.25	2	30249
3	70.25	2	30249
3	70.25	2	30249
3	70.25	2	30249
3	70.25	2	30249
3	70.25	2	30249
3	70.2918	5	30256
3	70.3979	10	30291
3	70.5343	15	30351
3	70.704	20	30436
3	70.9117	25	30546
3	71.1265	30	30681
3	71.4123	35	30841
3	71.7194	40	31026
3	71.95	21	31154
3	71.95	21	31154
3	72	23	31183
3	72.05	23	31195
3	72.1	24	31215
3	72.1372	25	31223
3	72.15	25	31235
3	72.2	13	31252
3	72.231	15	31266
3	72.25	15	31270
3	72.3	15	31279
3	72.4	8	31306
3	72.4399	10	31315
3	72.45	10	31318
3	72.5	10	31325
3	72.55	5	31333
3	72.6	3	31342
3	72.6171	5	31346
3	72.7	3	31355
3	72.7357	5	31359
3	72.75	2	31363
3	72.8	2	31369
3	72.8619	5	31376
3	72.9	3	31382
3	72.9062	5	31386
3	72.95	3	31397
3	72.988	5	31401
3	73.1151	10	31436
3	73.2515	15	31496
3	73.422	20	31581
3	73.6298	25	31691
3	73.8445	30	31826
3	74.1303	35	31986
3	74.4375	40	32171
3	74.65	21	32299
3	74.7	23	32328
3	74.7	23	32328
3	74.75	23	32340
3	74.8	24	32353
3	74.85	24	32368
3	74.8552	25	32368
3	74.9	25	32388
3	74.95	13	32414
3	74.9882	15	32428
3	75	15	32433
3	75.1	8	32453
3	75.1187	10	32462
3	75.15	5	32464
3	75.2	6	32470
3	75.25	3	32477
3	75.2875	5	32481
3	75.3	2	32482
3	75.3727	5	32489
3	75.4	2	32490
3	75.45	2	32495
3	75.4981	5	32502
3	75.5	2	32505
3	75.5799	5	32512
3	75.6	3	32519
3	75.6251	5	32523
3	75.65	2	32528
3	75.6703	5	32535
3	75.7999	10	32570
3	75.9661	15	32630
3	76.1349	20	32715
3	76.3231	25	32825
3	76.5627	30	32960
3	76.8237	35	33120
3	77.1556	40	33305
3	77.35	21	33417
3	77.4	23	33446
3	77.45	23	33458
3	77.5	24	33479
3	77.5361	25	33486
3	77.55	25	33495
3	77.6	13	33512
3	77.6274	15	33526
3	77.65	15	33530
3	77.7	15	33539
3	77.75	8	33550
3	77.7844	10	33559
3	77.8	5	33561
3	77.85	6	33567
3	77.95	4	33576
3	77.954	5	33576
3	78	3	33584
3	78.0416	5	33588
3	78.05	2	33589
3	78.1	2	33594
3	78.168	5	33601
3	78.2	2	33606
3	78.25	2	33613
3	78.295	5	33620
3	78.3	3	33626
3	78.3402	5	33630
3	78.4724	10	33665
3	78.6403	15	33725
3	78.8116	20	33810
3	79.0033	25	33920
3	79.2471	30	34055
3	79.5072	35	34215
3	79.757	40	34400
3	80	22	34609
3	80.05	24	34648
3	80.074	25	34656
3	80.1	25	34669
3	80.1	25	34669
3	80.15	26	34701
3	80.2	13	34728
3	80.2171	15	34742
3	80.25	15	34755
3	80.3	8	34774
3	80.314	10	34783
3	80.4	6	34811
3	80.45	4	34827
3	80.4589	5	34827
3	80.5753	10	34862
3	80.7317	15	34922
3	80.8988	20	35007
3	81.0919	25	35117
3	81.3143	30	35252
3	81.5965	35	35412
3	81.9069	40	35597
3	82.1	21	35707
3	82.15	23	35736
3	82.2	23	35748
3	82.25	24	35761
3	82.3	24	35776
3	82.3015	25	35776
3	82.35	25	35795
3	82.4	13	35817
3	82.4353	15	35831
3	82.45	15	35836
3	82.5	15	35846
3	82.55	8	35857
3	82.5701	10	35866
3	82.6	5	35869
3	82.7	4	35883
3	82.7015	5	35883
3	82.75	3	35889
3	82.7823	5	35893
3	82.8	2	35894
3	82.85	2	35899
3	82.9076	5	35906
3	82.95	3	35912
3	82.9536	5	35916
3	83	3	35925
3	83.0372	5	35929
3	83.1	3	35943
3	83.1232	5	35947
3	83.2537	10	35982
3	83.4216	15	36042
3	83.5929	20	36127
3	83.7818	25	36237
3	83.9964	30	36372
3	84.2821	35	36532
3	84.5891	40	36717
3	84.8	21	36840
3	84.85	23	36869
3	84.9	23	36881
3	84.9	23	36881
3	84.95	24	36895
3	84.9861	25	36909
3	85	25	36911
3	85.05	13	36937
3	85.0887	15	36951
3	85.1	15	36956
3	85.2	8	36976
3	85.2191	10	36985
3	85.25	5	36987
3	85.3	6	36993
3	85.35	3	37000
3	85.3879	5	37004
3	85.4	2	37005
3	85.4732	5	37012
3	85.5	2	37013
3	85.55	2	37018
3	85.5985	5	37025
3	85.6	2	37027
3	85.6428	5	37034
3	85.7	3	37043
3	85.7255	5	37047
3	85.75	2	37052
3	85.7707	5	37059
3	85.9003	10	37094
3	86.0665	15	37154
3	86.2353	20	37239
3	86.4148	25	37349
3	86.6491	30	37484
3	86.9057	35	37644
3	87.2076	40	37829
3	87.5	22	38003
3	87.55	24	38034
3	87.6	24	38047
3	87.6202	25	38050
3	87.65	25	38061
3	87.65	25	38061
3	87.7	26	38078
3	87.75	13	38105
3	87.789	15	38119
3	87.85	15	38134
3	87.9	16	38144
3	87.95	8	38156
3	87.9621	10	38165
3	88	10	38169
3	88.05	5	38182
3	88.1	3	38191
3	88.1309	5	38195
3	88.2	3	38202
3	88.2161	5	38206
3	88.25	2	38208
3	88.2988	5	38215
3	88.3	2	38217
3	88.3432	5	38224
3	88.35	2	38226
3	88.3875	5	38233
3	88.45	3	38243
3	88.4693	5	38247
3	88.5988	10	38282
3	88.7667	15	38342
3	88.938	20	38427
3	89.1269	25	38537
3	89.3415	30	38672
3	89.6272	35	38832
3	89.9342	40	39017
3	90.15	21	39139
3	90.2	23	39168
3	90.25	23	39180
3	90.25	23	39180
3	90.3	24	39194
3	90.3352	25	39208
3	90.35	25	39215
3	90.4	13	39240
3	90.438	15	39254
3	90.5	15	39268
3	90.55	8	39278
3	90.5684	10	39287
3	90.6	5	39289
3	90.65	6	39295
3	90.7	3	39302
3	90.7372	5	39306
3	90.75	2	39307
3	90.8225	5	39314
3	90.85	2	39315
3	90.9	2	39320
3	90.9478	5	39327
3	90.95	2	39330
3	91.0296	5	39337
3	91.05	3	39344
3	91.0748	5	39348
3	91.1	2	39353
3	91.12	5	39360
3	91.2496	10	39395
3	91.4158	15	39455
3	91.5846	20	39540
3	91.7641	25	39650
3	91.9984	30	39785
3	92.255	35	39945
3	92.5569	40	40130
3	92.85	22	40305
3	93.9	5	40332
3	93.9	5	40332
3	93.9	5	40332
3	93.9	5	40332
3	93.9	5	40332
3	93.9	5	40332
3	93.9	5	40332
3	93.9243	10	40336
3	93.9352	15	40341
3	93.9652	20	40346
3	93.9695	25	40351
3	94.1326	30	40462
3	94.3396	35	40622
3	94.5877	40	40807
3	94.8751	45	41017
3	95.1501	50	41252
3	95.25	25	41346
3	95.3	27	41388
3	95.35	28	41408
3	95.4	29	41430
3	95.449	30	41456
3	95.45	30	41458
3	95.5	15	41491
3	95.55	17	41518
3	95.6	18	41533
3	95.65	9	41550
3	95.657	10	41550
3	95.7	11	41568
3	95.75	6	41584
3	95.8386	10	41608
3	95.85	5	41611
3	95.9	3	41623
3	95.9179	5	41627
3	95.95	3	41633
3	95.9613	5	41637
3	96.0892	10	41672
3	96.2529	15	41732
3	96.42	20	41817
3	96.6046	25	41927
3	96.844	30	42062
3	97.1049	35	42222
3	97.4367	40	42407
3	97.65	21	42541
3	97.7	23	42570
3	97.7	23	42570
3	97.75	23	42582
3	97.8	24	42595
3	97.85	24	42610
3	97.8595	25	42610
3	97.9	25	42626
3	97.95	13	42653
3	97.9882	15	42667
3	98	15	42672
3	98.1	8	42692
3	98.1187	10	42701
3	98.15	5	42703
3	98.2	6	42709
3	98.25	3	42716
3	98.2874	5	42720
3	98.3	2	42721
3	98.3727	5	42728
3	98.4	2	42729
3	98.45	2	42734
3	98.4992	5	42741
3	98.5	2	42742
3	98.5435	5	42749
3	98.6	3	42759
3	98.6296	5	42763
3	98.65	2	42768
3	98.6757	5	42775
3	98.8078	10	42810
3	98.9791	15	42870
3	99.1522	20	42955
3	99.3437	25	43065
3	99.5875	30	43200
3	99.8782	35	43360
3	100.19	40	43545
3	100.3	20	43605
3	100.35	22	43633
3	100.4	22	43644
3	100.45	23	43656
3	100.5	23	43670
3	100.55	24	43693
3	100.552	25	43695
3	100.6	12	43715
3	100.65	14	43733
3	100.7	14	43742
3	100.717	15	43742
3	100.75	15	43752
3	100.85	8	43787
3	100.888	10	43796
3	100.9	10	43801
3	100.95	5	43810
3	101	3	43820
3	101.019	5	43824
3	101.1	3	43833
3	101.104	5	43837
3	101.15	3	43846
3	101.187	5	43850
3	101.2	2	43854
3	101.233	5	43861
3	101.3	3	43871
3	101.314	5	43875
3	101.442	10	43910
3	101.606	15	43970
3	101.773	20	44055
3	101.953	25	44165
3	102.163	30	44300
3	102.443	35	44460
3	102.745	40	44645
3	103	21	44803
3	103.05	23	44833
3	103.1	23	44845
3	103.15	24	44858
3	103.193	25	44872
3	103.2	25	44873
3	103.25	25	44890
3	103.3	13	44917
3	103.339	15	44931
3	103.35	15	44936
3	103.4	15	44946
3	103.45	8	44957
3	103.469	10	44966
3	103.5	5	44969
3	103.6	4	44983
3	103.601	5	44983
3	103.65	3	44989
3	103.681	5	44993
3	103.7	2	44994
3	103.75	2	44999
3	103.806	5	45006
3	103.85	3	45015
3	103.889	5	45019
3	103.9	2	45024
3	103.936	5	45031
3	103.95	2	45032
3	103.978	5	45039
3	104.109	10	45074
3	104.281	15	45134
3	104.454	20	45219
3	104.639	25	45329
3	104.879	30	45464
3	105.139	35	45624
3	105.39	40	45809
3	105.636	45	46019
3	105.65	22	46036
3	105.7	24	46076
3	105.724	25	46083
3	105.75	25	46097
3	105.8	26	46120
3	105.85	27	46153
3	105.9	14	46189
3	105.901	15	46189
3	105.95	16	46217
3	106	8	46235
3	106.02	10	46244
3	106.05	10	46254
3	106.1	6	46268
3	106.154	10	46292
3	106.318	15	46352
3	106.486	20	46437
3	106.659	25	46547
3	106.837	30	46682
3	107.044	35	46842
3	107.267	40	47027
3	107.544	45	47237
3	107.843	50	47472
3	108.05	26	47639
3	108.1	28	47678
3	108.15	28	47694
3	108.2	29	47711
3	108.224	30	47723
3	108.25	30	47730
3	108.3	31	47755
3	108.35	31	47784
3	108.4	16	47816
3	108.45	18	47841
3	108.5	19	47854
3	108.55	19	47869
3	108.558	20	47870
3	108.6	10	47887
3	108.7	6	47919
3	108.75	4	47930
3	108.767	5	47930
3	108.8	3	47937
3	108.822	5	47941
3	108.85	2	47943
3	108.905	5	47950
3	108.95	3	47960
3	108.989	5	47964
3	109	2	47969
3	109.035	5	47976
3	109.05	2	47977
3	109.078	5	47984
3	109.208	10	48019
3	109.374	15	48079
3	109.543	20	48164
3	109.717	25	48274
3	109.909	30	48409
3	110.112	35	48569
3	110.356	40	48754
3	110.621	45	48964
3	110.925	50	49199
3	111.1	26	49324
3	111.15	28	49362
3	111.2	28	49378
3	111.25	29	49400
3	111.265	30	49408
3	111.3	30	49420
3	111.35	31	49448
3	111.4	16	49475
3	111.45	18	49499
3	111.5	19	49511
3	111.55	19	49525
3	111.56	20	49529
3	111.6	10	49542
3	111.65	12	49560
3	111.7	6	49570
3	111.8	4	49588
3	111.808	5	49588
3	111.85	3	49596
3	111.86	5	49600
3	111.9	2	49603
3	111.944	5	49610
3	111.95	2	49614
3	112.027	5	49621
3	112.05	3	49628
3	112.072	5	49632
3	112.1	2	49637
3	112.117	5	49644
3	112.247	10	49679
3	112.413	15	49739
3	112.582	20	49824
3	112.756	25	49934
3	112.947	30	50069
3	113.136	35	50229
3	113.352	40	50414
3	114.397	10	50419
3	114.4	5	50420
3	114.566	10	50450
3	114.774	15	50510
3	114.985	20	50595
3	115.226	25	50705
3	115.521	30	50840
3	115.859	35	51000
3	116.15	19	51138
3	116.157	20	51138
3	116.2	21	51161
3	116.25	21	51169
3	116.3	21	51178
3	116.35	22	51192
3	116.4	11	51208
3	116.45	13	51221
3	116.55	13	51231
3	116.6	7	51237
3	116.65	8	51244
3	116.75	4	51252
3	116.759	5	51252
3	116.8	5	51256
3	116.9	3	51261
3	116.95	2	51264
3	117.05	2	51268
3	117.1	2	51274
3	117.18	5	51281
3	117.391	10	51316
3	117.602	15	51376
3	117.815	20	51461
3	118.027	25	51571
3	118.239	30	51706
3	118.472	35	51866
3	118.733	40	52051
3	119.035	45	52261
3	119.38	50	52496
3	119.45	25	52543
3	119.5	27	52577
3	119.55	27	52590
3	119.6	28	52604
3	119.65	28	52623
3	119.7	29	52647
3	119.726	30	52653
3	119.75	30	52670
3	119.8	15	52692
3	119.85	17	52714
3	119.95	18	52734
3	120	9	52754
3	120.005	10	52754
3	120.05	11	52767
3	120.15	6	52781
3	120.2	4	52789
3	120.207	5	52789
3	120.25	2	52794
3	120.344	5	52801
3	120.35	2	52802
3	120.4	2	52806
3	120.471	5	52813
3	120.682	10	52848
3	120.892	15	52908
3	121.104	20	52993
3	121.316	25	53103
3	121.528	30	53238
3	121.744	35	53398
3	121.991	40	53583
3	122.261	45	53793
3	122.588	50	54028
3	122.85	26	54230
3	122.9	28	54267
3	122.95	28	54281
3	123	29	54296
3	123.05	29	54313
3	123.058	30	54314
3	123.1	30	54333
3	123.2	16	54389
3	123.25	18	54411
3	123.3	18	54421
3	123.35	19	54432
3	123.384	20	54443
3	123.4	10	54445
3	123.5	12	54468
3	123.55	6	54478
3	123.6	4	54487
3	123.618	5	54487
3	123.65	2	54492
3	123.75	2	54497
3	123.8	2	54503
3	123.882	5	54510
3	124.091	10	54545
3	124.301	15	54605
3	124.514	20	54690
3	124.726	25	54800
3	124.938	30	54935
3	125.17	35	55095
3	125.431	40	55280
3	125.734	45	55490
3	126.078	50	55725
3	126.15	25	55772
3	126.2	27	55806
3	126.25	27	55819
3	126.3	28	55833
3	126.35	29	55854
3	126.4	29	55878
3	126.426	30	55882
3	126.45	30	55899
3	126.5	15	55921
3	126.55	17	55943
3	126.65	18	55965
3	126.7	9	55983
3	126.704	10	55983
3	126.75	11	55996
3	126.85	6	56010
3	126.9	4	56018
3	126.907	5	56018
3	126.95	2	56023
3	127.044	5	56030
3	127.05	2	56031
3	127.1	2	56035
3	127.171	5	56042
3	127.382	10	56077
3	127.592	15	56137
3	127.804	20	56222
3	128.016	25	56332
3	128.228	30	56467
3	128.444	35	56627
3	128.691	40	56812
3	128.961	45	57022
3	129.288	50	57257
3	129.55	26	57459
3	129.6	28	57496
3	129.65	28	57510
3	129.7	29	57525
3	129.75	29	57542
3	129.758	30	57543
3	129.8	30	57562
3	129.9	16	57618
3	129.95	18	57640
3	130	18	57650
3	130.05	19	57661
3	130.084	20	57672
3	130.1	10	57674
3	130.2	12	57697
3	130.25	6	57707
3	130.3	4	57716
3	130.318	5	57716
3	130.35	2	57721
3	130.45	2	57726
3	130.5	2	57732
3	130.582	5	57739
3	130.791	10	57774
3	131.001	15	57834
3	131.214	20	57919
3	131.426	25	58029
3	131.638	30	58164
3	131.87	35	58324
3	132.131	40	58509
3	132.434	45	58719
3	132.778	50	58954
3	132.85	25	59001
3	132.9	27	59035
3	132.95	27	59048
3	133	28	59062
3	133.05	29	59083
3	133.1	29	59107
3	133.126	30	59111
3	133.15	30	59128
3	133.2	15	59150
3	133.25	17	59172
3	133.35	18	59194
3	133.4	9	59212
3	133.404	10	59212
3	133.45	11	59225
3	133.55	6	59239
3	133.6	4	59247
3	133.607	5	59247
3	133.65	2	59252
3	133.744	5	59259
3	133.75	2	59260
3	133.8	2	59264
3	133.871	5	59271
3	134.082	10	59306
3	134.292	15	59366
3	134.504	20	59451
3	134.716	25	59561
3	134.928	30	59696
3	135.144	35	59856
3	135.391	40	60041
3	135.661	45	60251
3	135.988	50	60486
3	137	2	60498
3	137	2	60498
3	137	2	60498
3	137	2	60498
3	137	2	60498
3	137	2	60498
3	137	2	60498
3	137	2	60498
3	137	2	60498
3	137	2	60498
3	137	2	60498
3	137	2	60498
3	137	2	60498
3	137	2	60498
3	137	2	60498
3	137	2	60498
3	137	2	60498
3	137	2	60498
3	137	2	60498
3	137	2	60498
3	137	2	60498
3	137	2	60498
3	137	2	60498
3	137	2	60498
3	137	2	60498
3	137	2	60498
3	137	2	60498
3	137	2	60498
3	137	2	60498
3	137	2	60498
3	137	2	60498
3	137	2	60498
3	137	2	60498
3	137	2	60498
3	137	2	60498
3	137.045	5	60505
3	137.133	10	60540
3	137.279	15	60600
3	137.448	20	60685
3	137.639	25	60795
3	137.818	30	60930
3	138.014	35	61090
3	138.253	40	61275
3	138.462	45	61485
3	138.671	50	61720
3	138.893	55	61980
3	139.05	29	62165
3	139.051	30	62165
3	139.1	31	62223
3	139.15	32	62256
3	139.2	34	62293
3	139.228	35	62325
3	139.514	40	62510
3	139.854	45	62720
3	140.05	23	62842
3	140.084	25	62866
3	140.25	26	62906
3	140.25	26	62906
3	140.25	26	62906
3	140.25	26	62906
3	140.25	26	62906
3	140.3	27	62924
3	140.3	27	62924
3	140.3	27	62924
3	140.3	27	62924
3	140.3	27	62924
3	140.4	14	62976
3	140.414	15	62976
3	140.5	17	63012
3	140.55	9	63026
3	140.556	10	63026
3	140.6	5	63041
3	140.7	4	63062
3	140.713	5	63062
3	140.75	3	63069
3	140.778	5	63073
3	140.8	2	63075
3	140.861	5	63082
3	140.9	2	63087
3	140.944	5	63094
3	140.95	3	63101
3	140.99	5	63105
3	141.05	3	63119
3	141.074	5	63123
3	141.202	10	63158
3	141.365	15	63218
3	141.533	20	63303
3	141.717	25	63413
3	141.932	30	63548
3	142.218	35	63708
3	142.525	40	63893
3	142.75	21	64016
3	142.8	23	64045
3	142.8	23	64045
3	142.85	23	64058
3	142.9	24	64078
3	142.929	25	64085
3	142.95	25	64100
3	143	13	64118
3	143.03	15	64132
3	143.05	15	64137
3	143.15	8	64157
3	143.16	10	64166
3	143.2	5	64170
3	143.25	6	64176
3	143.3	3	64180
3	143.334	5	64184
3	143.35	2	64185
3	143.419	5	64192
3	143.45	2	64193
3	143.5	2	64198
3	143.544	5	64205
3	143.55	2	64209
3	143.627	5	64216
3	143.65	3	64223
3	143.672	5	64227
3	143.7	2	64232
3	143.717	5	64239
3	143.847	10	64274
3	144.013	15	64334
3	144.182	20	64419
3	144.361	25	64529
3	144.595	30	64664
3	144.852	35	64824
3	145.154	40	65009
3	145.45	22	65188
3	145.5	24	65219
3	145.5	24	65219
3	145.55	24	65233
3	145.57	25	65235
3	145.6	25	65248
3	145.65	26	65265
3	145.7	13	65292
3	145.738	15	65306
3	145.75	15	65312
3	145.8	16	65322
3	145.9	8	65346
3	145.911	10	65355
3	145.95	10	65359
3	146	5	65371
3	146.05	3	65380
3	146.079	5	65384
3	146.1	2	65386
3	146.163	5	65393
3	146.2	2	65396
3	146.247	5	65403
3	146.25	2	65407
3	146.3	2	65414
3	146.371	5	65421
3	146.4	3	65429
3	146.416	5	65433
3	146.547	10	65468
3	146.715	15	65528
3	146.886	20	65613
3	147.075	25	65723
3	147.289	30	65858
3	147.575	35	66018
3	147.882	40	66203
3	148.1	21	66325
3	148.15	23	66354
3	148.2	23	66366
3	148.2	23	66366
3	148.25	24	66380
3	148.285	25	66394
3	148.3	25	66404
3	148.35	13	66426
3	148.385	15	66440
3	148.45	15	66454
3	148.5	8	66464
3	148.515	10	66473
3	148.55	5	66475
3	148.6	3	66483
3	148.65	4	66487
3	148.683	5	66487
3	148.7	2	66490
3	148.776	5	66497
3	148.8	2	66498
3	148.85	2	66503
3	148.9	2	66509
3	148.943	5	66516
3	149	3	66529
3	149.028	5	66533
3	149.05	3	66539
3	149.071	5	66543
3	149.199	10	66578
3	149.363	15	66638
3	149.53	20	66723
3	149.709	25	66833
3	149.919	30	66968
3	150.2	35	67128
3	150.502	40	67313
3	150.8	22	67494
3	150.8	22	67494
3	150.85	24	67524
3	150.9	24	67537
3	150.921	25	67541
3	150.95	25	67553
3	151	26	67569
3	151.05	26	67589
3	151.1	13	67617
3	151.138	15	67631
3	151.15	15	67637
3	151.2	16	67647
3	151.3	8	67671
3	151.311	10	67680
3	151.35	10	67684
3	151.4	5	67696
3	151.45	3	67705
3	151.48	5	67709
3	151.55	3	67716
3	151.565	5	67720
3	151.6	2	67722
3	151.647	5	67729
3	151.65	2	67732
3	151.693	5	67739
3	151.75	3	67748
3	151.775	5	67752
3	151.8	2	67757
3	151.821	5	67764
3	151.951	10	67799
3	152.123	15	67859
3	152.296	20	67944
3	152.487	25	68054
3	152.731	30	68189
3	153.022	35	68349
3	153.334	40	68534
3	153.45	20	68594
3	153.5	22	68622
3	153.55	22	68633
3	153.6	23	68645
3	153.65	24	68665
3	153.697	25	68684
3	153.7	12	68686
3	153.75	14	68703
3	153.8	14	68711
3	153.822	15	68713
3	153.85	15	68720
3	153.9	8	68731
3	153.921	10	68740
3	154	5	68752
3	154.05	3	68760
3	154.079	5	68764
3	154.1	2	68765
3	154.15	2	68769
3	154.206	5	68776
3	154.25	3	68784
3	154.29	5	68788
3	154.3	2	68791
3	154.35	2	68798
3	154.413	5	68805
3	154.45	3	68813
3	154.459	5	68817
3	154.587	10	68852
3	154.75	15	68912
3	154.917	20	68997
3	155.103	25	69107
3	155.317	30	69242
3	155.603	35	69402
3	155.91	40	69587
3	156.15	21	69723
3	156.15	21	69723
3	156.2	23	69753
3	156.25	23	69766
3	156.3	24	69780
3	156.32	25	69792
3	156.35	25	69796
3	156.4	13	69821
3	156.439	15	69835
3	156.45	15	69840
3	156.5	15	69850
3	156.55	8	69861
3	156.57	10	69870
3	156.65	5	69880
3	156.7	3	69889
3	156.738	5	69893
3	156.75	2	69894
3	156.8	2	69898
3	156.865	5	69905
3	156.9	2	69907
3	156.947	5	69914
3	156.95	2	69917
3	156.993	5	69924
3	157	2	69925
3	157.036	5	69932
3	157.1	3	69942
3	157.118	5	69946
3	157.246	10	69981
3	157.409	15	70041
3	157.576	20	70126
3	157.761	25	70236
3	157.976	30	70371
3	158.261	35	70531
3	159.398	10	70585
3	159.4	5	70586
3	159.4	5	70586
3	159.4	5	70586
3	159.529	10	70616
3	159.715	15	70676
3	159.902	20	70761
3	160.093	25	70871
3	160.341	30	71006
3	160.637	35	71166
3	160.981	40	71351
3	161.1	20	71412
3	161.15	22	71439
3	161.2	22	71449
3	161.25	23	71460
3	161.3	23	71478
3	161.35	24	71498
3	161.381	25	71502
3	161.45	13	71532
3	161.474	15	71546
3	161.5	15	71550
3	161.55	15	71559
3	161.6	8	71573
3	161.64	10	71582
3	161.65	5	71584
3	161.75	3	71593
3	161.8	4	71597
3	161.809	5	71597
3	161.85	2	71600
3	161.926	5	71607
3	161.95	2	71610
3	162	2	71615
3	162.061	5	71622
3	162.1	3	71628
3	162.106	5	71632
3	162.272	10	71667
3	162.443	15	71727
3	162.639	20	71812
3	162.819	25	71922
3	163.019	30	72057
3	163.208	35	72217
3	163.408	40	72402
3	163.634	45	72612
3	163.894	50	72847
3	164.18	55	73107
3	164.493	60	73392
3	164.55	30	73446
3	164.6	32	73491
3	164.65	33	73510
3	164.7	33	73531
3	164.75	34	73553
3	164.792	35	73576
3	164.8	35	73584
3	164.85	36	73618
3	164.9	18	73652
3	164.933	20	73671
3	164.95	20	73681
3	165.05	21	73710
3	165.1	22	73728
3	165.15	11	73755
3	165.2	13	73774
3	165.25	7	73785
3	165.319	10	73802
3	165.35	5	73805
3	165.4	3	73814
3	165.404	5	73818
3	165.45	3	73826
3	165.488	5	73830
3	165.5	2	73833
3	165.57	5	73840
3	165.703	10	73875
3	165.904	15	73935
3	166.078	20	74020
3	166.272	25	74130
3	166.552	30	74265
3	166.853	35	74425
3	167.202	40	74610
3	167.3	20	74661
3	167.3	20	74661
3	167.35	22	74687
3	167.4	22	74697
3	167.45	23	74708
3	167.5	23	74721
3	167.597	25	74751
3	167.6	12	74755
3	167.65	14	74771
3	167.7	14	74778
3	167.726	15	74782
3	167.75	15	74786
3	167.8	15	74796
3	167.9	8	74828
3	167.936	10	74837
3	167.95	10	74841
3	168	5	74849
3	168.1	4	74864
3	168.105	5	74864
3	168.15	3	74873
3	168.19	5	74877
3	168.25	3	74888
3	168.277	5	74892
3	168.3	2	74895
3	168.359	5	74902
3	168.496	10	74937
3	168.703	15	74997
3	168.881	20	75082
3	169.076	25	75192
3	169.355	30	75327
3	169.656	35	75487
3	170.006	40	75672
3	170.1	20	75719
3	170.1	20	75719
3	170.15	22	75745
3	170.2	22	75756
3	170.25	23	75769
3	170.35	24	75795
3	170.392	25	75809
3	170.4	12	75810
3	170.45	14	75826
3	170.5	14	75835
3	170.518	15	75837
3	170.55	15	75845
3	170.6	8	75855
3	170.629	10	75864
3	170.7	5	75872
3	170.75	6	75878
3	170.8	3	75885
3	170.839	5	75889
3	170.9	2	75894
3	170.95	2	75898
3	171.008	5	75905
3	171.05	3	75911
3	171.091	5	75915
3	171.1	2	75919
3	171.173	5	75926
3	171.306	10	75961
3	171.513	15	76021
3	171.691	20	76106
3	171.885	25	76216
3	172.165	30	76351
3	172.466	35	76511
3	172.816	40	76696
3	172.9	20	76738
3	172.9	20	76738
3	172.95	22	76764
3	173	22	76774
3	173.05	23	76789
3	173.15	24	76822
3	173.176	25	76828
3	173.2	12	76837
3	173.25	14	76853
3	173.3	14	76860
3	173.309	15	76864
3	173.35	15	76871
3	173.4	8	76884
3	173.436	10	76893
3	173.5	5	76901
3	173.55	6	76907
3	173.65	4	76921
3	173.675	5	76921
3	173.7	3	76927
3	173.733	5	76931
3	173.75	2	76932
3	173.817	5	76939
3	173.85	2	76942
3	173.9	2	76949
3	173.943	5	76956
3	174.109	10	76991
3	174.281	15	77051
3	174.46	20	77136
3	174.683	25	77246
3	174.936	30	77381
3	175.236	35	77541
3	175.586	40	77726
3	175.65	20	77762
3	175.7	22	77788
3	175.75	22	77798
3	175.8	23	77809
3	175.85	23	77822
3	175.9	24	77841
3	175.938	25	77852
3	175.95	12	77863
3	176	14	77880
3	176.05	14	77888
3	176.071	15	77890
3	176.1	15	77897
3	176.2	8	77926
3	176.239	10	77935
3	176.25	10	77939
3	176.3	5	77947
3	176.4	4	77962
3	176.408	5	77962
3	176.45	3	77969
3	176.455	5	77973
3	176.55	3	77988
3	176.581	5	77992
3	176.6	2	77996
3	176.664	5	78003
3	176.797	10	78038
3	176.998	15	78098
3	177.172	20	78183
3	177.362	25	78293
3	177.61	30	78428
3	177.906	35	78588
3	178.25	40	78773
3	178.4	21	78856
3	178.45	23	78883
3	178.5	23	78893
3	178.55	24	78904
3	178.6	24	78917
3	178.617	25	78925
3	178.65	25	78931
3	178.7	13	78955
3	178.74	15	78969
3	178.75	15	78972
3	178.8	15	78980
3	178.9	8	78999
3	178.925	10	79008
3	178.95	5	79009
3	179	6	79014
3	179.05	3	79017
3	179.094	5	79021
3	179.15	2	79025
3	179.2	3	79028
3	179.25	2	79031
3	179.325	5	79038
3	179.35	2	79043
3	179.4	2	79049
3	179.452	5	79056
3	179.601	10	79091
3	179.793	15	79151
3	179.974	20	79236
3	180.172	25	79346
3	180.452	30	79481
3	180.752	35	79641
3	181.102	40	79826
3	181.2	20	79877
3	181.2	20	79877
3	181.25	22	79903
3	181.3	22	79913
3	181.35	23	79924
3	181.4	23	79937
3	181.488	25	79967
3	181.5	12	79977
3	181.55	14	79993
3	181.6	14	80000
3	181.622	15	80004
3	181.65	15	80008
3	181.7	15	80018
3	181.8	8	80050
3	181.832	10	80059
3	181.85	10	80063
3	181.9	5	80071
3	182	4	80086
3	182.001	5	80086
3	182.05	3	80098
3	182.089	5	80102
3	182.15	3	80111
3	182.174	5	80115
3	182.2	2	80118
3	182.256	5	80125
3	182.389	10	80160
3	182.596	15	80220
3	182.774	20	80305
3	182.972	25	80415
3	183.251	30	80550
3	184.5	3	80665
3	184.5	3	80665
3	184.5	3	80665
3	184.5	3	80665
3	184.5	3	80665
3	184.5	3	80665
3	184.5	3	80665
3	184.5	3	80665
3	184.521	5	80669
3	184.625	10	80704
3	184.779	15	80764
3	184.943	20	80849
3	185.131	25	80959
3	185.356	30	81094
3	185.633	35	81254
3	185.879	40	81439
3	186.1	22	81630
3	186.15	24	81669
3	186.171	25	81677
3	186.2	25	81690
3	186.25	26	81716
3	186.3	13	81749
3	186.327	15	81763
3	186.35	15	81775
3	186.4	16	81791
3	186.45	8	81810
3	186.461	10	81819
3	186.5	10	81829
3	186.55	6	81852
3	186.6	4	81868
3	186.61	5	81868
3	186.72	10	81903
3	186.878	15	81963
3	187.039	20	82048
3	187.264	25	82158
3	187.53	30	82293
3	187.842	35	82453
3	188.05	19	82593
3	188.054	20	82593
3	188.1	21	82623
3	188.15	22	82638
3	188.2	11	82662
3	188.25	13	82680
3	188.3	7	82690
3	188.35	4	82701
3	188.365	5	82701
3	188.4	3	82708
3	188.417	5	82712
3	188.45	2	82713
3	188.5	2	82720
3	188.544	5	82727
3	188.55	2	82728
3	188.6	2	82735
3	188.663	5	82742
3	188.7	3	82750
3	188.71	5	82754
3	188.75	3	82762
3	188.755	5	82766
3	188.879	10	82801
3	189.013	15	82861
3	189.179	20	82946
3	189.351	25	83056
3	189.549	30	83191
3	189.792	35	83351
3	190.078	40	83536
3	190.385	45	83746
3	190.5	23	83821
3	190.534	25	83845
3	190.55	25	83854
3	190.55	25	83854
3	190.6	25	83869
3	190.65	26	83885
3	190.7	27	83905
3	190.75	14	83933
3	190.75	15	83933
3	190.8	16	83954
3	190.85	8	83965
3	190.876	10	83974
3	190.9	10	83977
3	191	5	83991
3	191.05	3	84000
3	191.087	5	84004
3	191.1	2	84006
3	191.15	2	84010
3	191.2	2	84014
3	191.267	5	84021
3	191.3	3	84027
3	191.313	5	84031
3	191.35	2	84035
3	191.381	5	84042
3	191.4	3	84048
3	191.436	5	84052
3	191.5	3	84069
3	191.522	5	84073
3	191.65	10	84108
3	191.787	15	84168
3	191.956	20	84253
3	192.13	25	84363
3	192.332	30	84498
3	192.579	35	84658
3	192.87	40	84843
3	193.184	45	85053
3	193.25	22	85086
3	193.25	22	85086
3	193.3	24	85118
3	193.35	24	85132
3	193.357	25	85133
3	193.4	25	85150
3	193.45	26	85175
3	193.5	27	85198
3	193.55	14	85219
3	193.554	15	85219
3	193.6	16	85241
3	193.65	8	85253
3	193.665	10	85262
3	193.7	10	85266
3	193.8	6	85289
3	193.85	4	85299
3	193.873	5	85299
3	193.9	3	85306
3	193.92	5	85310
3	193.95	2	85312
3	194	2	85318
3	194.045	5	85325
3	194.1	3	85340
3	194.131	5	85344
3	194.15	3	85350
3	194.174	5	85354
3	194.2	3	85360
3	194.217	5	85364
3	194.341	10	85399
3	194.476	15	85459
3	194.646	20	85544
3	194.821	25	85654
3	195.022	30	85789
3	195.27	35	85949
3	195.561	40	86134
3	195.896	45	86344
3	195.95	22	86382
3	195.95	22	86382
3	196	24	86414
3	196.05	24	86428
3	196.052	25	86429
3	196.1	25	86449
3	196.15	26	86466
3	196.2	27	86485
3	196.25	14	86511
3	196.25	15	86511
3	196.3	16	86533
3	196.35	8	86546
3	196.378	10	86555
3	196.4	10	86559
3	196.5	5	86576
3	196.55	3	86586
3	196.568	5	86590
3	196.6	2	86592
3	196.65	2	86598
3	196.695	5	86605
3	196.7	2	86606
3	196.757	5	86613
3	196.8	3	86622
3	196.821	5	86626
3	196.85	2	86631
3	196.882	5	86638
3	196.9	2	86640
3	196.924	5	86647
3	197.036	10	86682
3	197.196	15	86742
3	197.352	20	86827
3	197.524	25	86937
3	197.727	30	87072
3	197.965	35	87232
3	198.235	40	87417
3	198.558	45	87627
3	198.65	23	87686
3	198.677	25	87710
3	198.7	25	87719
3	198.75	25	87733
3	198.8	26	87749
3	198.85	27	87774
3	198.9	14	87799
3	198.912	15	87799
3	198.95	16	87819
3	199	16	87829
3	199.05	8	87840
3	199.068	10	87849
3	199.1	10	87852
3	199.15	5	87860
3	199.2	3	87868
3	199.235	5	87872
3	199.25	2	87873
3	199.32	5	87880
3	199.35	2	87881
3	199.4	2	87886
3	199.446	5	87893
3	199.45	2	87897
3	199.5	2	87904
3	199.57	5	87911
3	199.6	3	87919
3	199.615	5	87923
3	199.65	3	87929
3	199.658	5	87933
3	199.782	10	87968
3	199.916	15	88028
