4	1.04861	10	4
4	1.09037	15	9
4	1.09807	20	14
4	1.13214	25	19
4	1.35037	30	130
4	1.61079	35	290
4	1.90496	40	475
4	2.1	21	596
4	2.1	21	596
4	2.1	21	596
4	2.1	21	596
4	2.15	23	627
4	2.25689	25	665
4	2.52033	30	800
4	2.75	17	930
4	2.8	19	958
4	2.82253	20	967
4	2.85	20	973
4	2.95	11	1019
4	3	13	1038
4	3.05	7	1050
4	3.11746	10	1067
4	3.33056	15	1127
4	3.54365	20	1212
4	3.75675	25	1322
4	3.97796	30	1457
4	4.25761	35	1617
4	4.55948	40	1802
4	4.90668	45	2012
4	5.05	23	2096
4	5.07086	25	2120
4	5.1	25	2126
4	5.15	25	2137
4	5.25	26	2167
4	5.3	27	2181
4	5.35	27	2198
4	5.4	14	2221
4	5.40005	15	2221
4	5.45	16	2239
4	5.55	8	2255
4	5.6	9	2264
4	5.61061	10	2264
4	5.65	10	2267
4	5.75	5	2281
4	5.8	6	2287
4	5.85	3	2290
4	5.91112	5	2294
4	5.95	2	2296
4	6	2	2300
4	6.09321	5	2307
4	6.3063	10	2342
4	6.5224	15	2402
4	6.73981	20	2487
4	6.95722	25	2597
4	7.18885	30	2732
4	7.47449	35	2892
4	7.7815	40	3077
4	8.15952	45	3287
4	8.2	22	3315
4	8.25	24	3344
4	8.31743	25	3362
4	8.35	25	3364
4	8.4	25	3383
4	8.45	26	3399
4	8.5	27	3414
4	8.55	27	3432
4	8.6	14	3450
4	8.60059	15	3450
4	8.7	16	3479
4	8.75	8	3492
4	8.78695	10	3501
4	8.8	10	3502
4	8.9	5	3512
4	8.95	6	3518
4	9.05	3	3525
4	9.09406	5	3529
4	9.1	2	3530
4	9.2	2	3535
4	9.30374	5	3542
4	9.51684	10	3577
4	9.72993	15	3637
4	9.94719	20	3722
4	10.1646	25	3832
4	10.3962	30	3967
4	10.6819	35	4127
4	10.9889	40	4312
4	11.3669	45	4522
4	11.4	22	4550
4	11.45	24	4579
4	11.5239	25	4597
4	11.55	25	4599
4	11.6	25	4611
4	11.65	26	4632
4	11.7	27	4649
4	11.75	27	4667
4	11.8	14	4685
4	11.8006	15	4685
4	11.9	16	4712
4	11.95	8	4727
4	11.9904	10	4736
4	12	10	4737
4	12.1	5	4747
4	12.15	6	4753
4	12.25	3	4760
4	12.2941	5	4764
4	12.3	2	4765
4	12.4	2	4770
4	12.5037	5	4777
4	12.7168	10	4812
4	12.9299	15	4872
4	13.143	20	4957
4	13.3561	25	5067
4	13.587	30	5202
4	13.8727	35	5362
4	14.1797	40	5547
4	14.5577	45	5757
4	14.6	22	5785
4	14.65	24	5814
4	14.7148	25	5832
4	14.75	25	5835
4	14.8	25	5855
4	14.85	26	5869
4	14.9	27	5884
4	14.95	27	5902
4	15	14	5920
4	15.0003	15	5920
4	15.1	16	5949
4	15.15	8	5962
4	15.1869	10	5971
4	15.2	10	5972
4	15.3	5	5982
4	15.35	6	5988
4	15.45	3	5995
4	15.4941	5	5999
4	15.5	2	6000
4	15.6	2	6005
4	15.7049	5	6012
4	15.9223	10	6047
4	16.1397	15	6107
4	16.3571	20	6192
4	16.5745	25	6302
4	16.8097	30	6437
4	17.1005	35	6597
4	17.4383	40	6782
4	17.7975	45	6992
4	17.8	22	6995
4	17.85	24	7023
4	17.9	24	7032
4	17.95	24	7042
4	17.969	25	7042
4	18	25	7053
4	18.05	25	7066
4	18.15	27	7106
4	18.2	14	7124
4	18.2008	15	7124
4	18.25	16	7142
4	18.3	16	7150
4	18.4	9	7174
4	18.4006	10	7174
4	18.45	5	7185
4	18.5	6	7190
4	18.6	3	7195
4	18.65	4	7198
4	18.6918	5	7199
4	18.75	2	7203
4	18.8	3	7206
4	18.8597	5	7210
4	19.0738	10	7245
4	19.2912	15	7305
4	19.5086	20	7390
4	19.726	25	7500
4	19.9612	30	7635
4	20.252	35	7795
4	20.5898	40	7980
4	20.949	45	8190
4	20.95	22	8192
4	21	24	8220
4	21.05	24	8229
4	21.1	24	8239
4	21.1196	25	8239
4	21.15	25	8250
4	21.2	25	8263
4	21.3	27	8303
4	21.35	14	8321
4	21.3514	15	8321
4	21.4	16	8339
4	21.45	16	8347
4	21.55	9	8371
4	21.5506	10	8371
4	21.6	5	8382
4	21.65	6	8387
4	21.75	3	8392
4	21.8	4	8395
4	21.8418	5	8396
4	21.9	2	8400
4	21.95	3	8403
4	22.0097	5	8407
4	22.2228	10	8442
4	22.4359	15	8502
4	22.649	20	8587
4	22.8621	25	8697
4	23.093	30	8832
4	23.3786	35	8992
4	23.6856	40	9177
4	24.0636	45	9387
4	24.1	22	9414
4	24.15	24	9443
4	24.2198	25	9461
4	24.25	25	9463
4	24.3	25	9480
4	24.35	26	9498
4	24.4	27	9513
4	24.45	27	9531
4	24.5	14	9549
4	24.5006	15	9549
4	24.6	16	9578
4	24.65	8	9591
4	24.687	10	9600
4	24.7	10	9601
4	24.8	5	9611
4	24.85	6	9617
4	24.95	3	9624
4	24.9941	5	9628
4	25	2	9629
4	25.1	2	9634
4	25.2037	5	9641
4	25.4168	10	9676
4	25.6299	15	9736
4	25.843	20	9821
4	26.0561	25	9931
4	26.2913	30	10066
4	27.35	2	10083
4	27.35	2	10083
4	27.35	2	10083
4	27.35	2	10083
4	27.35	2	10083
4	27.35	2	10083
4	27.35	2	10083
4	27.35	2	10083
4	27.35	2	10083
4	27.35	2	10083
4	27.35	2	10083
4	27.35	2	10083
4	27.35	2	10083
4	27.35	2	10083
4	27.3918	5	10090
4	27.4979	10	10125
4	27.6569	15	10185
4	27.8273	20	10270
4	28.0168	25	10380
4	28.2483	30	10515
4	28.5164	35	10675
4	28.8401	40	10860
4	29.05	21	10986
4	29.1	23	11015
4	29.15	23	11026
4	29.2	24	11038
4	29.2	24	11038
4	29.25	24	11053
4	29.2574	25	11055
4	29.3	25	11073
4	29.4	13	11120
4	29.4347	15	11134
4	29.45	15	11140
4	29.5	16	11150
4	29.55	16	11162
4	29.6	8	11177
4	29.6188	10	11186
4	29.65	10	11192
4	29.75	6	11214
4	29.8	4	11225
4	29.8071	5	11225
4	29.85	3	11233
4	29.8694	5	11237
4	29.95	3	11249
4	29.9554	5	11253
4	30	3	11263
4	30.0381	5	11267
4	30.05	2	11272
4	30.0833	5	11279
4	30.2129	10	11314
4	30.3782	15	11374
4	30.547	20	11459
4	30.7323	25	11569
4	30.9714	30	11704
4	31.2319	35	11864
4	31.5632	40	12049
4	31.75	21	12158
4	31.8	23	12187
4	31.85	23	12199
4	31.9	24	12216
4	31.9395	25	12227
4	31.95	25	12239
4	32	13	12256
4	32.0333	15	12270
4	32.05	15	12274
4	32.1	15	12283
4	32.15	8	12293
4	32.1765	10	12302
4	32.2	5	12304
4	32.25	6	12310
4	32.35	4	12322
4	32.3506	5	12322
4	32.4	3	12328
4	32.4331	5	12332
4	32.45	2	12333
4	32.5	2	12338
4	32.56	5	12345
4	32.6	2	12349
4	32.6436	5	12356
4	32.65	3	12363
4	32.6888	5	12367
4	32.75	3	12381
4	32.7748	5	12385
4	32.9052	10	12420
4	33.074	15	12480
4	33.2453	20	12565
4	33.4314	25	12675
4	33.6458	30	12810
4	33.931	35	12970
4	34.2376	40	13155
4	34.45	21	13278
4	34.5	23	13307
4	34.5	23	13307
4	34.55	23	13320
4	34.6	24	13334
4	34.6302	25	13347
4	34.65	25	13351
4	34.7	13	13376
4	34.7384	15	13390
4	34.75	15	13395
4	34.85	8	13415
4	34.8688	10	13424
4	34.9	5	13426
4	34.95	6	13432
4	35	3	13439
4	35.0376	5	13443
4	35.05	2	13444
4	35.1228	5	13451
4	35.15	2	13452
4	35.2	2	13457
4	35.2481	5	13464
4	35.25	2	13467
4	35.3299	5	13474
4	35.35	3	13481
4	35.3751	5	13485
4	35.4	2	13490
4	35.4203	5	13497
4	35.5499	10	13532
4	35.7161	15	13592
4	35.8848	20	13677
4	36.0692	25	13787
4	36.3083	30	13922
4	36.5688	35	14082
4	36.9002	40	14267
4	37.1	21	14386
4	37.15	23	14415
4	37.2	23	14427
4	37.25	24	14440
4	37.3	24	14455
4	37.3106	25	14455
4	37.35	25	14471
4	37.4	13	14495
4	37.4381	15	14509
4	37.45	15	14514
4	37.5	15	14524
4	37.55	8	14535
4	37.5685	10	14544
4	37.6	5	14547
4	37.65	3	14554
4	37.6679	5	14558
4	37.75	3	14564
4	37.7858	5	14568
4	37.8	2	14571
4	37.85	2	14576
4	37.9185	5	14583
4	37.95	2	14587
4	37.9955	5	14594
4	38	2	14595
4	38.0381	5	14602
4	38.05	3	14609
4	38.0873	5	14613
4	38.2143	10	14648
4	38.3756	15	14708
4	38.5469	20	14793
4	38.733	25	14903
4	38.9474	30	15038
4	39.2326	35	15198
4	39.5392	40	15383
4	39.75	21	15505
4	39.8	23	15534
4	39.85	23	15546
4	39.85	23	15546
4	39.9	24	15560
4	39.936	25	15574
4	39.95	25	15576
4	40	13	15602
4	40.0387	15	15616
4	40.1	15	15630
4	40.15	8	15640
4	40.1691	10	15649
4	40.2	5	15651
4	40.25	6	15657
4	40.3	3	15664
4	40.3378	5	15668
4	40.35	2	15669
4	40.4231	5	15676
4	40.45	2	15677
4	40.5	2	15682
4	40.5484	5	15689
4	40.55	2	15691
4	40.5927	5	15698
4	40.65	3	15707
4	40.6754	5	15711
4	40.7	2	15716
4	40.7206	5	15723
4	40.8501	10	15758
4	41.0163	15	15818
4	41.1851	20	15903
4	41.3695	25	16013
4	41.6086	30	16148
4	41.8691	35	16308
4	42.2004	40	16493
4	42.4	21	16611
4	42.45	23	16640
4	42.5	23	16652
4	42.55	24	16666
4	42.5926	25	16680
4	42.6	25	16681
4	42.65	25	16698
4	42.7	13	16722
4	42.7381	15	16736
4	42.75	15	16741
4	42.8	15	16751
4	42.85	8	16762
4	42.8685	10	16771
4	42.9	5	16774
4	42.95	3	16781
4	42.9679	5	16785
4	43.05	3	16791
4	43.0858	5	16795
4	43.1	2	16798
4	43.15	2	16803
4	43.2185	5	16810
4	43.25	2	16814
4	43.2955	5	16821
4	43.3	2	16822
4	43.3381	5	16829
4	43.35	3	16836
4	43.3873	5	16840
4	43.5143	10	16875
4	43.6756	15	16935
4	43.8469	20	17020
4	44.033	25	17130
4	44.2474	30	17265
4	44.5326	35	17425
4	44.8392	40	17610
4	45.05	21	17732
4	45.1	23	17761
4	45.15	23	17773
4	45.15	23	17773
4	45.2	24	17787
4	45.236	25	17801
4	45.25	25	17803
4	45.3	13	17829
4	45.3387	15	17843
4	45.4	15	17857
4	45.45	8	17867
4	45.4691	10	17876
4	45.5	5	17878
4	45.55	6	17884
4	45.6	3	17891
4	45.6378	5	17895
4	45.65	2	17896
4	45.7231	5	17903
4	45.75	2	17904
4	45.8	2	17909
4	45.8484	5	17916
4	45.85	2	17918
4	45.8927	5	17925
4	45.95	3	17934
4	45.9754	5	17938
4	46	2	17943
4	46.0206	5	17950
4	46.1501	10	17985
4	46.3163	15	18045
4	46.4851	20	18130
4	46.6695	25	18240
4	46.9086	30	18375
4	47.1691	35	18535
4	47.5004	40	18720
4	47.7	21	18838
4	47.75	23	18867
4	47.8	23	18879
4	47.85	24	18893
4	47.8926	25	18907
4	47.9	25	18908
4	47.95	25	18925
4	48	13	18949
4	48.0381	15	18963
4	48.05	15	18968
4	48.1	15	18978
4	48.15	8	18989
4	48.1685	10	18998
4	48.2	5	19001
4	48.25	3	19008
4	48.2679	5	19012
4	48.35	3	19018
4	48.3858	5	19022
4	48.4	2	19025
4	48.45	2	19030
4	48.5185	5	19037
4	48.55	2	19041
4	48.5955	5	19048
4	48.6	2	19049
4	48.6381	5	19056
4	48.65	3	19063
4	48.6873	5	19067
4	48.8143	10	19102
4	48.9756	15	19162
4	49.1469	20	19247
4	49.333	25	19357
4	49.5474	30	19492
4	49.8326	35	19652
4	50.1392	40	19837
4	50.35	21	19959
4	50.4	23	19988
4	50.45	23	20000
4	50.45	23	20000
4	50.5	24	20014
4	50.536	25	20028
4	50.55	25	20030
4	50.6	13	20056
4	50.6387	15	20070
4	50.7	15	20084
4	50.75	8	20094
4	50.7691	10	20103
4	50.8	5	20105
4	50.85	6	20111
4	50.9	3	20118
4	50.9378	5	20122
4	50.95	2	20123
4	51.0231	5	20130
4	51.05	2	20131
4	51.1	2	20136
4	51.1484	5	20143
4	51.15	2	20145
4	51.1927	5	20152
4	51.25	3	20161
4	51.2754	5	20165
4	52.3	2	20166
4	52.3	2	20166
4	52.3	2	20166
4	52.3398	5	20173
4	52.506	10	20208
4	52.6799	15	20268
4	52.87	20	20353
4	53.0656	25	20463
4	53.3134	30	20598
4	53.609	35	20758
4	53.949	40	20943
4	54.1	21	21026
4	54.15	23	21053
4	54.2	23	21063
4	54.25	24	21074
4	54.3	24	21087
4	54.316	25	21095
4	54.35	25	21101
4	54.4	13	21123
4	54.4404	15	21137
4	54.45	15	21140
4	54.5	15	21148
4	54.6	8	21167
4	54.627	10	21176
4	54.65	5	21177
4	54.7	6	21182
4	54.75	3	21185
4	54.7958	5	21189
4	54.85	2	21193
4	54.9	3	21196
4	54.95	2	21199
4	55.0253	5	21206
4	55.05	2	21211
4	55.1	2	21217
4	55.1523	5	21224
4	55.3047	10	21259
4	55.4865	15	21319
4	55.6865	20	21404
4	55.8761	25	21514
4	56.1196	30	21649
4	56.4101	35	21809
4	56.7219	40	21994
4	56.95	21	22112
4	57	23	22140
4	57.05	23	22152
4	57.1	24	22171
4	57.1393	25	22181
4	57.15	25	22188
4	57.2	25	22204
4	57.25	13	22221
4	57.2706	15	22235
4	57.3	15	22239
4	57.35	15	22248
4	57.45	8	22277
4	57.4813	10	22286
4	57.5	10	22289
4	57.55	10	22296
4	57.65	6	22317
4	57.7	4	22327
4	57.7088	5	22327
4	57.75	3	22334
4	57.7754	5	22338
4	57.85	3	22346
4	57.8598	5	22350
4	57.9	2	22355
4	57.9433	5	22362
4	58.1087	10	22397
4	58.2783	15	22457
4	58.4539	20	22542
4	58.6666	25	22652
4	58.9143	30	22787
4	59.2099	35	22947
4	59.5269	40	23132
4	59.7	21	23215
4	59.75	23	23242
4	59.8	23	23252
4	59.85	24	23269
4	59.8956	25	23284
4	59.9	25	23286
4	59.95	25	23301
4	60	13	23317
4	60.0235	15	23331
4	60.05	15	23334
4	60.1	15	23342
4	60.15	8	23356
4	60.1914	10	23365
4	60.25	5	23371
4	60.3	6	23376
4	60.35	3	23379
4	60.4019	5	23383
4	60.45	2	23387
4	60.5	3	23390
4	60.55	2	23393
4	60.6253	5	23400
4	60.65	2	23402
4	60.696	5	23409
4	60.7	2	23410
4	60.7515	5	23417
4	60.9057	10	23452
4	61.0856	15	23512
4	61.2595	20	23597
4	61.4686	25	23707
4	61.7121	30	23842
4	61.977	35	24002
4	62.3145	40	24187
4	62.55	21	24315
4	62.6	23	24343
4	62.65	23	24353
4	62.7	24	24371
4	62.7438	25	24384
4	62.75	25	24387
4	62.8	25	24402
4	62.85	13	24418
4	62.8734	15	24432
4	62.9	15	24435
4	62.95	15	24443
4	63	8	24457
4	63.0414	10	24466
4	63.1	5	24472
4	63.15	6	24477
4	63.2	3	24480
4	63.2519	5	24484
4	63.3	2	24488
4	63.35	3	24491
4	63.4	2	24494
4	63.4753	5	24501
4	63.5	2	24503
4	63.546	5	24510
4	63.55	2	24511
4	63.6015	5	24518
4	63.7557	10	24553
4	63.9356	15	24613
4	64.1095	20	24698
4	64.3239	25	24808
4	64.5716	30	24943
4	64.8672	35	25103
4	65.2107	40	25288
4	65.35	20	25368
4	65.4	22	25395
4	65.45	22	25405
4	65.5	23	25416
4	65.55	24	25437
4	65.6	24	25454
4	65.6279	25	25458
4	65.65	12	25470
4	65.7	14	25487
4	65.75	14	25495
4	65.7617	15	25497
4	65.8	15	25504
4	65.9	8	25535
4	65.9305	10	25544
4	65.95	10	25548
4	66	5	25556
4	66.1	4	25572
4	66.1001	5	25572
4	66.15	3	25582
4	66.1873	5	25586
4	66.25	3	25595
4	66.2726	5	25599
4	66.3	2	25602
4	66.3544	5	25609
4	66.4874	10	25644
4	66.6885	15	25704
4	66.8624	20	25789
4	67.0468	25	25899
4	67.2852	30	26034
4	67.5705	35	26194
4	67.8773	40	26379
4	68.15	21	26537
4	68.2	23	26566
4	68.25	23	26577
4	68.3	24	26595
4	68.3407	25	26606
4	68.35	25	26614
4	68.4	25	26630
4	68.45	13	26647
4	68.4729	15	26661
4	68.55	15	26673
4	68.6	8	26688
4	68.6417	10	26697
4	68.65	5	26698
4	68.7	6	26703
4	68.75	3	26706
4	68.8104	5	26710
4	68.85	2	26712
4	68.9	2	26716
4	68.95	1	26719
4	69.05	2	26727
4	69.1	2	26732
4	69.1463	5	26739
4	69.2935	10	26774
4	69.4804	15	26834
4	69.6544	20	26919
4	69.8635	25	27029
4	70.107	30	27164
4	70.3718	35	27324
4	70.7093	40	27509
4	70.95	21	27641
4	71	23	27669
4	71	23	27669
4	71.05	23	27680
4	71.1395	25	27710
4	71.15	25	27714
4	71.2	25	27729
4	71.25	13	27745
4	71.27	15	27759
4	71.3	15	27762
4	71.35	15	27770
4	71.4	8	27785
4	71.4387	10	27794
4	71.45	5	27795
4	71.55	3	27802
4	71.6	4	27805
4	71.6418	5	27806
4	71.65	2	27808
4	71.75	2	27813
4	71.8	1	27816
4	71.8999	5	27825
4	71.9	2	27826
4	71.95	2	27833
4	72.02	5	27840
4	72.1573	10	27875
4	72.3635	15	27935
4	72.5416	20	28020
4	72.7303	25	28130
4	72.9738	30	28265
4	73.2642	35	28425
4	73.6017	40	28610
4	73.8	21	28723
4	73.85	23	28751
4	73.9	23	28762
4	73.95	24	28780
4	73.9895	25	28792
4	74	25	28794
4	74.05	25	28810
4	74.1	13	28832
4	74.1374	15	28846
4	74.2	15	28858
4	74.25	8	28867
4	74.2835	10	28876
4	74.3	5	28877
4	74.35	6	28882
4	74.45	3	28889
4	74.4941	5	28893
4	74.5	2	28894
4	74.55	3	28897
4	74.6202	5	28901
4	74.65	2	28904
4	74.7	2	28909
4	74.7473	5	28916
4	74.75	2	28919
4	74.8291	5	28926
4	74.9621	10	28961
4	75.1632	15	29021
4	75.3371	20	29106
4	75.5179	25	29216
4	75.719	30	29351
4	75.9193	35	29511
4	76.1121	40	29696
4	76.3123	45	29906
4	76.5448	50	30141
4	77.7	2	30249
4	77.7	2	30249
4	77.7	2	30249
4	77.7	2	30249
4	77.7	2	30249
4	77.7	2	30249
4	77.7	2	30249
4	77.7	2	30249
4	77.7	2	30249
4	77.7	2	30249
4	77.7	2	30249
4	77.7245	5	30256
4	77.8515	10	30291
4	77.9941	15	30351
4	78.1626	20	30436
4	78.3735	25	30546
4	78.588	30	30681
4	78.8733	35	30841
4	79.1801	40	31026
4	79.4	21	31155
4	79.4	21	31155
4	79.45	23	31184
4	79.5	23	31196
4	79.55	24	31209
4	79.5975	25	31224
4	79.6	25	31227
4	79.65	13	31251
4	79.6896	15	31265
4	79.7	15	31269
4	79.75	15	31278
4	79.85	8	31299
4	79.8618	10	31308
4	79.9	10	31311
4	79.95	5	31322
4	80	3	31330
4	80.0314	5	31334
4	80.05	2	31335
4	80.1167	5	31342
4	80.15	2	31343
4	80.2	2	31350
4	80.2445	5	31357
4	80.25	2	31358
4	80.3247	5	31365
4	80.35	3	31372
4	80.3707	5	31376
4	80.4	2	31381
4	80.4159	5	31388
4	80.5472	10	31423
4	80.7168	15	31483
4	80.889	20	31568
4	81.0663	25	31678
4	81.2533	30	31813
4	81.4857	35	31973
4	81.7421	40	32158
4	82.0395	45	32368
4	82.3	24	32551
4	82.3138	25	32551
4	82.35	26	32586
4	82.4	26	32601
4	82.45	27	32617
4	82.5	28	32636
4	82.55	14	32664
4	82.5508	15	32664
4	82.6	16	32685
4	82.65	16	32695
4	82.7	17	32706
4	82.75	9	32719
4	82.7537	10	32719
4	82.8	5	32733
4	82.9	4	32748
4	82.9029	5	32748
4	82.95	3	32754
4	82.9787	5	32758
4	83	2	32759
4	83.05	2	32764
4	83.104	5	32771
4	83.15	3	32782
4	83.1893	5	32786
4	83.2	2	32790
4	83.2345	5	32797
4	83.25	2	32798
4	83.2771	5	32805
4	83.4067	10	32840
4	83.5729	15	32900
4	83.7417	20	32985
4	83.9156	25	33095
4	84.118	30	33230
4	84.3334	35	33390
4	84.5898	40	33575
4	84.8871	45	33785
4	85.15	24	33964
4	85.158	25	33964
4	85.2	26	33999
4	85.25	26	34014
4	85.3	27	34030
4	85.35	28	34056
4	85.4	14	34083
4	85.4002	15	34083
4	85.45	16	34104
4	85.5	16	34114
4	85.55	17	34125
4	85.6	9	34138
4	85.6031	10	34138
4	85.7	6	34165
4	85.75	4	34174
4	85.7761	5	34174
4	85.8	3	34180
4	85.823	5	34184
4	85.85	2	34185
4	85.9	2	34190
4	85.9483	5	34197
4	86	3	34208
4	86.0336	5	34212
4	86.05	2	34216
4	86.0796	5	34223
4	86.1	2	34224
4	86.1231	5	34231
4	86.2527	10	34266
4	86.4172	15	34326
4	86.586	20	34411
4	86.7616	25	34521
4	86.9657	30	34656
4	87.1862	35	34816
4	87.4656	40	35001
4	87.7681	45	35211
4	88	24	35370
4	88	24	35370
4	88.0065	25	35370
4	88.05	26	35404
4	88.1	26	35419
4	88.15	27	35436
4	88.2	28	35461
4	88.25	14	35489
4	88.2615	15	35489
4	88.3	16	35510
4	88.35	16	35520
4	88.45	9	35543
4	88.4533	10	35543
4	88.5	5	35556
4	88.55	3	35564
4	88.6	4	35568
4	88.6032	5	35568
4	88.65	2	35573
4	88.7304	5	35580
4	88.75	2	35581
4	88.8	2	35586
4	88.85	2	35591
4	88.8966	5	35598
4	88.95	3	35613
4	88.9827	5	35617
4	89	3	35623
4	89.0262	5	35627
4	89.1541	10	35662
4	89.3177	15	35722
4	89.4848	20	35807
4	89.6562	25	35917
4	89.8363	30	36052
4	90.0644	35	36212
4	90.3166	40	36397
4	90.6088	45	36607
4	90.9225	50	36842
4	90.95	25	36859
4	91	27	36895
4	91.05	27	36910
4	91.1	28	36926
4	91.15	29	36952
4	91.1904	30	36969
4	91.2	30	36980
4	91.25	15	37002
4	91.3	17	37025
4	91.35	18	37036
4	91.4	18	37049
4	91.45	9	37068
4	91.4504	10	37068
4	91.5	11	37083
4	91.55	6	37092
4	91.65	4	37109
4	91.6567	5	37109
4	91.7	3	37117
4	91.7044	5	37121
4	91.75	3	37128
4	91.788	5	37132
4	91.8	2	37135
4	91.8698	5	37142
4	91.9	3	37149
4	91.915	5	37153
4	91.95	2	37158
4	91.9602	5	37165
4	92.0904	10	37200
4	92.26	15	37260
4	92.4322	20	37345
4	92.6095	25	37455
4	92.8196	30	37590
4	93.0383	35	37750
4	93.3195	40	37935
4	93.622	45	38145
4	93.85	24	38304
4	93.85	24	38304
4	93.8604	25	38304
4	93.9	26	38338
4	93.95	26	38353
4	94	27	38369
4	94.05	28	38393
4	94.1	14	38420
4	94.1	15	38420
4	94.15	16	38441
4	94.2	16	38451
4	94.3	9	38474
4	94.3029	10	38474
4	94.35	5	38487
4	94.4	3	38495
4	94.45	4	38499
4	94.4515	5	38499
4	94.5	2	38504
4	94.579	5	38511
4	94.6	2	38512
4	94.65	2	38517
4	94.7	2	38522
4	94.7452	5	38529
4	94.8	3	38544
4	94.8322	5	38548
4	94.85	3	38554
4	94.8756	5	38558
4	95.0035	10	38593
4	95.1705	15	38653
4	95.341	20	38738
4	95.5157	25	38848
4	95.7009	30	38983
4	95.9351	35	39143
4	96.1914	40	39328
4	96.4888	45	39538
4	96.75	24	39729
4	96.7503	25	39729
4	96.8	26	39764
4	96.85	26	39778
4	96.9	27	39793
4	96.95	28	39810
4	97	28	39831
4	97.05	29	39859
4	97.0556	30	39864
4	97.1	15	39889
4	97.15	17	39912
4	97.2	18	39924
4	97.25	18	39938
4	97.3	9	39953
4	97.3003	10	39953
4	97.4	6	39985
4	97.45	4	39995
4	97.475	5	39995
4	97.5	3	40002
4	97.5228	5	40006
4	97.55	2	40008
4	97.6055	5	40015
4	97.65	3	40025
4	97.6899	5	40029
4	97.7	2	40034
4	97.7359	5	40041
4	97.75	2	40042
4	97.7785	5	40049
4	97.9081	10	40084
4	98.0743	15	40144
4	98.2431	20	40229
4	99.45	2	40332
4	99.45	2	40332
4	99.45	2	40332
4	99.45	2	40332
4	99.45	2	40332
4	99.45	2	40332
4	99.45	2	40332
4	99.45	2	40332
4	99.45	2	40332
4	99.45	2	40332
4	99.45	2	40332
4	99.4735	5	40339
4	99.6113	10	40374
4	99.8153	15	40434
4	100.113	20	40519
4	100.507	25	40629
4	100.65	13	40681
4	100.65	13	40681
4	100.686	15	40695
4	100.7	15	40698
4	100.75	15	40706
4	100.8	16	40715
4	100.85	16	40726
4	100.9	9	40746
4	100.9	10	40746
4	100.95	5	40760
4	101	3	40768
4	101.028	5	40772
4	101.1	2	40777
4	101.15	2	40781
4	101.197	5	40788
4	101.2	2	40790
4	101.279	5	40797
4	101.3	2	40802
4	101.363	5	40809
4	101.4	3	40816
4	101.408	5	40820
4	101.45	3	40829
4	101.454	5	40833
4	101.614	10	40868
4	101.751	15	40928
4	101.924	20	41013
4	102.102	25	41123
4	102.304	30	41258
4	102.518	35	41418
4	102.794	40	41603
4	103.091	45	41813
4	103.35	24	42001
4	103.35	25	42001
4	103.4	26	42036
4	103.45	26	42050
4	103.5	27	42065
4	103.55	28	42082
4	103.6	28	42102
4	103.65	29	42129
4	103.656	30	42136
4	103.7	15	42159
4	103.75	17	42182
4	103.8	18	42194
4	103.85	18	42208
4	103.906	20	42229
4	103.95	10	42248
4	104	12	42265
4	104.05	6	42276
4	104.1	4	42288
4	104.114	5	42288
4	104.15	3	42296
4	104.161	5	42300
4	104.25	3	42317
4	104.286	5	42321
4	104.3	2	42326
4	104.332	5	42333
4	104.35	2	42334
4	104.375	5	42341
4	104.504	10	42376
4	104.671	15	42436
4	104.839	20	42521
4	105.013	25	42631
4	105.205	30	42766
4	105.389	35	42926
4	105.583	40	43111
4	105.81	45	43321
4	106.065	50	43556
4	106.345	55	43816
4	106.651	60	44101
4	106.7	30	44147
4	106.75	32	44193
4	106.8	33	44213
4	106.85	33	44235
4	106.9	34	44265
4	106.911	35	44277
4	106.95	35	44298
4	107	36	44332
4	107.05	18	44362
4	107.077	20	44381
4	107.1	20	44392
4	107.15	21	44407
4	107.2	22	44424
4	107.25	11	44451
4	107.3	13	44471
4	107.35	7	44483
4	107.417	10	44500
4	107.45	5	44505
4	107.5	3	44515
4	107.503	5	44519
4	107.55	3	44529
4	107.588	5	44533
4	107.6	2	44537
4	107.633	5	44544
4	107.7	3	44554
4	107.715	5	44558
4	107.843	10	44593
4	108.006	15	44653
4	108.173	20	44738
4	108.347	25	44848
4	108.548	30	44983
4	108.796	35	45143
4	109.088	40	45328
4	109.401	45	45538
4	109.5	23	45603
4	109.543	25	45627
4	109.55	25	45635
4	109.55	25	45635
4	109.6	25	45649
4	109.65	26	45664
4	109.7	27	45681
4	109.75	27	45701
4	109.8	14	45729
4	109.801	15	45729
4	109.85	16	45750
4	109.95	8	45773
4	109.969	10	45782
4	110	10	45785
4	110.05	10	45792
4	110.1	6	45805
4	110.15	4	45815
4	110.176	5	45815
4	110.25	3	45828
4	110.265	5	45832
4	110.3	2	45835
4	110.348	5	45842
4	110.35	2	45844
4	110.394	5	45851
4	110.45	3	45861
4	110.476	5	45865
4	110.5	2	45870
4	110.524	5	45877
4	110.654	10	45912
4	110.817	15	45972
4	110.986	20	46057
4	111.167	25	46167
4	111.377	30	46302
4	111.607	35	46462
4	111.885	40	46647
4	112.201	45	46857
4	112.35	23	46957
4	112.385	25	46981
4	112.4	25	46990
4	112.45	25	47003
4	112.5	26	47017
4	112.55	27	47033
4	112.6	27	47058
4	112.65	28	47078
4	112.7	14	47106
4	112.702	15	47106
4	112.75	16	47128
4	112.8	17	47139
4	112.85	17	47152
4	112.9	9	47166
4	112.904	10	47166
4	112.95	5	47181
4	113.05	4	47200
4	113.051	5	47200
4	113.1	3	47207
4	113.127	5	47211
4	113.15	2	47213
4	113.209	5	47220
4	113.25	3	47226
4	113.255	5	47230
4	113.3	3	47240
4	113.337	5	47244
4	113.35	2	47249
4	113.382	5	47256
4	113.512	10	47291
4	113.678	15	47351
4	113.847	20	47436
4	114.021	25	47546
4	114.242	30	47681
4	114.49	35	47841
4	114.76	40	48026
4	115.095	45	48236
4	115.15	22	48275
4	115.2	24	48307
4	115.25	24	48320
4	115.276	25	48322
4	115.3	25	48334
4	115.35	26	48350
4	115.4	26	48370
4	115.45	27	48396
4	115.5	14	48425
4	115.501	15	48425
4	115.55	16	48447
4	115.6	8	48459
4	115.625	10	48468
4	115.65	10	48472
4	115.75	6	48491
4	115.8	4	48501
4	115.801	5	48501
4	115.85	3	48508
4	115.877	5	48512
4	115.9	2	48514
4	115.959	5	48521
4	116	2	48526
4	116.043	5	48533
4	116.05	3	48540
4	116.088	5	48544
4	116.1	2	48549
4	116.133	5	48556
4	116.263	10	48591
4	116.429	15	48651
4	116.598	20	48736
4	116.775	25	48846
4	116.996	30	48981
4	117.244	35	49141
4	117.514	40	49326
4	117.849	45	49536
4	117.95	23	49603
4	117.95	23	49603
4	117.993	25	49627
4	118	25	49635
4	118.05	25	49649
4	118.1	26	49664
4	118.15	27	49681
4	118.2	27	49702
4	118.25	14	49730
4	118.251	15	49730
4	118.3	16	49751
4	118.35	8	49762
4	118.377	10	49771
4	118.45	10	49780
4	118.5	5	49787
4	118.55	3	49796
4	118.587	5	49800
4	118.6	2	49802
4	118.65	2	49806
4	118.72	5	49813
4	118.75	2	49815
4	118.8	2	49822
4	118.846	5	49829
4	118.85	2	49834
4	118.892	5	49841
4	118.95	3	49851
4	118.973	5	49855
4	119.101	10	49890
4	119.265	15	49950
4	119.433	20	50035
4	119.606	25	50145
4	119.804	30	50280
4	121	2	50415
4	121	2	50415
4	121	2	50415
4	121	2	50415
4	121	2	50415
4	121	2	50415
4	121	2	50415
4	121	2	50415
4	121	2	50415
4	121	2	50415
4	121	2	50415
4	121	2	50415
4	121	2	50415
4	121	2	50415
4	121	2	50415
4	121	2	50415
4	121	2	50415
4	121	2	50415
4	121	2	50415
4	121	2	50415
4	121	2	50415
4	121	2	50415
4	121	2	50415
4	121	2	50415
4	121	2	50415
4	121	2	50415
4	121	2	50415
4	121	2	50415
4	121	2	50415
4	121	2	50415
4	121	2	50415
4	121	2	50415
4	121	2	50415
4	121.045	5	50422
4	121.137	10	50457
4	121.297	15	50517
4	121.468	20	50602
4	121.668	25	50712
4	121.916	30	50847
4	122.212	35	51007
4	122.554	40	51192
4	122.6	20	51220
4	122.65	22	51248
4	122.7	22	51260
4	122.75	23	51280
4	122.8	24	51299
4	122.834	25	51310
4	122.85	12	51316
4	122.9	14	51334
4	122.95	14	51343
4	122.96	15	51343
4	123	15	51353
4	123.05	8	51373
4	123.089	10	51382
4	123.1	5	51386
4	123.15	3	51394
4	123.176	5	51398
4	123.25	3	51405
4	123.261	5	51409
4	123.3	2	51411
4	123.344	5	51418
4	123.35	2	51423
4	123.427	5	51430
4	123.45	3	51437
4	123.472	5	51441
4	123.5	2	51446
4	123.518	5	51453
4	123.647	10	51488
4	123.813	15	51548
4	123.982	20	51633
4	124.156	25	51743
4	124.373	30	51878
4	124.596	35	52038
4	124.882	40	52223
4	125.19	45	52433
4	125.35	23	52538
4	125.386	25	52562
4	125.4	25	52571
4	125.4	25	52571
4	125.45	25	52585
4	125.5	26	52600
4	125.55	27	52617
4	125.6	28	52644
4	125.65	14	52670
4	125.656	15	52670
4	125.75	17	52702
4	125.8	17	52714
4	125.85	9	52727
4	125.85	10	52727
4	125.9	5	52743
4	125.95	3	52751
4	125.984	5	52755
4	126	2	52756
4	126.069	5	52763
4	126.1	2	52764
4	126.15	2	52769
4	126.194	5	52776
4	126.2	2	52780
4	126.277	5	52787
4	126.3	3	52794
4	126.322	5	52798
4	126.35	2	52803
4	126.368	5	52810
4	126.497	10	52845
4	126.663	15	52905
4	126.832	20	52990
4	127.006	25	53100
4	127.228	30	53235
4	127.476	35	53395
4	127.745	40	53580
4	128.08	45	53790
4	128.15	23	53842
4	128.19	25	53866
4	128.2	25	53874
4	128.25	25	53887
4	128.3	26	53901
4	128.35	26	53917
4	128.4	27	53939
4	128.45	14	53966
4	128.451	15	53966
4	128.5	16	53986
4	128.55	16	53996
4	128.6	8	54007
4	128.619	10	54016
4	128.65	10	54019
4	128.7	10	54026
4	128.75	6	54039
4	128.85	4	54056
4	128.869	5	54056
4	128.9	3	54064
4	128.917	5	54068
4	128.95	2	54070
4	128.999	5	54077
4	129.05	3	54089
4	129.085	5	54093
4	129.1	2	54098
4	129.131	5	54105
4	129.15	2	54106
4	129.174	5	54113
4	129.304	10	54148
4	129.47	15	54208
4	129.639	20	54293
4	129.812	25	54403
4	130.026	30	54538
4	130.249	35	54698
4	130.535	40	54883
4	130.843	45	55093
4	131	23	55198
4	131.039	25	55222
4	131.05	25	55231
4	131.1	25	55244
4	131.1	25	55244
4	131.15	26	55259
4	131.2	27	55276
4	131.25	27	55300
4	131.3	28	55328
4	131.367	30	55357
4	131.4	15	55379
4	131.45	17	55403
4	131.5	18	55416
4	131.55	9	55434
4	131.55	10	55434
4	131.6	11	55450
4	131.65	6	55462
4	131.75	4	55481
4	131.752	5	55481
4	131.8	3	55490
4	131.811	5	55494
4	131.85	3	55500
4	131.884	5	55504
4	131.95	3	55520
4	131.971	5	55524
4	132	3	55530
4	132.015	5	55534
4	132.151	10	55569
4	132.306	15	55629
4	132.473	20	55714
4	132.645	25	55824
4	132.845	30	55959
4	133.025	35	56119
4	133.217	40	56304
4	133.406	45	56514
4	133.607	50	56749
4	133.83	55	57009
4	134.099	60	57294
4	134.395	65	57604
4	134.715	70	57939
4	134.75	35	57977
4	134.8	37	58029
4	134.85	37	58050
4	134.85	37	58050
4	134.85	37	58050
4	134.85	37	58050
4	134.85	37	58050
4	134.85	37	58050
4	134.9	38	58077
4	134.95	39	58106
4	134.968	40	58127
4	135	40	58145
4	135.05	41	58187
4	135.1	42	58229
4	135.2	22	58312
4	135.25	24	58351
4	135.268	25	58359
4	135.3	25	58372
4	135.35	26	58402
4	135.4	13	58435
4	135.432	15	58449
4	135.5	16	58476
4	135.55	8	58493
4	135.563	10	58502
4	135.6	10	58511
4	135.65	6	58531
4	135.732	10	58555
4	135.75	5	58560
4	135.855	10	58590
4	135.992	15	58650
4	136.162	20	58735
4	136.367	25	58845
4	136.582	30	58980
4	136.868	35	59140
4	137.175	40	59325
4	137.4	21	59453
4	137.4	21	59453
4	137.45	23	59482
4	137.5	23	59494
4	137.55	24	59507
4	137.593	25	59522
4	137.6	25	59530
4	137.65	13	59551
4	137.687	15	59565
4	137.7	15	59569
4	137.75	15	59578
4	137.85	8	59599
4	137.859	10	59608
4	137.9	10	59612
4	137.95	5	59622
4	138	3	59630
4	138.03	5	59634
4	138.05	2	59635
4	138.115	5	59642
4	138.15	2	59643
4	138.199	5	59650
4	138.2	2	59652
4	138.25	2	59658
4	138.323	5	59665
4	138.35	3	59671
4	138.368	5	59675
4	138.4	2	59680
4	138.413	5	59687
4	138.542	10	59722
4	138.709	15	59782
4	138.877	20	59867
4	139.062	25	59977
4	139.302	30	60112
4	139.562	35	60272
4	139.894	40	60457
4	140.999	10	60502
4	141	5	60503
4	141	5	60503
4	141	5	60503
4	141	5	60503
4	141.127	10	60533
4	141.295	15	60593
4	141.472	20	60678
4	141.665	25	60788
4	141.908	30	60923
4	142.199	35	61083
4	142.511	40	61268
4	142.7	21	61369
4	142.75	23	61397
4	142.8	23	61408
4	142.85	24	61420
4	142.9	24	61434
4	142.906	25	61438
4	142.95	25	61456
4	143	13	61478
4	143.037	15	61492
4	143.05	15	61496
4	143.1	15	61505
4	143.15	8	61515
4	143.175	10	61524
4	143.2	5	61526
4	143.3	3	61535
4	143.344	5	61539
4	143.35	2	61540
4	143.4	3	61543
4	143.47	5	61547
4	143.5	2	61550
4	143.55	2	61555
4	143.597	5	61562
4	143.6	2	61565
4	143.679	5	61572
4	143.7	3	61579
4	143.724	5	61583
4	143.855	10	61618
4	144.025	15	61678
4	144.2	20	61763
4	144.418	25	61873
4	144.666	30	62008
4	144.962	35	62168
4	145.306	40	62353
4	145.4	20	62407
4	145.45	22	62434
4	145.5	22	62444
4	145.55	23	62460
4	145.6	24	62478
4	145.65	24	62493
4	145.673	25	62497
4	145.7	12	62509
4	145.75	14	62526
4	145.8	14	62534
4	145.807	15	62536
4	145.85	15	62547
4	145.9	8	62561
4	145.936	10	62570
4	146	5	62580
4	146.05	3	62587
4	146.065	5	62591
4	146.1	2	62592
4	146.15	5	62599
4	146.2	3	62605
4	146.234	5	62609
4	146.25	2	62611
4	146.317	5	62618
4	146.35	2	62623
4	146.4	2	62630
4	146.442	5	62637
4	146.573	10	62672
4	146.741	15	62732
4	146.913	20	62817
4	147.103	25	62927
4	147.351	30	63062
4	147.647	35	63222
4	147.99	40	63407
4	148.1	20	63469
4	148.15	22	63496
4	148.2	22	63506
4	148.2	22	63506
4	148.25	23	63518
4	148.3	23	63532
4	148.367	25	63559
4	148.4	12	63574
4	148.45	14	63591
4	148.5	14	63599
4	148.522	15	63601
4	148.55	15	63608
4	148.6	8	63619
4	148.62	10	63628
4	148.65	5	63631
4	148.75	4	63645
4	148.751	5	63645
4	148.8	3	63651
4	148.831	5	63655
4	148.85	2	63656
4	148.915	5	63663
4	148.95	2	63666
4	148.998	5	63673
4	149	2	63675
4	149.043	5	63682
4	149.1	3	63692
4	149.126	5	63696
4	149.258	10	63731
4	149.432	15	63791
4	149.609	20	63876
4	149.823	25	63986
4	150.067	30	64121
4	150.332	35	64281
4	150.67	40	64466
4	150.85	21	64568
4	150.9	23	64596
4	150.95	23	64607
4	151	24	64619
4	151.047	25	64637
4	151.05	25	64641
4	151.1	25	64660
4	151.15	13	64677
4	151.18	15	64691
4	151.2	15	64695
4	151.25	15	64704
4	151.3	8	64714
4	151.325	10	64723
4	151.35	5	64727
4	151.45	3	64736
4	151.5	4	64740
4	151.516	5	64740
4	151.55	2	64743
4	151.6	2	64747
4	151.668	5	64754
4	151.7	2	64758
4	151.75	2	64764
4	151.794	5	64771
4	151.85	3	64783
4	151.878	5	64787
4	152.008	10	64822
4	152.18	15	64882
4	152.357	20	64967
4	152.544	25	65077
4	152.788	30	65212
4	153.078	35	65372
4	153.416	40	65557
4	153.55	20	65638
4	153.6	22	65666
4	153.65	22	65677
4	153.7	23	65689
4	153.75	24	65709
4	153.798	25	65728
4	153.8	12	65730
4	153.85	14	65747
4	153.9	14	65755
4	153.922	15	65757
4	154	8	65774
4	154.02	10	65783
4	154.05	5	65785
4	154.1	6	65791
4	154.15	3	65798
4	154.19	5	65802
4	154.25	2	65807
4	154.3	2	65811
4	154.35	2	65815
4	154.404	5	65822
4	154.45	3	65833
4	154.49	5	65837
4	154.5	2	65841
4	154.537	5	65848
4	154.705	10	65883
4	154.877	15	65943
4	155.052	20	66028
4	155.242	25	66138
4	155.486	30	66273
4	155.777	35	66433
4	156.089	40	66618
4	156.25	21	66707
4	156.3	23	66735
4	156.35	23	66746
4	156.4	24	66758
4	156.45	24	66772
4	156.454	25	66776
4	156.5	25	66795
4	156.55	13	66816
4	156.586	15	66830
4	156.6	15	66834
4	156.65	15	66843
4	156.75	8	66864
4	156.758	10	66873
4	156.8	10	66879
4	156.85	5	66887
4	156.9	3	66895
4	156.928	5	66899
4	157	2	66904
4	157.05	2	66908
4	157.097	5	66915
4	157.1	2	66917
4	157.18	5	66924
4	157.2	2	66929
4	157.25	2	66936
4	157.305	5	66943
4	157.435	10	66978
4	157.603	15	67038
4	157.775	20	67123
4	157.958	25	67233
4	158.161	30	67368
4	158.347	35	67528
4	158.543	40	67713
4	158.739	45	67923
4	158.941	50	68158
4	159.188	55	68418
4	159.479	60	68703
4	159.804	65	69013
4	160	33	69203
4	160	33	69203
4	160.038	35	69237
4	160.05	35	69251
4	160.05	35	69251
4	160.05	35	69251
4	160.05	35	69251
4	160.05	35	69251
4	160.05	35	69251
4	160.1	36	69275
4	160.15	36	69301
4	160.2	37	69329
4	160.25	38	69362
4	160.333	40	69422
4	160.35	40	69442
4	160.4	20	69483
4	160.45	22	69518
4	160.5	23	69536
4	160.55	24	69556
4	160.568	25	69573
4	160.65	13	69616
4	160.683	15	69630
4	160.7	15	69640
4	160.75	8	69655
4	160.772	10	69664
4	160.85	5	69682
4	160.9	4	69697
4	160.901	5	69697
4	160.95	3	69710
4	160.983	5	69714
4	161.114	10	69749
4	161.282	15	69809
4	161.455	20	69894
4	161.668	25	70004
4	161.886	30	70139
4	162.177	35	70299
4	162.514	40	70484
4	163.7	2	70581
4	163.7	2	70581
4	163.7	2	70581
4	163.7	2	70581
4	163.7	2	70581
4	163.7	2	70581
4	163.7	2	70581
4	163.7	2	70581
4	163.7	2	70581
4	163.7	2	70581
4	163.7	2	70581
4	163.7	2	70581
4	163.7	2	70581
4	163.7	2	70581
4	163.7	2	70581
4	163.7	2	70581
4	163.7	2	70581
4	163.7	2	70581
4	163.736	5	70588
4	163.842	10	70623
4	163.993	15	70683
4	164.168	20	70768
4	164.365	25	70878
4	164.603	30	71013
4	164.873	35	71173
4	165.211	40	71358
4	165.35	20	71437
4	165.4	22	71465
4	165.45	22	71476
4	165.5	23	71490
4	165.55	24	71504
4	165.6	24	71520
4	165.611	25	71527
4	165.65	12	71539
4	165.7	14	71557
4	165.75	15	71566
4	165.75	15	71567
4	165.8	15	71581
4	165.85	8	71595
4	165.879	10	71604
4	165.9	5	71608
4	165.95	3	71616
4	165.97	5	71620
4	166.05	3	71627
4	166.056	5	71631
4	166.1	3	71639
4	166.14	5	71643
4	166.15	2	71646
4	166.222	5	71653
4	166.25	3	71660
4	166.267	5	71664
4	166.3	2	71669
4	166.312	5	71676
4	166.442	10	71711
4	166.608	15	71771
4	166.777	20	71856
4	166.956	25	71966
4	167.191	30	72101
4	167.447	35	72261
4	167.749	40	72446
4	168.05	22	72630
4	168.05	22	72630
4	168.1	24	72661
4	168.15	24	72675
4	168.169	25	72677
4	168.2	25	72690
4	168.25	26	72707
4	168.3	13	72735
4	168.338	15	72749
4	168.35	15	72755
4	168.4	16	72765
4	168.45	16	72777
4	168.55	9	72810
4	168.55	10	72810
4	168.6	5	72825
4	168.65	3	72834
4	168.675	5	72838
4	168.7	2	72840
4	168.75	2	72845
4	168.802	5	72852
4	168.85	3	72863
4	168.887	5	72867
4	168.9	2	72871
4	168.932	5	72878
4	169	3	72888
4	169.014	5	72892
4	169.142	10	72927
4	169.305	15	72987
4	169.476	20	73072
4	169.663	25	73182
4	169.877	30	73317
4	170.163	35	73477
4	170.47	40	73662
4	170.7	21	73787
4	170.75	23	73816
4	170.8	23	73827
4	170.8	23	73827
4	170.85	24	73847
4	170.888	25	73856
4	170.9	25	73863
4	170.95	25	73880
4	171.05	13	73922
4	171.077	15	73936
4	171.1	15	73942
4	171.15	16	73953
4	171.2	16	73966
4	171.25	8	73982
4	171.277	10	73991
4	171.3	10	73996
4	171.4	6	74016
4	171.45	4	74027
4	171.454	5	74027
4	171.5	3	74039
4	171.54	5	74043
4	171.6	3	74054
4	171.625	5	74058
4	171.65	2	74062
4	171.67	5	74069
4	171.7	2	74070
4	171.713	5	74077
4	171.842	10	74112
4	172.009	15	74172
4	172.177	20	74257
4	172.359	25	74367
4	172.599	30	74502
4	172.86	35	74662
4	173.191	40	74847
4	173.4	21	74975
4	173.45	23	75004
4	173.5	23	75015
4	173.55	24	75027
4	173.55	24	75027
4	173.6	24	75042
4	173.611	25	75044
4	173.65	25	75058
4	173.75	13	75109
4	173.785	15	75123
4	173.8	15	75129
4	173.85	16	75139
4	173.9	16	75151
4	173.95	8	75165
4	173.967	10	75174
4	174	10	75179
4	174.1	6	75203
4	174.15	4	75214
4	174.159	5	75214
4	174.2	3	75222
4	174.219	5	75226
4	174.3	3	75238
4	174.305	5	75242
4	174.35	3	75252
4	174.387	5	75256
4	174.4	2	75261
4	174.433	5	75268
4	174.564	10	75303
4	174.734	15	75363
4	174.907	20	75448
4	175.096	25	75558
4	175.335	30	75693
4	175.596	35	75853
4	175.928	40	76038
4	176.1	21	76147
4	176.15	23	76176
4	176.2	23	76188
4	176.25	24	76201
4	176.3	24	76216
4	176.304	25	76216
4	176.35	25	76238
4	176.4	13	76263
4	176.438	15	76277
4	176.45	15	76282
4	176.5	15	76292
4	176.55	8	76303
4	176.568	10	76312
4	176.6	5	76315
4	176.7	4	76329
4	176.701	5	76329
4	176.75	3	76335
4	176.78	5	76339
4	176.8	2	76340
4	176.85	2	76345
4	176.905	5	76352
4	176.95	3	76362
4	176.989	5	76366
4	177	2	76370
4	177.035	5	76377
4	177.1	3	76387
4	177.116	5	76391
4	177.244	10	76426
4	177.408	15	76486
4	177.575	20	76571
4	177.757	25	76681
4	177.972	30	76816
4	178.257	35	76976
4	178.564	40	77161
4	178.8	21	77292
4	178.85	23	77321
4	178.9	23	77332
4	178.9	23	77332
4	178.95	24	77345
4	179	24	77360
4	179.012	25	77361
4	179.05	25	77376
4	179.1	13	77396
4	179.118	15	77410
4	179.2	8	77427
4	179.24	10	77436
4	179.25	5	77437
4	179.3	6	77442
4	179.35	3	77445
4	179.4	4	77449
4	179.408	5	77449
4	179.45	2	77452
4	179.526	5	77459
4	179.55	2	77461
4	179.6	2	77466
4	179.65	2	77471
4	179.693	5	77478
4	179.75	3	77493
4	179.781	5	77497
4	179.8	3	77503
4	179.824	5	77507
4	179.955	10	77542
4	180.123	15	77602
4	180.294	20	77687
4	180.483	25	77797
4	180.698	30	77932
4	180.983	35	78092
4	181.29	40	78277
4	181.5	21	78399
4	181.55	23	78428
4	181.6	23	78440
4	181.6	23	78440
4	181.65	24	78454
4	181.686	25	78468
4	181.7	25	78470
4	181.75	13	78496
4	181.789	15	78510
4	181.85	15	78524
4	181.9	8	78534
4	181.919	10	78543
4	181.95	5	78545
4	182	6	78551
4	182.05	3	78558
4	182.088	5	78562
4	182.1	2	78563
4	182.173	5	78570
4	182.2	2	78571
4	182.25	2	78576
4	182.299	5	78583
4	182.3	2	78585
4	182.343	5	78592
4	182.4	3	78601
4	182.426	5	78605
4	182.45	2	78610
4	182.471	5	78617
4	182.6	10	78652
4	182.767	15	78712
4	182.935	20	78797
4	183.115	25	78907
4	183.349	30	79042
4	183.606	35	79202
4	183.908	40	79387
4	184.2	22	79597
4	184.25	24	79631
4	184.283	25	79644
4	184.3	25	79647
4	184.35	25	79667
4	184.35	25	79667
4	184.4	26	79689
4	184.45	13	79719
4	184.484	15	79733
4	184.55	16	79754
4	184.6	8	79768
4	184.615	10	79777
4	184.65	10	79783
4	184.7	5	79797
4	184.75	3	79809
4	184.782	5	79813
4	184.8	2	79817
4	184.864	5	79824
4	184.9	3	79831
4	184.91	5	79835
4	184.95	3	79842
4	184.954	5	79846
4	185.083	10	79881
4	185.248	15	79941
4	185.417	20	80026
4	185.592	25	80136
4	185.82	30	80271
4	186.073	35	80431
4	186.37	40	80616
4	187.45	2	80664
4	187.45	2	80664
4	187.45	2	80664
4	187.45	2	80664
4	187.45	2	80664
4	187.45	2	80664
4	187.45	2	80664
4	187.45	2	80664
4	187.45	2	80664
4	187.45	2	80664
4	187.45	2	80664
4	187.45	2	80664
4	187.45	2	80664
4	187.45	2	80664
4	187.45	2	80664
4	187.45	2	80664
4	187.45	2	80664
4	187.45	2	80664
4	187.45	2	80664
4	187.45	2	80664
4	187.45	2	80664
4	187.492	5	80671
4	187.598	10	80706
4	187.745	15	80766
4	187.912	20	80851
4	188.113	25	80961
4	188.32	30	81096
4	188.572	35	81256
4	188.868	40	81441
4	189.2	22	81641
4	189.25	24	81672
4	189.3	24	81685
4	189.304	25	81688
4	189.35	25	81707
4	189.4	26	81728
4	189.45	13	81746
4	189.48	15	81760
4	189.5	15	81765
4	189.55	15	81774
4	189.6	16	81784
4	189.65	8	81802
4	189.689	10	81811
4	189.7	10	81815
4	189.8	5	81832
4	189.85	3	81841
4	189.861	5	81845
4	189.9	2	81847
4	189.945	5	81854
4	189.95	2	81856
4	190.028	5	81863
4	190.05	2	81868
4	190.1	2	81875
4	190.15	2	81882
4	190.159	5	81889
4	190.32	10	81924
4	190.457	15	81984
4	190.629	20	82069
4	190.806	25	82179
4	191.028	30	82314
4	191.276	35	82474
4	191.545	40	82659
4	191.88	45	82869
4	191.95	23	82916
4	191.985	25	82940
4	192	25	82948
4	192.05	25	82961
4	192.1	26	82975
4	192.15	27	82992
4	192.2	27	83017
4	192.25	14	83042
4	192.259	15	83042
4	192.3	16	83062
4	192.35	16	83072
4	192.4	8	83083
4	192.416	10	83092
4	192.45	10	83095
4	192.5	5	83105
4	192.55	3	83113
4	192.585	5	83117
4	192.65	2	83122
4	192.7	2	83126
4	192.75	2	83130
4	192.795	5	83137
4	192.85	3	83148
4	192.88	5	83152
4	192.9	2	83156
4	192.925	5	83163
4	192.95	2	83164
4	192.968	5	83171
4	193.097	10	83206
4	193.263	15	83266
4	193.432	20	83351
4	193.606	25	83461
4	193.828	30	83596
4	194.075	35	83756
4	194.345	40	83941
4	194.68	45	84151
4	194.75	23	84203
4	194.789	25	84227
4	194.8	25	84235
4	194.85	25	84248
4	194.9	26	84262
4	194.95	26	84278
4	195	27	84301
4	195.05	14	84329
4	195.058	15	84329
4	195.1	16	84349
4	195.15	16	84359
4	195.2	8	84370
4	195.219	10	84379
4	195.25	10	84382
4	195.3	10	84389
4	195.35	6	84402
4	195.45	4	84419
4	195.469	5	84419
4	195.5	3	84427
4	195.517	5	84431
4	195.55	2	84433
4	195.599	5	84440
4	195.65	3	84452
4	195.685	5	84456
4	195.7	2	84461
4	195.731	5	84468
4	195.75	2	84469
4	195.774	5	84476
4	195.903	10	84511
4	196.07	15	84571
4	196.238	20	84656
4	196.412	25	84766
4	196.634	30	84901
4	196.882	35	85061
4	197.151	40	85246
4	197.486	45	85456
4	197.55	23	85506
4	197.594	25	85530
4	197.6	25	85538
4	197.65	25	85551
4	197.7	26	85565
4	197.75	26	85581
4	197.8	27	85599
4	197.85	14	85626
4	197.85	15	85626
4	197.9	16	85646
4	197.95	16	85656
4	198	8	85667
4	198.018	10	85676
4	198.05	10	85679
4	198.1	5	85687
4	198.2	3	85700
4	198.227	5	85704
4	198.25	2	85705
4	198.3	2	85709
4	198.35	2	85713
4	198.395	5	85720
4	198.45	3	85731
4	198.48	5	85735
4	198.5	2	85739
4	198.525	5	85746
4	198.55	2	85747
4	198.568	5	85754
4	198.697	10	85789
4	198.867	15	85849
4	199.04	20	85934
4	199.218	25	86044
4	199.446	30	86179
4	199.698	35	86339
4	199.995	40	86524
