5	1.04946	10	4
5	1.09208	15	9
5	1.09978	20	14
5	1.13556	25	19
5	1.38701	30	130
5	1.68348	35	290
5	2.02725	40	475
5	2.1	20	518
5	2.1	20	518
5	2.1	20	518
5	2.1	20	518
5	2.1	20	518
5	2.1	20	518
5	2.15	22	545
5	2.15	22	545
5	2.32004	25	608
5	2.61158	30	743
5	2.75	16	827
5	2.85	19	866
5	2.9	19	881
5	2.91207	20	881
5	3	10	919
5	3.05	12	937
5	3.1	6	950
5	3.21043	10	974
5	3.42692	15	1034
5	3.64429	20	1119
5	3.86167	25	1229
5	4.10026	30	1364
5	4.39102	35	1524
5	4.7288	40	1709
5	5.05	22	1900
5	5.15	24	1937
5	5.2	24	1947
5	5.21415	25	1947
5	5.25	25	1958
5	5.3	26	1974
5	5.35	26	1995
5	5.4	13	2012
5	5.43328	15	2026
5	5.45	15	2029
5	5.55	16	2043
5	5.6	16	2054
5	5.65	8	2070
5	5.68904	10	2079
5	5.75	10	2086
5	5.8	5	2092
5	5.9	3	2104
5	5.95	4	2108
5	5.95971	5	2108
5	6.05	3	2117
5	6.08588	5	2121
5	6.29902	10	2156
5	6.51215	15	2216
5	6.72529	20	2301
5	6.93843	25	2411
5	7.16578	30	2546
5	7.4514	35	2706
5	7.75843	40	2891
5	8.13641	45	3101
5	8.2	23	3147
5	8.24588	25	3171
5	8.25	25	3176
5	8.3	25	3186
5	8.35	26	3197
5	8.4	26	3210
5	8.5	27	3247
5	8.55	14	3265
5	8.55063	15	3265
5	8.6	16	3282
5	8.65	16	3289
5	8.75	8	3307
5	8.8	9	3316
5	8.81794	10	3316
5	8.85	10	3319
5	8.95	5	3331
5	9	6	3337
5	9.05	3	3340
5	9.11205	5	3344
5	9.15	2	3346
5	9.2	2	3350
5	9.29325	5	3357
5	9.50639	10	3392
5	9.71953	15	3452
5	9.93266	20	3537
5	10.1458	25	3647
5	10.3732	30	3782
5	10.6588	35	3942
5	10.9658	40	4127
5	11.3438	45	4337
5	11.4	22	4374
5	11.45	24	4403
5	11.5	24	4413
5	11.5334	25	4421
5	11.6	25	4436
5	11.65	26	4449
5	11.7	26	4470
5	11.75	27	4491
5	11.8	14	4512
5	11.8097	15	4512
5	11.9	16	4539
5	11.95	8	4548
5	11.9844	10	4557
5	12	10	4558
5	12.05	10	4565
5	12.15	5	4578
5	12.2	3	4585
5	12.2591	5	4589
5	12.3	2	4591
5	12.35	2	4596
5	12.4696	5	4603
5	12.6828	10	4638
5	12.8993	15	4698
5	13.1167	20	4783
5	13.334	25	4893
5	13.5622	30	5028
5	13.8479	35	5188
5	14.1549	40	5373
5	14.5329	45	5583
5	14.6	23	5633
5	14.6458	25	5657
5	14.65	25	5662
5	14.7	25	5672
5	14.75	26	5683
5	14.8	26	5696
5	14.85	27	5710
5	14.95	14	5753
5	14.9506	15	5753
5	15	16	5770
5	15.05	16	5777
5	15.1	8	5785
5	15.1753	10	5794
5	15.2	10	5796
5	15.25	10	5800
5	15.3	5	5805
5	15.4	3	5813
5	15.45	4	5816
5	15.4918	5	5817
5	15.55	2	5822
5	15.6	3	5825
5	15.6606	5	5829
5	15.8737	10	5864
5	16.0868	15	5924
5	16.3	20	6009
5	16.5131	25	6119
5	16.737	30	6254
5	17.0175	35	6414
5	17.3194	40	6599
5	17.6667	45	6809
5	17.8	23	6885
5	17.824	25	6909
5	17.9	25	6925
5	17.95	26	6940
5	18	26	6960
5	18.05	27	6974
5	18.1	14	6990
5	18.1097	15	6990
5	18.15	16	7007
5	18.2	16	7014
5	18.3	8	7036
5	18.35	9	7045
5	18.3782	10	7045
5	18.4	10	7048
5	18.5	5	7058
5	18.55	6	7064
5	18.65	4	7073
5	18.6506	5	7073
5	18.7	2	7078
5	18.75	3	7081
5	18.8112	5	7085
5	19.0243	10	7120
5	19.2375	15	7180
5	19.4506	20	7265
5	19.6637	25	7375
5	19.8877	30	7510
5	20.1682	35	7670
5	20.4701	40	7855
5	20.8173	45	8065
5	20.95	23	8142
5	20.9755	25	8166
5	21	25	8172
5	21.1	26	8197
5	21.15	26	8217
5	21.2	27	8233
5	21.25	14	8249
5	21.2543	15	8249
5	21.3	16	8266
5	21.35	16	8273
5	21.45	8	8295
5	21.5	9	8304
5	21.5305	10	8304
5	21.55	10	8307
5	21.65	5	8317
5	21.7	6	8323
5	21.75	3	8326
5	21.8007	5	8330
5	21.85	2	8334
5	21.9	3	8337
5	21.9696	5	8341
5	22.187	10	8376
5	22.4044	15	8436
5	22.6218	20	8521
5	22.8391	25	8631
5	23.0673	30	8766
5	23.353	35	8926
5	23.66	40	9111
5	24.038	45	9321
5	24.1	22	9365
5	24.15	24	9394
5	24.2	24	9404
5	24.2335	25	9412
5	24.25	25	9415
5	24.3	25	9428
5	24.4	27	9465
5	24.45	27	9486
5	24.5	14	9505
5	24.5023	15	9505
5	24.55	16	9524
5	24.65	8	9542
5	24.6753	10	9551
5	24.7	10	9552
5	24.75	10	9559
5	24.85	6	9574
5	24.9	4	9582
5	24.9171	5	9582
5	25	3	9590
5	25.05	2	9594
5	25.1374	5	9601
5	25.3505	10	9636
5	25.5636	15	9696
5	25.7768	20	9781
5	25.9914	25	9891
5	26.2169	30	10026
5	27.35	2	10083
5	27.35	2	10083
5	27.35	2	10083
5	27.35	2	10083
5	27.35	2	10083
5	27.35	2	10083
5	27.35	2	10083
5	27.35	2	10083
5	27.35	2	10083
5	27.35	2	10083
5	27.35	2	10083
5	27.35	2	10083
5	27.35	2	10083
5	27.35	2	10083
5	27.3754	5	10090
5	27.4864	10	10125
5	27.6432	15	10185
5	27.8102	20	10270
5	28.0032	25	10380
5	28.2312	30	10515
5	28.5079	35	10675
5	28.823	40	10860
5	29.05	21	10993
5	29.05	21	10993
5	29.1	23	11022
5	29.15	23	11034
5	29.2	24	11047
5	29.2443	25	11062
5	29.25	25	11069
5	29.3	25	11087
5	29.35	13	11108
5	29.3782	15	11122
5	29.4	15	11127
5	29.45	15	11137
5	29.55	8	11167
5	29.5869	10	11176
5	29.6	10	11180
5	29.65	5	11188
5	29.7	3	11197
5	29.7173	5	11201
5	29.8	3	11209
5	29.8088	5	11213
5	29.85	2	11218
5	29.9	2	11225
5	29.9679	5	11232
5	30	3	11238
5	30.0122	5	11242
5	30.05	2	11247
5	30.0603	5	11254
5	30.1873	10	11289
5	30.3532	15	11349
5	30.5249	20	11434
5	30.7075	25	11544
5	30.9467	30	11679
5	31.2071	35	11839
5	31.5385	40	12024
5	31.75	21	12156
5	31.8	23	12185
5	31.85	23	12196
5	31.85	23	12196
5	31.9	24	12209
5	31.95	24	12224
5	31.96	25	12225
5	32	25	12240
5	32.05	13	12267
5	32.0879	15	12281
5	32.15	15	12295
5	32.2	8	12305
5	32.2183	10	12314
5	32.25	5	12316
5	32.3	6	12322
5	32.35	3	12329
5	32.387	5	12333
5	32.4	2	12334
5	32.4723	5	12341
5	32.5	2	12342
5	32.55	2	12347
5	32.5975	5	12354
5	32.6	2	12357
5	32.6794	5	12364
5	32.7	3	12371
5	32.7245	5	12375
5	32.75	2	12380
5	32.7697	5	12387
5	32.8993	10	12422
5	33.0655	15	12482
5	33.2342	20	12567
5	33.4186	25	12677
5	33.6577	30	12812
5	33.9182	35	12972
5	34.2495	40	13157
5	34.45	21	13276
5	34.5	23	13305
5	34.55	23	13317
5	34.6	24	13330
5	34.65	24	13345
5	34.66	25	13345
5	34.7	25	13361
5	34.75	13	13385
5	34.7878	15	13399
5	34.8	15	13404
5	34.85	15	13414
5	34.9	8	13425
5	34.9183	10	13434
5	34.95	5	13437
5	35	3	13444
5	35.0179	5	13448
5	35.1	3	13454
5	35.1349	5	13458
5	35.15	2	13461
5	35.2	2	13466
5	35.25	2	13471
5	35.3028	5	13478
5	35.35	3	13487
5	35.3554	5	13491
5	35.4	3	13502
5	35.4372	5	13506
5	35.5642	10	13541
5	35.7255	15	13601
5	35.8968	20	13686
5	36.0829	25	13796
5	36.2972	30	13931
5	36.5825	35	14091
5	36.8891	40	14276
5	37.1	21	14398
5	37.15	23	14427
5	37.2	23	14439
5	37.2	23	14439
5	37.25	24	14453
5	37.2852	25	14467
5	37.3	25	14469
5	37.35	13	14495
5	37.3886	15	14509
5	37.45	15	14523
5	37.5	8	14533
5	37.5191	10	14542
5	37.55	5	14544
5	37.6	6	14550
5	37.65	3	14557
5	37.6878	5	14561
5	37.7	2	14562
5	37.773	5	14569
5	37.8	2	14570
5	37.85	2	14575
5	37.8983	5	14582
5	37.9	2	14584
5	37.9426	5	14591
5	38	3	14600
5	38.0253	5	14604
5	38.05	2	14609
5	38.0705	5	14616
5	38.2	10	14651
5	38.3662	15	14711
5	38.535	20	14796
5	38.7194	25	14906
5	38.9585	30	15041
5	39.219	35	15201
5	39.5503	40	15386
5	39.75	21	15504
5	39.8	23	15533
5	39.85	23	15546
5	39.9	24	15559
5	39.9418	25	15573
5	39.95	25	15574
5	40	25	15591
5	40.05	13	15615
5	40.0881	15	15629
5	40.1	15	15634
5	40.15	15	15644
5	40.2	8	15655
5	40.2185	10	15664
5	40.25	5	15667
5	40.3	3	15674
5	40.3179	5	15678
5	40.4	3	15684
5	40.4349	5	15688
5	40.45	2	15691
5	40.5	2	15696
5	40.5685	5	15703
5	40.6	2	15707
5	40.6446	5	15714
5	40.65	2	15715
5	40.6872	5	15722
5	40.7	3	15729
5	40.7372	5	15733
5	40.8642	10	15768
5	41.0257	15	15828
5	41.1971	20	15913
5	41.3831	25	16023
5	41.5975	30	16158
5	41.8827	35	16318
5	42.1893	40	16503
5	42.4	21	16625
5	42.45	23	16654
5	42.5	23	16666
5	42.5	23	16666
5	42.55	24	16680
5	42.5852	25	16694
5	42.6	25	16696
5	42.65	13	16722
5	42.6886	15	16736
5	42.75	15	16750
5	42.8	8	16760
5	42.8191	10	16769
5	42.85	5	16771
5	42.9	6	16777
5	42.95	3	16784
5	42.9878	5	16788
5	43	2	16789
5	43.073	5	16796
5	43.1	2	16797
5	43.15	2	16802
5	43.1983	5	16809
5	43.2	2	16811
5	43.2426	5	16818
5	43.3	3	16827
5	43.3253	5	16831
5	43.35	2	16836
5	43.3705	5	16843
5	43.5	10	16878
5	43.6662	15	16938
5	43.835	20	17023
5	44.0194	25	17133
5	44.2585	30	17268
5	44.519	35	17428
5	44.8503	40	17613
5	45.05	21	17731
5	45.1	23	17760
5	45.15	23	17773
5	45.2	24	17786
5	45.2418	25	17800
5	45.25	25	17801
5	45.3	25	17818
5	45.35	13	17842
5	45.3881	15	17856
5	45.4	15	17861
5	45.45	15	17871
5	45.5	8	17882
5	45.5185	10	17891
5	45.55	5	17894
5	45.6	3	17901
5	45.6179	5	17905
5	45.7	3	17911
5	45.7349	5	17915
5	45.75	2	17918
5	45.8	2	17923
5	45.8685	5	17930
5	45.9	2	17934
5	45.9446	5	17941
5	45.95	2	17942
5	45.9872	5	17949
5	46	3	17956
5	46.0372	5	17960
5	46.1642	10	17995
5	46.3257	15	18055
5	46.4971	20	18140
5	46.6831	25	18250
5	46.8975	30	18385
5	47.1827	35	18545
5	47.4893	40	18730
5	47.7	21	18852
5	47.75	23	18881
5	47.8	23	18893
5	47.8	23	18893
5	47.85	24	18907
5	47.8852	25	18921
5	47.9	25	18923
5	47.95	13	18949
5	47.9886	15	18963
5	48.05	15	18977
5	48.1	8	18987
5	48.1191	10	18996
5	48.15	5	18998
5	48.2	6	19004
5	48.25	3	19011
5	48.2878	5	19015
5	48.3	2	19016
5	48.373	5	19023
5	48.4	2	19024
5	48.45	2	19029
5	48.4983	5	19036
5	48.5	2	19038
5	48.5426	5	19045
5	48.6	3	19054
5	48.6253	5	19058
5	48.65	2	19063
5	48.6705	5	19070
5	48.8	10	19105
5	48.9662	15	19165
5	49.135	20	19250
5	49.3194	25	19360
5	49.5585	30	19495
5	49.819	35	19655
5	50.1503	40	19840
5	50.35	21	19958
5	50.4	23	19987
5	50.45	23	20000
5	50.5	24	20013
5	50.5418	25	20027
5	50.55	25	20028
5	50.6	25	20045
5	50.65	13	20069
5	50.6881	15	20083
5	50.7	15	20088
5	50.75	15	20098
5	50.8	8	20109
5	50.8185	10	20118
5	50.85	5	20121
5	50.9	3	20128
5	50.9179	5	20132
5	51	3	20138
5	51.0349	5	20142
5	51.05	2	20145
5	51.1	2	20150
5	51.1685	5	20157
5	51.2	2	20161
5	52.25	2	20166
5	52.25	2	20166
5	52.25	2	20166
5	52.25	2	20166
5	52.2754	5	20173
5	52.4259	10	20208
5	52.593	15	20268
5	52.7686	20	20353
5	52.946	25	20463
5	53.1673	30	20598
5	53.4261	35	20758
5	53.7158	40	20943
5	54.0515	45	21153
5	54.1	22	21183
5	54.15	24	21214
5	54.2	24	21226
5	54.217	25	21230
5	54.25	25	21239
5	54.3	26	21258
5	54.35	26	21281
5	54.4	27	21301
5	54.45	14	21323
5	54.4506	15	21323
5	54.5	16	21344
5	54.55	8	21355
5	54.5725	10	21364
5	54.6	10	21367
5	54.7	6	21386
5	54.75	4	21395
5	54.7796	5	21395
5	54.8	3	21401
5	54.8265	5	21405
5	54.85	2	21406
5	54.9101	5	21413
5	54.95	2	21416
5	54.9936	5	21423
5	55	2	21428
5	55.0771	5	21435
5	55.1	3	21442
5	55.1223	5	21446
5	55.2535	10	21481
5	55.4231	15	21541
5	55.5962	20	21626
5	55.7958	25	21736
5	56.0042	30	21871
5	56.2845	35	22031
5	56.5861	40	22216
5	56.9	22	22416
5	56.95	24	22446
5	57	24	22458
5	57.0293	25	22463
5	57.05	25	22471
5	57.1	25	22486
5	57.15	26	22502
5	57.2	13	22528
5	57.2378	15	22542
5	57.25	15	22547
5	57.3	15	22556
5	57.35	16	22566
5	57.4	8	22578
5	57.4108	10	22587
5	57.45	10	22591
5	57.55	6	22613
5	57.6	4	22623
5	57.6179	5	22623
5	57.65	3	22630
5	57.6648	5	22634
5	57.75	3	22647
5	57.7892	5	22651
5	57.8	2	22655
5	57.85	2	22662
5	57.9137	5	22669
5	58.0441	10	22704
5	58.212	15	22764
5	58.3858	20	22849
5	58.5674	25	22959
5	58.7956	30	23094
5	59.0476	35	23254
5	59.3441	40	23439
5	59.6849	45	23649
5	59.75	23	23699
5	59.75	23	23699
5	59.7874	25	23723
5	59.8	25	23731
5	59.85	25	23745
5	59.9	26	23760
5	59.95	27	23777
5	60	14	23804
5	60.0003	15	23804
5	60.05	16	23824
5	60.15	8	23844
5	60.1691	10	23853
5	60.2	10	23855
5	60.25	10	23861
5	60.3	5	23873
5	60.35	3	23881
5	60.3804	5	23885
5	60.45	2	23890
5	60.5	2	23894
5	60.5492	5	23901
5	60.55	2	23902
5	60.631	5	23909
5	60.65	2	23914
5	60.7	2	23921
5	60.7563	5	23928
5	60.8879	10	23963
5	61.0584	15	24023
5	61.2323	20	24108
5	61.414	25	24218
5	61.6464	30	24353
5	61.9027	35	24513
5	62.2042	40	24698
5	62.55	22	24907
5	62.55	22	24907
5	62.6	24	24937
5	62.65	24	24950
5	62.6774	25	24954
5	62.7	25	24964
5	62.75	26	24980
5	62.8	26	24999
5	62.85	13	25026
5	62.887	15	25040
5	62.95	15	25055
5	63	16	25065
5	63.05	8	25077
5	63.0601	10	25086
5	63.1	10	25090
5	63.15	5	25103
5	63.25	4	25118
5	63.2679	5	25118
5	63.3	3	25125
5	63.3148	5	25129
5	63.35	2	25131
5	63.3975	5	25138
5	63.45	3	25150
5	63.4835	5	25154
5	63.5	2	25159
5	63.5296	5	25166
5	63.6941	10	25201
5	63.8623	15	25261
5	64.0362	20	25346
5	64.2162	25	25456
5	64.4443	30	25591
5	64.6964	35	25751
5	64.9928	40	25936
5	65.3337	45	26146
5	65.35	22	26166
5	65.4	24	26197
5	65.45	24	26209
5	65.4787	25	26213
5	65.5	25	26222
5	65.55	25	26237
5	65.6	26	26253
5	65.65	27	26279
5	65.7	14	26306
5	65.7006	15	26306
5	65.75	16	26327
5	65.85	8	26350
5	65.8668	10	26359
5	65.9	10	26362
5	65.95	5	26371
5	66	3	26379
5	66.0347	5	26383
5	66.1	2	26388
5	66.15	2	26392
5	66.2	2	26396
5	66.2444	5	26403
5	66.25	2	26407
5	66.327	5	26414
5	66.35	3	26421
5	66.3722	5	26425
5	66.5035	10	26460
5	66.6731	15	26520
5	66.848	20	26605
5	67.0528	25	26715
5	67.2664	30	26850
5	67.5517	35	27010
5	67.8585	40	27195
5	68.1	21	27333
5	68.15	23	27362
5	68.2	23	27373
5	68.25	24	27385
5	68.3	24	27399
5	68.3117	25	27402
5	68.35	25	27414
5	68.4	13	27439
5	68.4387	15	27453
5	68.45	15	27457
5	68.5	15	27466
5	68.6	8	27487
5	68.6108	10	27496
5	68.65	10	27499
5	68.7	5	27510
5	68.75	3	27518
5	68.7804	5	27522
5	68.85	2	27527
5	68.9	2	27531
5	68.9492	5	27538
5	68.95	2	27539
5	69.031	5	27546
5	69.05	2	27551
5	69.1	2	27558
5	69.1563	5	27565
5	69.2867	10	27600
5	69.4549	15	27660
5	69.6297	20	27745
5	69.8114	25	27855
5	70.0437	30	27990
5	70.3001	35	28150
5	70.6016	40	28335
5	70.9485	45	28545
5	70.95	22	28546
5	70.95	22	28546
5	71	24	28576
5	71.05	24	28588
5	71.0782	25	28593
5	71.1	25	28601
5	71.15	25	28616
5	71.2	26	28633
5	71.25	27	28659
5	71.35	14	28707
5	71.3526	15	28707
5	71.4	16	28729
5	71.45	17	28740
5	71.5	17	28753
5	71.55	9	28775
5	71.5504	10	28775
5	71.65	6	28800
5	71.7	4	28810
5	71.7149	5	28810
5	71.75	3	28817
5	71.7618	5	28821
5	71.85	3	28836
5	71.8879	5	28840
5	71.9	2	28844
5	71.95	2	28851
5	72.0123	5	28858
5	72.1427	10	28893
5	72.3106	15	28953
5	72.4828	20	29038
5	72.661	25	29148
5	72.8917	30	29283
5	73.148	35	29443
5	73.4496	40	29628
5	73.75	22	29809
5	73.8	24	29839
5	73.85	24	29851
5	73.8766	25	29856
5	73.9	25	29864
5	73.95	25	29879
5	74	26	29898
5	74.05	13	29924
5	74.088	15	29938
5	74.1	15	29943
5	74.15	15	29952
5	74.25	8	29973
5	74.261	10	29982
5	74.3	10	29985
5	74.35	5	29996
5	74.4	3	30004
5	74.4306	5	30008
5	74.45	2	30009
5	74.5158	5	30016
5	74.55	2	30017
5	74.5994	5	30024
5	74.6	2	30025
5	74.6812	5	30032
5	74.7	3	30038
5	74.7264	5	30042
5	74.75	2	30046
5	74.7715	5	30053
5	74.936	10	30088
5	75.1031	15	30148
5	75.2744	20	30233
5	76.355	10	30253
5	76.4003	15	30258
5	76.4045	20	30263
5	76.4499	25	30268
5	76.9117	30	30379
5	77.3728	35	30539
5	77.4	17	30544
5	77.4	17	30544
5	77.4	17	30544
5	77.4	17	30544
5	77.45	18	30562
5	77.45	18	30562
5	77.45	18	30562
5	77.45	18	30562
5	77.45	18	30562
5	77.45	18	30562
5	77.45	18	30562
5	77.45	18	30562
5	77.45	18	30562
5	77.45	18	30562
5	77.45	18	30562
5	77.5	19	30577
5	77.5037	20	30581
5	77.6	11	30623
5	77.7125	15	30662
5	77.9256	20	30747
5	78.1387	25	30857
5	78.3658	30	30992
5	78.6512	35	31152
5	78.9579	40	31337
5	79.3108	45	31547
5	79.4	23	31594
5	79.4458	25	31618
5	79.45	25	31623
5	79.5	25	31633
5	79.55	26	31644
5	79.6	26	31657
5	79.7	27	31694
5	79.75	14	31712
5	79.7506	15	31712
5	79.8	16	31729
5	79.85	16	31736
5	79.9	8	31744
5	79.9753	10	31753
5	80	10	31755
5	80.05	10	31759
5	80.15	5	31773
5	80.2	6	31779
5	80.25	3	31782
5	80.3119	5	31786
5	80.35	2	31788
5	80.4	2	31792
5	80.4951	5	31799
5	80.7091	10	31834
5	80.9222	15	31894
5	81.1362	20	31979
5	81.3986	25	32089
5	81.6669	30	32224
5	82.013	35	32384
5	82.35	19	32534
5	82.3505	20	32534
5	82.4	21	32558
5	82.5	21	32574
5	82.55	22	32583
5	82.6	22	32596
5	82.65	23	32615
5	82.7	12	32630
5	82.8	14	32651
5	82.8418	15	32657
5	82.85	7	32658
5	82.9	8	32666
5	83	9	32673
5	83.0105	10	32675
5	83.05	5	32678
5	83.15	3	32689
5	83.2	4	32693
5	83.2202	5	32693
5	83.3	3	32700
5	83.3253	5	32704
5	83.5414	10	32739
5	83.7605	15	32799
5	83.9787	20	32884
5	84.2137	25	32994
5	84.5086	30	33129
5	84.8547	35	33289
5	85.2	19	33449
5	85.2007	20	33449
5	85.25	21	33473
5	85.3	21	33481
5	85.35	21	33490
5	85.45	23	33514
5	85.5	23	33532
5	85.55	12	33547
5	85.6	14	33562
5	85.6696	15	33574
5	85.7	7	33576
5	85.75	8	33584
5	85.8	9	33589
5	85.8418	10	33593
5	85.9	5	33601
5	85.95	6	33607
5	86.05	4	33616
5	86.0506	5	33616
5	86.1	3	33623
5	86.1358	5	33627
5	86.3489	10	33662
5	86.5638	15	33722
5	86.7821	20	33807
5	87.0136	25	33917
5	87.3033	30	34052
5	87.6434	35	34212
5	88.0048	40	34397
5	88.05	20	34416
5	88.1	22	34440
5	88.15	22	34448
5	88.2	22	34457
5	88.25	23	34467
5	88.35	24	34500
5	88.3817	25	34506
5	88.4	12	34515
5	88.45	14	34530
5	88.5	14	34536
5	88.5418	15	34542
5	88.6	15	34553
5	88.65	8	34565
5	88.6887	10	34574
5	88.75	5	34580
5	88.8	6	34585
5	88.9	3	34592
5	88.9453	5	34596
5	88.95	2	34597
5	89.05	2	34602
5	89.1618	5	34609
5	89.3809	10	34644
5	89.5991	15	34704
5	89.8183	20	34789
5	90.0944	25	34899
5	90.3943	30	35034
5	90.7464	35	35194
5	91	19	35311
5	91.0002	20	35311
5	91.05	21	35334
5	91.1	21	35342
5	91.15	21	35351
5	91.2	22	35361
5	91.3	11	35394
5	91.35	13	35407
5	91.4	13	35412
5	91.5	7	35424
5	91.55	8	35431
5	91.6	4	35434
5	91.6006	5	35434
5	91.7	5	35439
5	91.75	3	35441
5	91.8253	5	35445
5	91.85	2	35447
5	91.9	3	35450
5	91.9523	5	35454
5	92.1654	10	35489
5	92.3784	15	35549
5	92.5915	20	35634
5	92.8187	25	35744
5	93.1084	30	35879
5	93.4485	35	36039
5	93.81	40	36224
5	93.85	20	36237
5	93.9	22	36261
5	93.95	22	36269
5	94.05	23	36287
5	94.1	23	36298
5	94.15	24	36316
5	94.1903	25	36327
5	94.2	12	36334
5	94.25	14	36349
5	94.35	14	36361
5	94.3617	15	36361
5	94.4	15	36368
5	94.45	8	36383
5	94.4912	10	36392
5	94.55	5	36398
5	94.6	6	36403
5	94.7	3	36410
5	94.7435	5	36414
5	94.75	2	36415
5	94.85	2	36420
5	94.9532	5	36427
5	95.1662	10	36462
5	95.3793	15	36522
5	95.5924	20	36607
5	95.8308	25	36717
5	96.1256	30	36852
5	96.4717	35	37012
5	96.8	19	37157
5	96.8008	20	37157
5	96.85	21	37180
5	96.95	22	37202
5	97	22	37212
5	97.05	11	37223
5	97.1	12	37235
5	97.15	13	37238
5	97.25	7	37250
5	97.3	8	37256
5	97.35	8	37258
5	97.45	4	37265
5	97.4531	5	37265
5	97.5	5	37269
5	97.6	3	37274
5	97.65	2	37277
5	97.75	2	37281
5	97.8349	5	37288
5	98.048	10	37323
5	98.2628	15	37383
5	98.4801	20	37468
5	98.6932	25	37578
5	98.9063	30	37713
5	99.1194	35	37873
5	99.3324	40	38058
5	99.5549	45	38268
5	99.8239	50	38503
5	100.117	55	38763
5	100.435	60	39048
5	100.5	30	39110
5	100.5	30	39110
5	100.7	33	39206
5	100.75	34	39232
5	100.758	35	39240
5	100.8	35	39260
5	100.85	36	39289
5	100.9	18	39314
5	100.929	20	39333
5	100.95	20	39340
5	101	20	39351
5	101.1	22	39383
5	101.15	11	39402
5	101.2	13	39418
5	101.25	13	39426
5	101.3	7	39435
5	101.398	10	39452
5	101.4	5	39454
5	101.45	3	39461
5	101.484	5	39465
5	101.5	2	39466
5	101.569	5	39473
5	101.782	10	39508
5	101.995	15	39568
5	102.208	20	39653
5	102.476	25	39763
5	102.741	30	39898
5	103.087	35	40058
5	103.4	19	40200
5	103.41	20	40200
5	103.5	21	40230
5	103.55	21	40239
5	103.6	22	40255
5	103.65	11	40266
5	103.7	12	40278
5	103.75	13	40281
5	103.85	13	40291
5	103.9	7	40301
5	103.95	8	40308
5	104.05	4	40315
5	104.062	5	40315
5	104.1	5	40319
5	104.2	3	40324
5	104.25	2	40327
5	105.35	2	40332
5	105.35	2	40332
5	105.415	5	40339
5	105.59	10	40374
5	105.837	15	40434
5	106.185	20	40519
5	106.633	25	40629
5	106.65	12	40631
5	106.7	13	40643
5	106.75	14	40645
5	106.8	14	40649
5	106.85	14	40654
5	106.884	15	40658
5	106.9	15	40661
5	107	8	40678
5	107.05	9	40687
5	107.061	10	40687
5	107.15	5	40698
5	107.2	6	40704
5	107.3	3	40711
5	107.355	5	40715
5	107.4	2	40719
5	107.45	3	40722
5	107.523	5	40726
5	107.55	2	40729
5	107.609	5	40736
5	107.65	2	40741
5	107.694	5	40748
5	107.868	10	40783
5	108.069	15	40843
5	108.251	20	40928
5	108.471	25	41038
5	108.724	30	41173
5	109.025	35	41333
5	109.374	40	41518
5	109.5	20	41571
5	109.55	22	41597
5	109.6	22	41606
5	109.65	23	41624
5	109.7	23	41636
5	109.75	24	41649
5	109.776	25	41661
5	109.8	12	41664
5	109.9	14	41686
5	109.918	15	41691
5	109.95	15	41697
5	110	8	41707
5	110.036	10	41716
5	110.05	5	41717
5	110.15	3	41724
5	110.2	4	41727
5	110.242	5	41728
5	110.3	2	41733
5	110.35	3	41736
5	110.4	2	41739
5	110.478	5	41746
5	110.5	2	41751
5	110.564	5	41758
5	110.744	10	41793
5	110.922	15	41853
5	111.133	20	41938
5	111.35	25	42048
5	111.616	30	42183
5	111.941	35	42343
5	112.306	40	42528
5	112.35	20	42552
5	112.4	22	42577
5	112.4	22	42577
5	112.5	23	42597
5	112.55	23	42609
5	112.6	24	42623
5	112.647	25	42642
5	112.65	12	42645
5	112.7	14	42661
5	112.75	14	42668
5	112.775	15	42672
5	112.8	15	42676
5	112.9	8	42700
5	112.94	10	42709
5	112.95	5	42711
5	113.05	3	42720
5	113.1	4	42724
5	113.109	5	42724
5	113.15	2	42727
5	113.226	5	42734
5	113.25	2	42737
5	113.319	5	42744
5	113.35	2	42747
5	113.402	5	42754
5	113.571	10	42789
5	113.746	15	42849
5	113.951	20	42934
5	114.174	25	43044
5	114.426	30	43179
5	114.727	35	43339
5	115.077	40	43524
5	115.2	20	43585
5	115.25	22	43612
5	115.3	22	43622
5	115.35	23	43640
5	115.4	24	43656
5	115.45	24	43671
5	115.472	25	43675
5	115.5	12	43687
5	115.55	14	43704
5	115.6	14	43712
5	115.605	15	43714
5	115.7	8	43738
5	115.733	10	43747
5	115.75	5	43749
5	115.8	6	43755
5	115.9	4	43764
5	115.9	5	43764
5	115.95	3	43773
5	115.988	5	43777
5	116.05	3	43783
5	116.073	5	43787
5	116.1	2	43789
5	116.155	5	43796
5	116.325	10	43831
5	116.501	15	43891
5	116.706	20	43976
5	116.928	25	44086
5	117.18	30	44221
5	117.481	35	44381
5	117.831	40	44566
5	117.95	20	44627
5	118	22	44653
5	118.05	22	44662
5	118.1	23	44672
5	118.15	23	44687
5	118.2	24	44705
5	118.239	25	44717
5	118.25	12	44720
5	118.3	14	44736
5	118.35	14	44743
5	118.366	15	44747
5	118.45	8	44765
5	118.493	10	44774
5	118.5	5	44775
5	118.55	6	44780
5	118.65	3	44787
5	118.7	4	44791
5	118.703	5	44791
5	118.8	3	44800
5	118.829	5	44804
5	118.85	2	44806
5	118.914	5	44813
5	118.95	2	44816
5	118.997	5	44823
5	119.167	10	44858
5	119.345	15	44918
5	119.548	20	45003
5	119.772	25	45113
5	120.023	30	45248
5	120.265	35	45408
5	120.491	40	45593
5	120.725	45	45803
5	120.75	22	45833
5	120.8	24	45875
5	120.821	25	45880
5	120.85	25	45898
5	120.9	26	45923
5	120.95	14	45959
5	120.95	15	45959
5	121.117	20	46044
5	121.325	25	46154
5	121.544	30	46289
5	121.796	35	46449
5	122.093	40	46634
5	122.424	45	46844
5	122.55	23	46926
5	122.594	25	46950
5	122.6	25	46957
5	122.65	25	46969
5	122.7	26	46982
5	122.75	26	46997
5	122.8	27	47013
5	122.85	14	47039
5	122.85	15	47039
5	122.95	16	47066
5	123	8	47075
5	123.034	10	47084
5	123.05	10	47085
5	123.1	10	47090
5	123.15	5	47098
5	123.25	3	47109
5	123.3	4	47113
5	123.311	5	47113
5	123.4	3	47124
5	123.438	5	47128
5	123.45	2	47129
5	123.5	2	47134
5	123.564	5	47141
5	123.74	10	47176
5	123.951	15	47236
5	124.132	20	47321
5	124.36	25	47431
5	124.616	30	47566
5	124.951	35	47726
5	125.306	40	47911
5	125.35	20	47930
5	125.4	22	47955
5	125.45	22	47964
5	125.5	23	47974
5	125.55	23	47986
5	125.6	24	47999
5	125.65	24	48016
5	125.654	25	48020
5	125.7	12	48039
5	125.8	14	48063
5	125.824	15	48066
5	125.85	15	48071
5	125.9	15	48081
5	126	8	48114
5	126.035	10	48123
5	126.05	10	48127
5	126.1	5	48135
5	126.2	4	48150
5	126.204	5	48150
5	126.25	3	48161
5	126.291	5	48165
5	126.35	3	48174
5	126.376	5	48178
5	126.549	10	48213
5	126.759	15	48273
5	126.943	20	48358
5	127.166	25	48468
5	127.418	30	48603
5	127.719	35	48763
5	128.069	40	48948
5	128.2	20	49005
5	128.25	22	49031
5	128.3	22	49041
5	128.35	23	49054
5	128.4	23	49066
5	128.45	24	49079
5	128.495	25	49095
5	128.5	12	49098
5	128.6	14	49120
5	128.624	15	49125
5	128.65	15	49127
5	128.7	15	49136
5	128.75	8	49149
5	128.791	10	49158
5	128.85	5	49166
5	128.9	6	49172
5	128.95	3	49176
5	128.984	5	49180
5	129.05	3	49187
5	129.091	5	49191
5	129.1	2	49192
5	129.177	5	49199
5	129.2	2	49202
5	129.264	5	49209
5	129.437	10	49244
5	129.618	15	49304
5	129.829	20	49389
5	130.059	25	49499
5	130.315	30	49634
5	130.65	35	49794
5	131.005	40	49979
5	131.05	20	49999
5	131.1	22	50024
5	131.15	22	50034
5	131.2	23	50045
5	131.25	23	50057
5	131.3	24	50070
5	131.349	25	50089
5	131.35	12	50090
5	131.4	14	50106
5	131.475	15	50117
5	131.5	15	50120
5	131.55	15	50129
5	131.6	8	50143
5	131.641	10	50152
5	131.65	5	50154
5	131.75	3	50163
5	131.8	4	50167
5	131.809	5	50167
5	131.9	3	50178
5	131.937	5	50182
5	131.95	2	50183
5	132.021	5	50190
5	132.05	2	50193
5	132.104	5	50200
5	132.274	10	50235
5	132.45	15	50295
5	132.657	20	50380
5	133.75	2	50415
5	133.75	2	50415
5	133.75	2	50415
5	133.75	2	50415
5	133.75	2	50415
5	133.75	2	50415
5	133.75	2	50415
5	133.75	2	50415
5	133.75	2	50415
5	133.75	2	50415
5	133.75	2	50415
5	133.75	2	50415
5	133.75	2	50415
5	133.813	5	50422
5	134.082	10	50457
5	134.578	15	50517
5	134.75	8	50537
5	134.75	8	50537
5	134.75	8	50537
5	134.75	8	50537
5	134.85	9	50546
5	134.856	10	50546
5	134.9	5	50552
5	134.95	6	50557
5	135.05	3	50564
5	135.1	4	50568
5	135.108	5	50568
5	135.2	3	50577
5	135.236	5	50581
5	135.3	3	50588
5	135.323	5	50592
5	135.4	3	50600
5	135.409	5	50604
5	135.5	3	50622
5	135.535	5	50626
5	135.6	3	50639
5	135.62	5	50643
5	135.75	4	50678
5	135.751	5	50678
5	135.876	10	50713
5	136.041	15	50773
5	136.213	20	50858
5	136.402	25	50968
5	136.641	30	51103
5	136.902	35	51263
5	137.209	40	51448
5	137.45	21	51585
5	137.45	21	51585
5	137.5	23	51615
5	137.55	23	51628
5	137.6	24	51642
5	137.62	25	51654
5	137.65	25	51658
5	137.7	13	51684
5	137.739	15	51698
5	137.75	15	51703
5	137.8	15	51713
5	137.85	8	51724
5	137.869	10	51733
5	137.95	5	51743
5	138	3	51752
5	138.037	5	51756
5	138.05	2	51757
5	138.1	2	51761
5	138.164	5	51768
5	138.2	2	51770
5	138.247	5	51777
5	138.25	2	51781
5	138.3	2	51788
5	138.372	5	51795
5	138.4	3	51803
5	138.418	5	51807
5	138.549	10	51842
5	138.718	15	51902
5	138.889	20	51987
5	139.076	25	52097
5	139.29	30	52232
5	139.576	35	52392
5	139.883	40	52577
5	140.1	21	52716
5	140.15	23	52748
5	140.2	24	52762
5	140.2	24	52762
5	140.25	24	52779
5	140.262	25	52785
5	140.3	25	52799
5	140.35	13	52828
5	140.387	15	52842
5	140.45	8	52860
5	140.475	10	52869
5	140.5	5	52872
5	140.55	3	52879
5	140.562	5	52883
5	140.6	2	52884
5	140.648	5	52891
5	140.65	2	52892
5	140.7	2	52897
5	140.773	5	52904
5	140.8	2	52908
5	140.85	2	52915
5	140.897	5	52922
5	140.9	2	52926
5	140.942	5	52933
5	141.07	10	52968
5	141.233	15	53028
5	141.401	20	53113
5	141.58	25	53223
5	141.789	30	53358
5	142.07	35	53518
5	142.372	40	53703
5	142.65	22	53875
5	142.65	22	53875
5	142.7	24	53905
5	142.75	24	53918
5	142.766	25	53922
5	142.8	25	53932
5	142.85	26	53953
5	142.9	13	53979
5	142.939	15	53993
5	142.95	15	53998
5	143	15	54007
5	143.1	8	54028
5	143.112	10	54037
5	143.15	10	54040
5	143.2	5	54051
5	143.25	3	54059
5	143.282	5	54063
5	143.3	2	54064
5	143.367	5	54071
5	143.4	2	54072
5	143.45	2	54079
5	143.494	5	54086
5	143.5	2	54087
5	143.575	5	54094
5	143.6	3	54101
5	143.62	5	54105
5	143.65	2	54110
5	143.665	5	54117
5	143.795	10	54152
5	143.961	15	54212
5	144.13	20	54297
5	144.308	25	54407
5	144.538	30	54542
5	144.79	35	54702
5	145.087	40	54887
5	145.4	22	55092
5	145.45	24	55123
5	145.5	24	55136
5	145.527	25	55139
5	145.55	25	55150
5	145.6	26	55166
5	145.65	26	55185
5	145.7	13	55212
5	145.737	15	55226
5	145.75	15	55232
5	145.8	16	55242
5	145.85	16	55254
5	145.9	8	55267
5	145.91	10	55276
5	146	5	55293
5	146.05	3	55302
5	146.078	5	55306
5	146.1	2	55308
5	146.15	2	55313
5	146.205	5	55320
5	146.25	3	55331
5	146.29	5	55335
5	146.3	2	55339
5	146.335	5	55346
5	146.35	2	55347
5	146.378	5	55354
5	146.507	10	55389
5	146.674	15	55449
5	146.845	20	55534
5	147.026	25	55644
5	147.256	30	55779
5	147.508	35	55939
5	147.805	40	56124
5	148.146	45	56334
5	148.15	22	56339
5	148.2	24	56371
5	148.25	24	56384
5	148.254	25	56386
5	148.3	25	56405
5	148.35	26	56421
5	148.4	27	56439
5	148.45	14	56465
5	148.452	15	56465
5	148.5	16	56486
5	148.55	8	56497
5	148.576	10	56506
5	148.6	10	56509
5	148.65	10	56516
5	148.7	5	56525
5	148.75	3	56534
5	148.775	5	56538
5	148.85	3	56545
5	148.861	5	56549
5	148.9	2	56552
5	148.944	5	56559
5	148.95	2	56563
5	149.027	5	56570
5	149.05	3	56577
5	149.072	5	56581
5	149.1	2	56586
5	149.117	5	56593
5	149.247	10	56628
5	149.413	15	56688
5	149.582	20	56773
5	149.761	25	56883
5	149.996	30	57018
5	150.252	35	57178
5	150.554	40	57363
5	150.85	22	57542
5	150.9	24	57572
5	150.9	24	57572
5	150.95	24	57585
5	150.979	25	57589
5	151	25	57599
5	151.05	26	57615
5	151.1	26	57633
5	151.15	13	57660
5	151.187	15	57674
5	151.2	15	57680
5	151.3	16	57701
5	151.35	8	57713
5	151.36	10	57722
5	151.4	10	57726
5	151.45	5	57738
5	151.5	3	57747
5	151.529	5	57751
5	151.6	3	57758
5	151.614	5	57762
5	151.65	2	57764
5	151.697	5	57771
5	151.7	2	57775
5	151.779	5	57782
5	151.8	3	57789
5	151.825	5	57793
5	151.85	2	57798
5	151.87	5	57805
5	151.999	10	57840
5	152.166	15	57900
5	152.334	20	57985
5	152.514	25	58095
5	152.748	30	58230
5	153.005	35	58390
5	153.307	40	58575
5	153.6	22	58751
5	153.65	24	58782
5	153.7	24	58795
5	153.7	24	58795
5	153.721	25	58798
5	153.75	25	58810
5	153.8	26	58827
5	153.85	13	58854
5	153.888	15	58868
5	153.9	15	58874
5	154	16	58895
5	154.05	8	58907
5	154.061	10	58916
5	154.1	10	58920
5	154.15	5	58932
5	154.2	3	58941
5	154.23	5	58945
5	154.25	2	58947
5	154.314	5	58954
5	154.35	2	58957
5	154.398	5	58964
5	154.4	2	58967
5	154.443	5	58974
5	154.45	2	58975
5	154.486	5	58982
5	154.55	3	58992
5	154.568	5	58996
5	154.696	10	59031
5	154.86	15	59091
5	155.027	20	59176
5	155.207	25	59286
5	155.418	30	59421
5	155.699	35	59581
5	156.001	40	59766
5	156.3	22	59949
5	156.3	22	59949
5	156.35	24	59979
5	156.4	24	59992
5	156.422	25	59996
5	156.45	25	60006
5	156.5	26	60022
5	156.55	26	60043
5	156.6	13	60070
5	156.638	15	60084
5	156.65	15	60090
5	156.7	16	60100
5	156.8	8	60124
5	156.811	10	60133
5	156.85	10	60137
5	156.9	5	60149
5	156.95	3	60158
5	156.979	5	60162
5	157.05	3	60169
5	157.064	5	60173
5	157.1	2	60175
5	157.147	5	60182
5	157.15	2	60186
5	157.229	5	60193
5	157.25	3	60200
5	157.275	5	60204
5	157.3	2	60209
5	157.32	5	60216
5	157.451	10	60251
5	157.621	15	60311
5	157.794	20	60396
5	159	2	60498
5	159	2	60498
5	159	2	60498
5	159	2	60498
5	159	2	60498
5	159	2	60498
5	159	2	60498
5	159	2	60498
5	159	2	60498
5	159	2	60498
5	159	2	60498
5	159.037	5	60505
5	159.19	10	60540
5	159.488	15	60600
5	159.927	20	60685
5	160.05	10	60714
5	160.1	11	60725
5	160.1	11	60725
5	160.15	12	60729
5	160.2	12	60735
5	160.25	6	60746
5	160.3	4	60754
5	160.328	5	60754
5	160.35	2	60758
5	160.45	3	60761
5	160.5	2	60765
5	160.6	2	60771
5	160.65	2	60775
5	160.706	5	60782
5	160.75	3	60791
5	160.788	5	60795
5	160.85	3	60808
5	160.873	5	60812
5	160.95	3	60828
5	160.958	5	60832
5	161.086	10	60867
5	161.25	15	60927
5	161.418	20	61012
5	161.599	25	61122
5	161.809	30	61257
5	162.09	35	61417
5	162.391	40	61602
5	162.65	21	61765
5	162.7	23	61795
5	162.75	23	61807
5	162.8	24	61820
5	162.842	25	61834
5	162.85	25	61835
5	162.9	25	61853
5	162.95	13	61879
5	162.988	15	61893
5	163	15	61898
5	163.05	15	61908
5	163.1	8	61919
5	163.118	10	61928
5	163.15	5	61931
5	163.2	3	61938
5	163.218	5	61942
5	163.3	3	61948
5	163.335	5	61952
5	163.35	2	61955
5	163.4	2	61960
5	163.45	2	61965
5	163.503	5	61972
5	163.55	3	61981
5	163.555	5	61985
5	163.6	3	61996
5	163.637	5	62000
5	163.764	10	62035
5	163.922	15	62095
5	164.089	20	62180
5	164.284	25	62290
5	164.495	30	62425
5	164.759	35	62585
5	165.078	40	62770
5	165.35	22	62942
5	165.4	24	62972
5	165.4	24	62972
5	165.45	24	62985
5	165.473	25	62989
5	165.5	25	62999
5	165.55	26	63015
5	165.6	26	63040
5	165.65	13	63065
5	165.686	15	63079
5	165.7	15	63085
5	165.8	16	63106
5	165.85	8	63118
5	165.859	10	63127
5	165.9	10	63133
5	165.95	5	63143
5	166	3	63152
5	166.027	5	63156
5	166.1	3	63163
5	166.113	5	63167
5	166.15	2	63169
5	166.195	5	63176
5	166.2	2	63181
5	166.279	5	63188
5	166.3	3	63195
5	166.324	5	63199
5	166.35	2	63204
5	166.369	5	63211
5	166.499	10	63246
5	166.667	15	63306
5	166.84	20	63391
5	167.03	25	63501
5	167.274	30	63636
5	167.565	35	63796
5	167.877	40	63981
5	168	20	64041
5	168.05	22	64069
5	168.1	22	64080
5	168.15	23	64097
5	168.2	24	64117
5	168.241	25	64131
5	168.25	12	64133
5	168.3	14	64150
5	168.35	14	64158
5	168.366	15	64160
5	168.4	15	64167
5	168.45	8	64182
5	168.49	10	64191
5	168.55	5	64201
5	168.6	3	64208
5	168.619	5	64212
5	168.65	2	64213
5	168.7	2	64217
5	168.746	5	64224
5	168.8	3	64232
5	168.83	5	64236
5	168.85	2	64239
5	168.9	2	64246
5	168.954	5	64253
5	169	3	64267
5	169.037	5	64271
5	169.164	10	64306
5	169.301	15	64366
5	169.471	20	64451
5	169.681	25	64561
5	169.896	30	64696
5	170.182	35	64856
5	170.489	40	65041
5	170.7	21	65170
5	170.75	23	65199
5	170.75	23	65199
5	170.8	23	65211
5	170.85	24	65224
5	170.9	24	65239
5	170.907	25	65239
5	170.95	25	65257
5	171	13	65282
5	171.038	15	65296
5	171.05	15	65301
5	171.15	8	65321
5	171.169	10	65330
5	171.2	5	65332
5	171.25	6	65338
5	171.3	3	65345
5	171.338	5	65349
5	171.35	2	65350
5	171.423	5	65357
5	171.45	2	65358
5	171.5	2	65363
5	171.548	5	65370
5	171.55	2	65373
5	171.63	5	65380
5	171.65	3	65387
5	171.675	5	65391
5	171.7	2	65396
5	171.72	5	65403
5	171.853	10	65438
5	172.025	15	65498
5	172.198	20	65583
5	172.384	25	65693
5	172.624	30	65828
5	172.884	35	65988
5	173.216	40	66173
5	173.4	21	66282
5	173.45	23	66311
5	173.5	23	66323
5	173.55	24	66336
5	173.594	25	66351
5	173.6	25	66358
5	173.65	13	66380
5	173.688	15	66394
5	173.7	15	66398
5	173.75	15	66407
5	173.8	8	66417
5	173.828	10	66426
5	173.85	5	66428
5	173.9	6	66434
5	174	4	66446
5	174.003	5	66446
5	174.05	3	66452
5	174.082	5	66456
5	174.1	2	66457
5	174.15	2	66462
5	174.207	5	66469
5	174.25	3	66477
5	174.29	5	66481
5	174.3	3	66487
5	174.334	5	66491
5	174.4	3	66505
5	174.419	5	66509
5	174.547	10	66544
5	174.71	15	66604
5	174.877	20	66689
5	175.059	25	66799
5	175.274	30	66934
5	175.56	35	67094
5	175.867	40	67279
5	176.1	21	67407
5	176.15	23	67436
5	176.15	23	67436
5	176.2	23	67448
5	176.25	24	67467
5	176.286	25	67476
5	176.3	25	67482
5	176.35	25	67499
5	176.4	13	67517
5	176.415	15	67531
5	176.5	8	67550
5	176.542	10	67559
5	176.55	5	67560
5	176.6	6	67565
5	176.65	3	67568
5	176.7	4	67572
5	176.711	5	67572
5	176.8	3	67581
5	176.837	5	67585
5	176.85	2	67586
5	176.9	2	67591
5	176.962	5	67598
5	177	2	67603
5	177.046	5	67610
5	177.05	3	67616
5	177.09	5	67620
5	177.1	2	67625
5	177.135	5	67632
5	177.265	10	67667
5	177.431	15	67727
5	177.604	20	67812
5	177.793	25	67922
5	178.032	30	68057
5	178.293	35	68217
5	178.625	40	68402
5	178.8	21	68511
5	178.85	23	68540
5	178.9	23	68552
5	178.95	24	68565
5	179	24	68580
5	179.001	25	68580
5	179.05	25	68604
5	179.1	13	68628
5	179.136	15	68642
5	179.15	15	68647
5	179.2	15	68657
5	179.25	8	68668
5	179.266	10	68677
5	179.3	5	68680
5	179.4	4	68694
5	179.401	5	68694
5	179.45	3	68700
5	179.477	5	68704
5	179.5	2	68705
5	179.55	2	68710
5	179.603	5	68717
5	179.65	3	68728
5	179.688	5	68732
5	179.7	2	68736
5	179.733	5	68743
5	179.8	3	68753
5	179.815	5	68757
5	179.943	10	68792
5	180.106	15	68852
5	180.273	20	68937
5	180.458	25	69047
5	180.673	30	69182
5	180.958	35	69342
5	181.265	40	69527
5	181.5	21	69657
5	181.55	23	69686
5	181.6	23	69697
5	181.6	23	69697
5	181.65	24	69711
5	181.7	24	69726
5	181.712	25	69726
5	181.75	25	69742
5	181.8	13	69766
5	181.838	15	69780
5	181.9	15	69794
5	181.95	8	69804
5	181.97	10	69813
5	182	5	69815
5	182.05	6	69821
5	182.1	3	69828
5	182.138	5	69832
5	182.15	2	69833
5	182.224	5	69840
5	182.25	2	69841
5	182.3	2	69846
5	182.349	5	69853
5	182.35	2	69855
5	182.393	5	69862
5	182.45	3	69871
5	182.476	5	69875
5	182.5	2	69880
5	182.522	5	69887
5	182.655	10	69922
5	182.826	15	69982
5	182.999	20	70067
5	183.188	25	70177
5	183.432	30	70312
5	183.723	35	70472
5	184.95	2	70581
5	184.95	2	70581
5	184.95	2	70581
5	184.982	5	70588
5	185.149	10	70623
5	185.318	15	70683
5	185.517	20	70768
5	185.712	25	70878
5	185.961	30	71013
5	186.257	35	71173
5	186.575	40	71358
5	186.75	21	71490
5	186.8	23	71523
5	186.85	24	71538
5	186.9	24	71555
5	186.911	25	71559
5	186.95	25	71575
5	187	13	71603
5	187.036	15	71617
5	187.05	15	71624
5	187.1	8	71636
5	187.125	10	71645
5	187.15	5	71649
5	187.25	4	71664
5	187.251	5	71664
5	187.3	3	71673
5	187.336	5	71677
5	187.35	2	71681
5	187.4	2	71687
5	187.462	5	71694
5	187.596	10	71729
5	187.796	15	71789
5	187.97	20	71874
5	188.159	25	71984
5	188.407	30	72119
5	188.703	35	72279
5	189.046	40	72464
5	189.2	21	72551
5	189.25	23	72578
5	189.3	23	72588
5	189.35	24	72599
5	189.4	24	72612
5	189.417	25	72620
5	189.45	25	72626
5	189.5	13	72650
5	189.54	15	72664
5	189.55	15	72667
5	189.6	15	72675
5	189.65	8	72684
5	189.684	10	72693
5	189.75	5	72699
5	189.8	6	72704
5	189.85	3	72707
5	189.895	5	72711
5	189.95	2	72715
5	190	3	72718
5	190.05	2	72721
5	190.125	5	72728
5	190.15	2	72733
5	190.2	2	72739
5	190.252	5	72746
5	190.402	10	72781
5	190.593	15	72841
5	190.775	20	72926
5	190.972	25	73036
5	191.252	30	73171
5	191.552	35	73331
5	191.902	40	73516
5	192	20	73567
5	192	20	73567
5	192.05	22	73593
5	192.1	22	73603
5	192.15	23	73614
5	192.2	23	73627
5	192.292	25	73657
5	192.3	12	73667
5	192.35	14	73683
5	192.4	14	73690
5	192.427	15	73694
5	192.45	15	73698
5	192.5	15	73708
5	192.6	8	73740
5	192.636	10	73749
5	192.65	10	73753
5	192.7	5	73761
5	192.8	4	73776
5	192.805	5	73776
5	192.85	3	73785
5	192.89	5	73789
5	192.95	3	73800
5	192.977	5	73804
5	193	2	73807
5	193.059	5	73814
5	193.193	10	73849
5	193.4	15	73909
5	193.577	20	73994
5	193.775	25	74104
5	194.055	30	74239
5	194.356	35	74399
5	194.705	40	74584
5	194.8	20	74631
5	194.8	20	74631
5	194.85	22	74657
5	194.9	22	74669
5	194.95	23	74681
5	195.05	24	74707
5	195.092	25	74721
5	195.1	12	74730
5	195.15	14	74746
5	195.2	14	74753
5	195.226	15	74757
5	195.25	15	74761
5	195.3	15	74771
5	195.4	8	74803
5	195.437	10	74812
5	195.45	10	74816
5	195.5	5	74824
5	195.6	4	74839
5	195.606	5	74839
5	195.65	3	74847
5	195.659	5	74851
5	195.75	3	74865
5	195.784	5	74869
5	195.8	2	74873
5	195.863	5	74880
5	195.999	10	74915
5	196.206	15	74975
5	196.383	20	75060
5	196.582	25	75170
5	196.861	30	75305
5	197.162	35	75465
5	197.512	40	75650
5	197.6	20	75692
5	197.6	20	75692
5	197.65	22	75719
5	197.7	22	75731
5	197.75	23	75751
5	197.85	24	75782
5	197.86	25	75782
5	197.9	12	75798
5	197.95	14	75815
5	198	14	75823
5	198.003	15	75825
5	198.05	15	75839
5	198.1	8	75850
5	198.131	10	75859
5	198.2	5	75869
5	198.25	3	75876
5	198.261	5	75880
5	198.35	3	75889
5	198.387	5	75893
5	198.4	2	75894
5	198.45	2	75899
5	198.512	5	75906
5	198.55	2	75910
5	198.595	5	75917
5	198.728	10	75952
5	198.929	15	76012
5	199.103	20	76097
5	199.293	25	76207
5	199.541	30	76342
5	199.837	35	76502
