6	1.04946	10	4
6	1.09207	15	9
6	1.09977	20	14
6	1.13554	25	19
6	1.38698	30	130
6	1.68334	35	290
6	2.02694	40	475
6	2.1	20	518
6	2.1	20	518
6	2.1	20	518
6	2.1	20	518
6	2.1	20	518
6	2.1	20	518
6	2.15	22	545
6	2.15	22	545
6	2.31967	25	608
6	2.6112	30	743
6	2.75	16	827
6	2.85	19	866
6	2.9	19	881
6	2.91163	20	881
6	3	10	919
6	3.05	12	938
6	3.1	6	950
6	3.20997	10	974
6	3.42728	15	1034
6	3.64464	20	1119
6	3.862	25	1229
6	4.10047	30	1364
6	4.39108	35	1524
6	4.7287	40	1709
6	5.08771	45	1919
6	5.1	22	1928
6	5.15	24	1957
6	5.2	24	1967
6	5.22329	25	1975
6	5.25	25	1978
6	5.3	25	1993
6	5.35	26	2013
6	5.4	27	2032
6	5.45	27	2051
6	5.55	14	2093
6	5.55061	15	2093
6	5.6	16	2114
6	5.65	17	2126
6	5.75	9	2156
6	5.7521	10	2156
6	5.8	5	2169
6	5.9	3	2180
6	5.95	4	2184
6	5.95547	5	2184
6	6.05	3	2195
6	6.08335	5	2199
6	6.29648	10	2234
6	6.50962	15	2294
6	6.72276	20	2379
6	6.93589	25	2489
6	7.16316	30	2624
6	7.44865	35	2784
6	7.75553	40	2969
6	8.13333	45	3179
6	8.2	23	3228
6	8.24533	25	3252
6	8.25	25	3257
6	8.3	25	3267
6	8.35	26	3278
6	8.4	26	3291
6	8.45	27	3305
6	8.55	14	3348
6	8.55063	15	3348
6	8.6	16	3365
6	8.65	16	3372
6	8.7	8	3380
6	8.77531	10	3389
6	8.8	10	3391
6	8.85	10	3395
6	8.9	5	3400
6	9	3	3408
6	9.05	4	3411
6	9.09177	5	3412
6	9.15	2	3417
6	9.2	3	3420
6	9.26057	5	3424
6	9.4737	10	3459
6	9.68684	15	3519
6	9.89998	20	3604
6	10.1131	25	3714
6	10.337	30	3849
6	10.6173	35	4009
6	10.9191	40	4194
6	11.2662	45	4404
6	11.4	23	4480
6	11.4235	25	4504
6	11.5	25	4520
6	11.55	26	4536
6	11.6	26	4555
6	11.65	27	4569
6	11.7	14	4585
6	11.7097	15	4585
6	11.75	16	4602
6	11.8	16	4609
6	11.9	8	4631
6	11.95	9	4640
6	11.9776	10	4640
6	12	10	4643
6	12.1	5	4653
6	12.15	6	4659
6	12.25	4	4668
6	12.2506	5	4668
6	12.3	2	4673
6	12.35	3	4676
6	12.4112	5	4680
6	12.6243	10	4715
6	12.8375	15	4775
6	13.0506	20	4860
6	13.2637	25	4970
6	13.4876	30	5105
6	13.768	35	5265
6	14.0697	40	5450
6	14.4168	45	5660
6	14.55	23	5737
6	14.5749	25	5761
6	14.6	25	5767
6	14.7	26	5792
6	14.75	27	5813
6	14.8	27	5828
6	14.85	14	5844
6	14.8537	15	5844
6	14.9	16	5861
6	14.95	16	5868
6	15.05	8	5890
6	15.1	9	5899
6	15.1299	10	5899
6	15.15	10	5902
6	15.25	5	5912
6	15.3	6	5918
6	15.35	3	5921
6	15.4006	5	5925
6	15.45	2	5929
6	15.5	3	5932
6	15.5696	5	5936
6	15.787	10	5971
6	16.0043	15	6031
6	16.2217	20	6116
6	16.439	25	6226
6	16.6672	30	6361
6	16.9526	35	6521
6	17.2595	40	6706
6	17.6373	45	6916
6	17.7	22	6961
6	17.75	24	6990
6	17.8	24	7000
6	17.8337	25	7008
6	17.85	25	7011
6	17.9	25	7024
6	18	27	7061
6	18.05	27	7082
6	18.1	14	7101
6	18.1023	15	7101
6	18.15	16	7120
6	18.25	8	7138
6	18.2753	10	7147
6	18.3	10	7148
6	18.35	10	7155
6	18.45	6	7170
6	18.5	4	7178
6	18.5171	5	7178
6	18.6	3	7186
6	18.65	2	7190
6	18.7374	5	7197
6	18.9505	10	7232
6	19.1636	15	7292
6	19.3768	20	7377
6	19.5913	25	7487
6	19.8167	30	7622
6	20.0971	35	7782
6	20.3989	40	7967
6	20.7459	45	8177
6	20.9	23	8274
6	20.9382	25	8298
6	20.95	25	8305
6	21	25	8316
6	21.05	26	8328
6	21.1	26	8342
6	21.2	28	8385
6	21.25	28	8404
6	21.3	14	8425
6	21.3029	15	8425
6	21.35	16	8445
6	21.4	16	8454
6	21.5	9	8481
6	21.5015	10	8481
6	21.55	5	8493
6	21.6	6	8499
6	21.7	3	8506
6	21.75	4	8510
6	21.7515	5	8510
6	21.85	3	8519
6	21.8779	5	8523
6	22.091	10	8558
6	22.3041	15	8618
6	22.5173	20	8703
6	22.7304	25	8813
6	22.9577	30	8948
6	23.2432	35	9108
6	23.5501	40	9293
6	23.9279	45	9503
6	24	23	9558
6	24.045	25	9582
6	24.05	25	9587
6	24.1	25	9597
6	24.15	26	9608
6	24.2	26	9621
6	24.25	27	9635
6	24.3	27	9659
6	24.4	14	9699
6	24.4037	15	9699
6	24.45	16	9718
6	24.5	16	9726
6	24.6	9	9748
6	24.6004	10	9748
6	24.65	5	9759
6	24.7	6	9764
6	24.8	3	9769
6	24.85	4	9772
6	24.8918	5	9773
6	24.95	2	9777
6	25	3	9780
6	25.0597	5	9784
6	25.2728	10	9819
6	25.486	15	9879
6	25.6991	20	9964
6	25.9123	25	10074
6	26.95	2	10083
6	26.95	2	10083
6	26.95	2	10083
6	26.95	2	10083
6	26.95	2	10083
6	26.95	2	10083
6	26.95	2	10083
6	26.95	2	10083
6	26.95	2	10083
6	26.95	2	10083
6	26.95	2	10083
6	26.95	2	10083
6	26.95	2	10083
6	26.95	2	10083
6	26.95	2	10083
6	26.95	2	10083
6	26.95	2	10083
6	26.95	2	10083
6	26.95	2	10083
6	26.95	2	10083
6	26.95	2	10083
6	26.95	2	10083
6	26.95	2	10083
6	26.9918	5	10090
6	27.0979	10	10125
6	27.2396	15	10185
6	27.4135	20	10270
6	27.5898	25	10380
6	27.7887	30	10515
6	28.0321	35	10675
6	28.3122	40	10860
6	28.6257	45	11070
6	28.75	23	11150
6	28.7785	25	11174
6	28.8	25	11183
6	28.85	25	11197
6	28.9	26	11212
6	28.95	27	11237
6	29	14	11259
6	29.0019	15	11259
6	29.05	16	11279
6	29.1	16	11289
6	29.15	8	11300
6	29.1647	10	11309
6	29.2	10	11312
6	29.3	6	11331
6	29.35	4	11340
6	29.3722	5	11340
6	29.4	3	11346
6	29.4191	5	11350
6	29.45	2	11351
6	29.5	2	11356
6	29.5444	5	11363
6	29.6	3	11374
6	29.6297	5	11378
6	29.65	2	11382
6	29.6748	5	11389
6	29.7	2	11390
6	29.7175	5	11397
6	29.847	10	11432
6	30.0132	15	11492
6	30.1839	20	11577
6	30.3656	25	11687
6	30.5996	30	11822
6	30.8558	35	11982
6	31.1573	40	12167
6	31.45	22	12342
6	31.5	24	12373
6	31.55	24	12386
6	31.5704	25	12389
6	31.6	25	12400
6	31.6	25	12400
6	31.65	26	12417
6	31.7	13	12444
6	31.7391	15	12458
6	31.8	15	12473
6	31.85	16	12483
6	31.9	8	12495
6	31.9122	10	12504
6	31.95	10	12508
6	32	5	12521
6	32.05	3	12530
6	32.0809	5	12534
6	32.15	3	12541
6	32.1662	5	12545
6	32.2	2	12547
6	32.2488	5	12554
6	32.25	2	12556
6	32.2932	5	12563
6	32.3	2	12565
6	32.3375	5	12572
6	32.4	3	12582
6	32.4193	5	12586
6	32.5488	10	12621
6	32.7167	15	12681
6	32.888	20	12766
6	33.0767	25	12876
6	33.291	30	13011
6	33.5763	35	13171
6	33.8828	40	13356
6	34.1	21	13478
6	34.15	23	13507
6	34.2	23	13519
6	34.2	23	13519
6	34.25	24	13533
6	34.2852	25	13547
6	34.3	25	13556
6	34.35	13	13579
6	34.3862	15	13593
6	34.45	15	13607
6	34.5	8	13617
6	34.5158	10	13626
6	34.55	5	13628
6	34.6	3	13635
6	34.65	4	13639
6	34.6828	5	13639
6	34.7	2	13642
6	34.777	5	13649
6	34.8	2	13650
6	34.85	2	13655
6	34.9	2	13661
6	34.9441	5	13668
6	35	3	13681
6	35.0284	5	13685
6	35.05	3	13691
6	35.0719	5	13695
6	35.1998	10	13730
6	35.3634	15	13790
6	35.5305	20	13875
6	35.7114	25	13985
6	35.9224	30	14120
6	36.2025	35	14280
6	36.504	40	14465
6	36.8	22	14644
6	36.8	22	14644
6	36.85	24	14674
6	36.9	24	14687
6	36.9213	25	14691
6	36.95	25	14705
6	37	26	14721
6	37.05	26	14739
6	37.1	13	14767
6	37.1378	15	14781
6	37.15	15	14787
6	37.25	16	14808
6	37.3	8	14820
6	37.3117	10	14829
6	37.35	10	14833
6	37.4	5	14845
6	37.45	3	14854
6	37.4796	5	14858
6	37.55	3	14865
6	37.5649	5	14869
6	37.6	2	14871
6	37.6475	5	14878
6	37.65	2	14881
6	37.6927	5	14888
6	37.75	3	14897
6	37.7754	5	14901
6	37.8	2	14906
6	37.8206	5	14913
6	37.9526	10	14948
6	38.1231	15	15008
6	38.2961	20	15093
6	38.49	25	15203
6	38.7376	30	15338
6	39.0331	35	15498
6	39.3764	40	15683
6	39.45	20	15723
6	39.45	20	15723
6	39.5	22	15750
6	39.55	22	15762
6	39.6	23	15775
6	39.65	24	15796
6	39.6937	25	15813
6	39.7	12	15819
6	39.75	14	15837
6	39.8	14	15846
6	39.819	15	15846
6	39.9	8	15867
6	39.9102	10	15876
6	39.95	5	15880
6	40	3	15888
6	40.0363	5	15892
6	40.05	2	15893
6	40.1	2	15897
6	40.1633	5	15904
6	40.2	2	15906
6	40.246	5	15913
6	40.25	2	15918
6	40.3296	5	15925
6	40.35	3	15932
6	40.3747	5	15936
6	40.4	2	15941
6	40.4199	5	15948
6	40.5495	10	15983
6	40.7157	15	16043
6	40.8845	20	16128
6	41.0654	25	16238
6	41.3003	30	16373
6	41.5565	35	16533
6	41.858	40	16718
6	42.15	22	16892
6	42.2	24	16923
6	42.25	24	16936
6	42.2702	25	16939
6	42.3	25	16950
6	42.35	26	16966
6	42.35	26	16966
6	42.45	14	17018
6	42.4514	15	17018
6	42.5	16	17039
6	42.55	8	17050
6	42.577	10	17059
6	42.6	10	17062
6	42.65	10	17069
6	42.7	5	17077
6	42.75	3	17087
6	42.7753	5	17091
6	42.85	3	17099
6	42.8711	5	17103
6	42.9	2	17105
6	42.9441	5	17112
6	42.95	2	17113
6	42.9973	5	17120
6	43	2	17122
6	43.0407	5	17129
6	43.1	3	17140
6	43.1137	5	17144
6	43.2478	10	17179
6	43.4052	15	17239
6	43.5744	20	17324
6	43.763	25	17434
6	44.0021	30	17569
6	44.2626	35	17729
6	44.5692	40	17914
6	44.8	21	18040
6	44.85	23	18070
6	44.9	23	18082
6	44.95	24	18095
6	44.9926	25	18109
6	45	25	18110
6	45.05	25	18133
6	45.1	13	18158
6	45.1376	15	18172
6	45.15	15	18177
6	45.2	15	18187
6	45.25	8	18198
6	45.268	10	18207
6	45.3	5	18210
6	45.35	3	18217
6	45.3679	5	18221
6	45.4	2	18222
6	45.4532	5	18229
6	45.5	3	18235
6	45.5375	5	18239
6	45.55	2	18241
6	45.6	2	18247
6	45.662	5	18254
6	45.7	3	18260
6	45.7063	5	18264
6	45.75	3	18275
6	45.7881	5	18279
6	45.9151	10	18314
6	46.0515	15	18374
6	46.222	20	18459
6	46.4337	25	18569
6	46.6515	30	18704
6	46.9418	35	18864
6	47.2792	40	19049
6	47.4	20	19128
6	47.45	22	19156
6	47.5	22	19167
6	47.55	23	19179
6	47.6	23	19193
6	47.65	24	19210
6	47.6571	25	19218
6	47.7	12	19235
6	47.75	14	19253
6	47.8	14	19262
6	47.8207	15	19262
6	47.85	15	19272
6	47.9	8	19284
6	47.9119	10	19293
6	47.95	5	19297
6	48	3	19307
6	48.0372	5	19311
6	48.1	3	19319
6	48.1233	5	19323
6	48.15	2	19325
6	48.2	2	19331
6	48.2478	5	19338
6	48.3	3	19351
6	48.3321	5	19355
6	48.35	3	19361
6	48.3762	5	19365
6	48.5074	10	19400
6	48.6745	15	19460
6	48.8458	20	19545
6	49.0285	25	19655
6	49.2394	30	19790
6	49.5195	35	19950
6	49.821	40	20135
6	50.9	2	20166
6	50.9	2	20166
6	50.9	2	20166
6	50.9	2	20166
6	50.9	2	20166
6	50.9	2	20166
6	50.9	2	20166
6	50.9	2	20166
6	50.9332	5	20173
6	51.0602	10	20208
6	51.2141	15	20268
6	51.3833	20	20353
6	51.5606	25	20463
6	51.7362	30	20598
6	51.9186	35	20758
6	52.1095	40	20943
6	52.2997	45	21153
6	52.5055	50	21388
6	52.7746	55	21648
6	53.0744	60	21933
6	53.3982	65	22243
6	53.5	33	22341
6	53.5391	35	22375
6	53.55	35	22388
6	53.55	35	22388
6	53.55	35	22388
6	53.55	35	22388
6	53.55	35	22388
6	53.55	35	22388
6	53.55	35	22388
6	53.6	36	22412
6	53.65	36	22438
6	53.7	37	22465
6	53.75	38	22499
6	53.8	39	22539
6	53.833	40	22560
6	53.85	20	22579
6	53.9	22	22613
6	53.95	23	22631
6	54.0205	25	22669
6	54.05	12	22677
6	54.1	14	22699
6	54.1105	15	22704
6	54.15	15	22717
6	54.2	8	22734
6	54.2285	10	22743
6	54.3	5	22761
6	54.35	3	22773
6	54.3581	5	22777
6	54.4	3	22785
6	54.4041	5	22789
6	54.5	4	22809
6	54.5234	5	22809
6	54.6181	10	22844
6	54.7843	15	22904
6	54.953	20	22989
6	55.1374	25	23099
6	55.3765	30	23234
6	55.637	35	23394
6	55.9684	40	23579
6	56.15	21	23688
6	56.2	23	23717
6	56.25	23	23729
6	56.3	24	23742
6	56.3438	25	23757
6	56.35	25	23765
6	56.4	13	23786
6	56.4376	15	23800
6	56.45	15	23804
6	56.5	15	23813
6	56.55	8	23823
6	56.5774	10	23832
6	56.6	5	23834
6	56.65	6	23840
6	56.75	4	23852
6	56.7514	5	23852
6	56.8	3	23858
6	56.8339	5	23862
6	56.85	2	23863
6	56.9	2	23868
6	56.9609	5	23875
6	57	2	23879
6	57.0444	5	23886
6	57.05	3	23893
6	57.0896	5	23897
6	57.15	3	23911
6	57.1765	5	23915
6	57.3069	10	23950
6	57.4748	15	24010
6	57.6462	20	24095
6	57.8357	25	24205
6	58.0791	30	24340
6	58.3439	35	24500
6	58.6812	40	24685
6	58.8	20	24759
6	58.85	22	24787
6	58.9	22	24798
6	58.95	23	24810
6	59	23	24824
6	59.05	24	24844
6	59.0548	25	24849
6	59.1	12	24868
6	59.15	14	24886
6	59.2	14	24895
6	59.2193	15	24895
6	59.25	15	24905
6	59.3	8	24917
6	59.3106	10	24926
6	59.35	5	24931
6	59.45	4	24947
6	59.4514	5	24947
6	59.5	3	24954
6	59.5211	5	24958
6	59.55	2	24960
6	59.6	2	24966
6	59.6455	5	24973
6	59.7	3	24988
6	59.7316	5	24992
6	59.75	3	24998
6	59.7751	5	25002
6	59.903	10	25037
6	60.0666	15	25097
6	60.2337	20	25182
6	60.4146	25	25292
6	60.6256	30	25427
6	60.9057	35	25587
6	61.2071	40	25772
6	61.5	22	25947
6	61.5	22	25947
6	61.55	24	25977
6	61.6	24	25991
6	61.6033	25	25994
6	61.65	25	26012
6	61.7	26	26030
6	61.75	13	26048
6	61.7771	15	26062
6	61.8	15	26067
6	61.85	15	26076
6	61.95	8	26106
6	61.9894	10	26115
6	62	10	26118
6	62.05	10	26125
6	62.1	5	26133
6	62.15	3	26142
6	62.1671	5	26146
6	62.25	3	26155
6	62.2852	5	26159
6	62.3	2	26163
6	62.35	2	26169
6	62.4113	5	26176
6	62.45	3	26182
6	62.4556	5	26186
6	62.5	3	26197
6	62.5375	5	26201
6	62.6645	10	26236
6	62.8009	15	26296
6	62.9713	20	26381
6	63.1865	25	26491
6	63.4043	30	26626
6	63.6947	35	26786
6	64.032	40	26971
6	64.15	20	27050
6	64.2	22	27078
6	64.25	22	27089
6	64.3	23	27101
6	64.35	23	27115
6	64.4	24	27130
6	64.4099	25	27140
6	64.45	12	27156
6	64.5	14	27174
6	64.55	14	27183
6	64.5701	15	27183
6	64.6	15	27193
6	64.65	8	27205
6	64.6613	10	27214
6	64.7	5	27218
6	64.8	4	27235
6	64.8006	5	27235
6	64.85	3	27242
6	64.8719	5	27246
6	64.9	2	27249
6	64.95	2	27255
6	64.9972	5	27262
6	65.05	3	27275
6	65.0816	5	27279
6	65.1	3	27285
6	65.125	5	27289
6	65.2529	10	27324
6	65.4165	15	27384
6	65.5836	20	27469
6	65.7654	25	27579
6	66.0045	30	27714
6	66.265	35	27874
6	66.5964	40	28059
6	66.8	21	28182
6	66.85	23	28211
6	66.9	23	28223
6	66.95	24	28237
6	66.9926	25	28251
6	67	25	28252
6	67.05	25	28269
6	67.1	13	28289
6	67.1188	15	28303
6	67.15	15	28308
6	67.2	8	28320
6	67.2379	10	28329
6	67.25	5	28331
6	67.3	6	28337
6	67.35	3	28341
6	67.3835	5	28345
6	67.4	2	28346
6	67.4688	5	28353
6	67.5	2	28355
6	67.55	2	28360
6	67.5949	5	28367
6	67.6	2	28370
6	67.6767	5	28377
6	67.7	3	28384
6	67.7219	5	28388
6	67.75	2	28393
6	67.7671	5	28400
6	67.8967	10	28435
6	68.0629	15	28495
6	68.2316	20	28580
6	68.4126	25	28690
6	68.6475	30	28825
6	68.9037	35	28985
6	69.2051	40	29170
6	69.5	22	29348
6	69.55	24	29379
6	69.6	24	29392
6	69.6	24	29392
6	69.6208	25	29395
6	69.65	25	29407
6	69.7	26	29424
6	69.75	13	29451
6	69.7878	15	29465
6	69.8	15	29471
6	69.9	16	29492
6	69.95	8	29504
6	69.9609	10	29513
6	70	10	29517
6	70.05	5	29529
6	70.1	3	29538
6	70.1288	5	29542
6	70.15	2	29544
6	70.2132	5	29551
6	70.25	2	29554
6	70.2967	5	29561
6	70.3	2	29565
6	70.35	2	29572
6	70.4212	5	29579
6	70.45	3	29587
6	70.4663	5	29591
6	70.5964	10	29626
6	70.7643	15	29686
6	70.9356	20	29771
6	71.1252	25	29881
6	71.3686	30	30016
6	71.6333	35	30176
6	72.8	2	30249
6	72.8	2	30249
6	72.8	2	30249
6	72.8	2	30249
6	72.8	2	30249
6	72.8	2	30249
6	72.8	2	30249
6	72.8	2	30249
6	72.8	2	30249
6	72.8	2	30249
6	72.8	2	30249
6	72.8343	5	30256
6	72.9613	10	30291
6	73.0996	15	30351
6	73.2744	20	30436
6	73.4868	25	30546
6	73.7045	30	30681
6	73.9947	35	30841
6	74.3319	40	31026
6	74.45	20	31105
6	74.5	22	31133
6	74.55	22	31144
6	74.6	23	31156
6	74.65	23	31170
6	74.7	24	31185
6	74.7097	25	31195
6	74.75	12	31210
6	74.8	14	31228
6	74.85	14	31237
6	74.8696	15	31237
6	74.9	15	31247
6	74.95	8	31259
6	74.9608	10	31268
6	75	5	31272
6	75.1	4	31289
6	75.1006	5	31289
6	75.15	3	31296
6	75.1713	5	31300
6	75.2	2	31303
6	75.25	2	31309
6	75.2966	5	31316
6	75.35	3	31329
6	75.381	5	31333
6	75.4	3	31339
6	75.4245	5	31343
6	75.5523	10	31378
6	75.7159	15	31438
6	75.883	20	31523
6	76.0622	25	31633
6	76.2722	30	31768
6	76.5521	35	31928
6	76.8174	40	32113
6	77.056	45	32323
6	77.15	23	32403
6	77.15	23	32403
6	77.1711	25	32427
6	77.2	25	32443
6	77.25	26	32465
6	77.3	27	32498
6	77.35	14	32532
6	77.3501	15	32532
6	77.4	16	32559
6	77.45	8	32576
6	77.4702	10	32585
6	77.5	10	32594
6	77.6	6	32630
6	77.65	4	32646
6	77.6506	5	32646
6	77.7685	10	32681
6	77.9339	15	32741
6	78.1018	20	32826
6	78.2748	25	32936
6	78.4529	30	33071
6	78.6447	35	33231
6	78.8305	40	33416
6	79.0222	45	33626
6	79.2228	50	33861
6	79.4448	55	34121
6	79.6881	60	34406
6	79.9527	65	34716
6	80.2386	70	35051
6	80.4	36	35241
6	80.45	38	35299
6	80.5	39	35325
6	80.55	39	35353
6	80.5568	40	35355
6	80.6	40	35386
6	80.65	41	35426
6	80.7	42	35467
6	80.75	43	35511
6	80.8	22	35549
6	80.85	24	35587
6	80.8713	25	35596
6	80.9	25	35607
6	81	13	35665
6	81.0333	15	35679
6	81.05	15	35689
6	81.1	16	35703
6	81.15	8	35719
6	81.1645	10	35728
6	81.2	10	35736
6	81.25	6	35753
6	81.3	4	35768
6	81.3006	5	35768
6	81.4	4	35789
6	81.4088	5	35789
6	81.5055	10	35824
6	81.6708	15	35884
6	81.8395	20	35969
6	82.0126	25	36079
6	82.204	30	36214
6	82.3838	35	36374
6	82.5705	40	36559
6	82.7623	45	36769
6	82.9628	50	37004
6	83.1848	55	37264
6	83.4281	60	37549
6	83.6927	65	37859
6	83.9786	70	38194
6	84.15	36	38395
6	84.2	38	38453
6	84.25	39	38479
6	84.3	39	38507
6	84.3062	40	38509
6	84.35	40	38541
6	84.4	41	38581
6	84.45	42	38622
6	84.5	43	38665
6	84.55	22	38703
6	84.6	24	38741
6	84.6207	25	38750
6	84.65	25	38761
6	84.7	26	38788
6	84.75	13	38820
6	84.7827	15	38834
6	84.85	16	38859
6	84.9	8	38875
6	84.9139	10	38884
6	84.95	10	38892
6	85	6	38909
6	85.05	4	38925
6	85.0588	5	38925
6	85.1	3	38937
6	85.1244	5	38941
6	85.2523	10	38976
6	85.4159	15	39036
6	85.583	20	39121
6	85.7543	25	39231
6	85.9307	30	39366
6	86.1131	35	39526
6	86.3057	40	39711
6	86.4967	45	39921
6	86.6981	50	40156
6	87.85	2	40332
6	87.85	2	40332
6	87.85	2	40332
6	87.85	2	40332
6	87.85	2	40332
6	87.85	2	40332
6	87.85	2	40332
6	87.85	2	40332
6	87.85	2	40332
6	87.85	2	40332
6	87.85	2	40332
6	87.85	2	40332
6	87.85	2	40332
6	87.85	2	40332
6	87.85	2	40332
6	87.85	2	40332
6	87.85	2	40332
6	87.85	2	40332
6	87.85	2	40332
6	87.85	2	40332
6	87.85	2	40332
6	87.85	2	40332
6	87.85	2	40332
6	87.85	2	40332
6	87.85	2	40332
6	87.85	2	40332
6	87.85	2	40332
6	87.85	2	40332
6	87.85	2	40332
6	87.85	2	40332
6	87.85	2	40332
6	87.85	2	40332
6	87.85	2	40332
6	87.85	2	40332
6	87.85	2	40332
6	87.85	2	40332
6	87.85	2	40332
6	87.85	2	40332
6	87.85	2	40332
6	87.85	2	40332
6	87.85	2	40332
6	87.85	2	40332
6	87.85	2	40332
6	87.85	2	40332
6	87.85	2	40332
6	87.85	2	40332
6	87.85	2	40332
6	87.85	2	40332
6	87.85	2	40332
6	87.85	2	40332
6	87.85	2	40332
6	87.85	2	40332
6	87.85	2	40332
6	87.85	2	40332
6	87.85	2	40332
6	87.85	2	40332
6	87.8892	5	40339
6	87.9535	10	40374
6	88.0273	15	40434
6	88.1142	20	40519
6	88.2094	25	40629
6	88.3246	30	40764
6	88.4612	35	40924
6	88.6191	40	41109
6	88.7983	45	41319
6	88.9989	50	41554
6	89.2209	55	41814
6	89.35	28	41966
6	89.3754	30	41995
6	89.4	30	42007
6	89.4	30	42007
6	89.45	31	42028
6	89.45	31	42028
6	89.5	31	42056
6	89.5	31	42056
6	89.55	33	42094
6	89.6	34	42135
6	89.6	34	42135
6	89.6217	35	42155
6	89.65	17	42184
6	89.7	19	42213
6	89.7	19	42213
6	89.7217	20	42221
6	89.75	20	42233
6	89.8	21	42262
6	89.8	21	42262
6	89.85	11	42296
6	89.9	13	42319
6	89.9418	15	42335
6	89.95	7	42337
6	90	9	42353
6	90	9	42353
6	90.0053	10	42354
6	90.05	5	42372
6	90.1	4	42387
6	90.1053	5	42387
6	90.15	3	42400
6	90.1548	5	42404
6	90.2	3	42419
6	90.2183	5	42423
6	90.25	3	42434
6	90.2618	5	42438
6	90.3	3	42450
6	90.3044	5	42454
6	90.35	4	42477
6	90.3504	5	42477
6	90.4148	10	42512
6	90.4966	15	42572
6	90.581	20	42657
6	90.6753	25	42767
6	90.7905	30	42902
6	90.9271	35	43062
6	91.085	40	43247
6	91.2643	45	43457
6	91.4649	50	43692
6	91.6868	55	43952
6	91.8	28	44085
6	91.8251	30	44114
6	91.85	30	44126
6	91.85	30	44126
6	91.9	31	44147
6	91.9	31	44147
6	91.95	31	44175
6	92	33	44213
6	92	33	44213
6	92.05	34	44252
6	92.0756	35	44274
6	92.1	17	44299
6	92.1	17	44299
6	92.15	19	44327
6	92.1801	20	44336
6	92.2	20	44343
6	92.2	20	44343
6	92.25	21	44373
6	92.3	11	44402
6	92.35	13	44423
6	92.35	13	44423
6	92.3973	15	44441
6	92.4	7	44445
6	92.45	9	44460
6	92.4625	10	44462
6	92.5	5	44473
6	92.55	4	44488
6	92.5544	5	44488
6	92.6	3	44500
6	92.6	3	44500
6	92.6188	5	44504
6	92.65	3	44512
6	92.6614	5	44516
6	92.7	3	44528
6	92.7057	5	44532
6	92.75	3	44550
6	92.7608	5	44554
6	92.8	3	44570
6	92.8084	5	44574
6	92.8727	10	44609
6	92.9496	15	44669
6	93.0334	20	44754
6	93.1286	25	44864
6	93.2438	30	44999
6	93.3804	35	45159
6	93.5383	40	45344
6	93.7175	45	45554
6	93.9181	50	45789
6	94.1401	55	46049
6	94.25	28	46178
6	94.2749	30	46207
6	94.3	30	46219
6	94.3	30	46219
6	94.35	31	46240
6	94.4	31	46266
6	94.4	31	46266
6	94.45	33	46303
6	94.45	33	46303
6	94.5	34	46342
6	94.5281	35	46367
6	94.55	17	46389
6	94.55	17	46389
6	94.6	19	46417
6	94.6299	20	46426
6	94.65	20	46434
6	94.65	20	46434
6	94.7	21	46463
6	94.75	11	46492
6	94.8	13	46513
6	94.8	13	46513
6	94.8473	15	46531
6	94.85	7	46535
6	94.9	9	46550
6	94.9125	10	46552
6	94.95	5	46563
6	95	4	46578
6	95.0044	5	46578
6	95.05	3	46590
6	95.05	3	46590
6	95.0688	5	46594
6	95.1	3	46602
6	95.1114	5	46606
6	95.15	3	46618
6	95.1557	5	46622
6	95.2	3	46640
6	95.2108	5	46644
6	95.25	3	46660
6	95.2584	5	46664
6	95.3227	10	46699
6	95.3996	15	46759
6	95.4834	20	46844
6	95.5786	25	46954
6	95.6938	30	47089
6	95.8304	35	47249
6	95.9883	40	47434
6	96.1675	45	47644
6	96.3681	50	47879
6	96.5901	55	48139
6	96.7	28	48268
6	96.7249	30	48297
6	96.75	30	48309
6	96.75	30	48309
6	96.8	31	48330
6	96.85	31	48356
6	96.85	31	48356
6	96.9	33	48393
6	96.9	33	48393
6	96.95	34	48432
6	96.9781	35	48457
6	97	17	48479
6	97	17	48479
6	97.05	19	48507
6	97.0799	20	48516
6	97.1	20	48524
6	97.1	20	48524
6	97.15	21	48553
6	97.2	11	48582
6	97.25	13	48603
6	97.25	13	48603
6	97.2973	15	48621
6	97.3	7	48625
6	97.35	9	48640
6	97.3625	10	48642
6	97.4	5	48653
6	97.45	4	48668
6	97.4544	5	48668
6	97.5	3	48680
6	97.5	3	48680
6	97.5188	5	48684
6	97.55	3	48692
6	97.5614	5	48696
6	97.6	3	48708
6	97.6057	5	48712
6	97.65	3	48730
6	97.6608	5	48734
6	97.7	3	48750
6	97.7084	5	48754
6	97.7727	10	48789
6	97.8496	15	48849
6	97.9334	20	48934
6	98.0286	25	49044
6	98.1438	30	49179
6	98.2804	35	49339
6	98.4383	40	49524
6	98.6175	45	49734
6	98.8181	50	49969
6	99.0401	55	50229
6	99.15	28	50358
6	99.1749	30	50387
6	99.2	30	50399
6	99.2	30	50399
6	100.25	5	50415
6	100.25	5	50415
6	100.25	5	50415
6	100.25	5	50415
6	100.25	5	50415
6	100.25	5	50415
6	100.25	5	50415
6	100.25	5	50415
6	100.25	5	50415
6	100.274	10	50419
6	100.285	15	50424
6	100.314	20	50429
6	100.319	25	50434
6	100.492	30	50545
6	100.703	35	50705
6	100.93	40	50890
6	101.191	45	51100
6	101.3	23	51186
6	101.3	23	51186
6	101.3	23	51186
6	101.3	23	51186
6	101.334	25	51210
6	101.58	30	51345
6	101.83	35	51505
6	101.9	18	51545
6	101.928	20	51564
6	101.95	20	51575
6	102	21	51591
6	102.05	11	51609
6	102.1	13	51628
6	102.149	15	51648
6	102.15	7	51649
6	102.2	9	51663
6	102.23	10	51666
6	102.25	5	51673
6	102.397	10	51703
6	102.571	15	51763
6	102.775	20	51848
6	102.8	10	51867
6	102.85	12	51889
6	102.9	7	51905
6	102.935	10	51922
6	103.086	15	51982
6	103.255	20	52067
6	103.429	25	52177
6	103.621	30	52312
6	103.8	35	52472
6	103.987	40	52657
6	104.18	45	52867
6	104.381	50	53102
6	104.603	55	53362
6	104.846	60	53647
6	105.111	65	53957
6	105.397	70	54292
6	105.6	36	54530
6	105.65	38	54588
6	105.65	38	54588
6	105.7	39	54614
6	105.75	39	54642
6	105.758	40	54644
6	105.8	40	54674
6	105.85	41	54714
6	105.9	42	54756
6	105.95	43	54799
6	106.019	45	54854
6	106.05	22	54880
6	106.1	24	54919
6	106.117	25	54927
6	106.15	25	54939
6	106.2	26	54969
6	106.25	27	55001
6	106.3	14	55032
6	106.301	15	55032
6	106.35	16	55059
6	106.4	8	55076
6	106.417	10	55085
6	106.5	6	55107
6	106.55	4	55127
6	106.55	5	55127
6	106.6	3	55139
6	106.63	5	55143
6	106.758	10	55178
6	106.922	15	55238
6	107.089	20	55323
6	107.26	25	55433
6	107.437	30	55568
6	107.619	35	55728
6	107.812	40	55913
6	108.003	45	56123
6	108.204	50	56358
6	108.426	55	56618
6	108.67	60	56903
6	108.935	65	57213
6	109.221	70	57548
6	109.4	36	57758
6	109.45	38	57816
6	109.5	39	57842
6	109.55	39	57870
6	109.557	40	57872
6	109.6	40	57903
6	109.65	41	57943
6	109.7	42	57985
6	109.75	43	58028
6	109.8	22	58066
6	109.85	24	58104
6	109.871	25	58113
6	109.9	25	58124
6	109.95	26	58150
6	110	13	58183
6	110.033	15	58197
6	110.05	15	58208
6	110.15	8	58239
6	110.164	10	58248
6	110.2	10	58256
6	110.25	6	58273
6	110.3	4	58289
6	110.301	5	58289
6	110.35	3	58301
6	110.375	5	58305
6	110.503	10	58340
6	110.666	15	58400
6	110.833	20	58485
6	111.005	25	58595
6	111.181	30	58730
6	111.364	35	58890
6	111.556	40	59075
6	111.747	45	59285
6	111.949	50	59520
6	112.171	55	59780
6	112.414	60	60065
6	112.679	65	60375
6	113.8	2	60498
6	113.8	2	60498
6	113.8	2	60498
6	113.8	2	60498
6	113.8	2	60498
6	113.8	2	60498
6	113.8	2	60498
6	113.8	2	60498
6	113.8	2	60498
6	113.8	2	60498
6	113.8	2	60498
6	113.8	2	60498
6	113.8	2	60498
6	113.8	2	60498
6	113.8	2	60498
6	113.8	2	60498
6	113.8	2	60498
6	113.8	2	60498
6	113.8	2	60498
6	113.8	2	60498
6	113.8	2	60498
6	113.8	2	60498
6	113.8	2	60498
6	113.8	2	60498
6	113.8	2	60498
6	113.8	2	60498
6	113.8	2	60498
6	113.8	2	60498
6	113.8	2	60498
6	113.8	2	60498
6	113.8	2	60498
6	113.8	2	60498
6	113.8	2	60498
6	113.8	2	60498
6	113.8	2	60498
6	113.8	2	60498
6	113.8	2	60498
6	113.8	2	60498
6	113.8	2	60498
6	113.842	5	60505
6	113.906	10	60540
6	114.063	15	60600
6	114.231	20	60685
6	114.406	25	60795
6	114.597	30	60930
6	114.777	35	61090
6	114.964	40	61275
6	115.155	45	61485
6	115.356	50	61720
6	115.578	55	61980
6	115.822	60	62265
6	116.087	65	62575
6	116.373	70	62910
6	116.55	36	63118
6	116.6	38	63176
6	116.65	39	63202
6	116.7	39	63230
6	116.707	40	63232
6	116.75	40	63263
6	116.8	41	63303
6	116.85	42	63345
6	116.9	43	63388
6	116.95	22	63426
6	117	24	63464
6	117.021	25	63473
6	117.05	25	63484
6	117.1	26	63510
6	117.15	13	63543
6	117.183	15	63557
6	117.2	15	63568
6	117.3	8	63599
6	117.314	10	63608
6	117.35	10	63616
6	117.4	6	63633
6	117.45	4	63647
6	117.451	5	63647
6	117.5	3	63659
6	117.523	5	63663
6	117.651	10	63698
6	117.815	15	63758
6	117.995	20	63843
6	118.205	25	63953
6	118.495	30	64088
6	118.818	35	64248
6	119	18	64339
6	119.046	20	64358
6	119.05	20	64363
6	119.1	20	64372
6	119.15	21	64382
6	119.2	21	64394
6	119.25	22	64407
6	119.3	11	64429
6	119.35	13	64445
6	119.4	13	64453
6	119.45	7	64462
6	119.5	4	64472
6	119.509	5	64472
6	119.55	3	64478
6	119.601	5	64482
6	119.65	2	64487
6	119.7	2	64492
6	119.75	2	64496
6	119.812	5	64503
6	119.85	2	64507
6	119.895	5	64514
6	119.9	2	64518
6	119.94	5	64525
6	120	3	64537
6	120.024	5	64541
6	120.152	10	64576
6	120.317	15	64636
6	120.488	20	64721
6	120.686	25	64831
6	120.933	30	64966
6	121.229	35	65126
6	121.573	40	65311
6	121.6	20	65337
6	121.65	22	65364
6	121.7	22	65375
6	121.75	23	65387
6	121.8	23	65401
6	121.85	24	65421
6	121.855	25	65427
6	121.9	12	65446
6	121.95	14	65464
6	122	14	65473
6	122.02	15	65473
6	122.05	15	65483
6	122.1	8	65495
6	122.111	10	65504
6	122.15	5	65508
6	122.25	4	65525
6	122.251	5	65525
6	122.3	3	65532
6	122.321	5	65536
6	122.35	2	65539
6	122.405	5	65546
6	122.45	3	65556
6	122.489	5	65560
6	122.5	2	65564
6	122.535	5	65571
6	122.6	3	65581
6	122.616	5	65585
6	122.744	10	65620
6	122.909	15	65680
6	123.08	20	65765
6	123.269	25	65875
6	123.483	30	66010
6	123.769	35	66170
6	124.076	40	66355
6	124.3	21	66477
6	124.35	23	66506
6	124.4	23	66518
6	124.4	23	66518
6	124.45	24	66539
6	124.485	25	66546
6	124.5	25	66560
6	124.55	13	66578
6	124.58	15	66592
6	124.65	15	66606
6	124.7	8	66616
6	124.709	10	66625
6	124.75	5	66629
6	124.8	6	66635
6	124.85	3	66639
6	124.884	5	66643
6	124.9	2	66644
6	124.969	5	66651
6	125	2	66652
6	125.05	2	66657
6	125.094	5	66664
6	125.1	2	66668
6	125.177	5	66675
6	125.2	3	66682
6	125.222	5	66686
6	125.25	2	66691
6	125.267	5	66698
6	125.397	10	66733
6	125.563	15	66793
6	125.732	20	66878
6	125.921	25	66988
6	126.165	30	67123
6	126.456	35	67283
6	126.768	40	67468
6	126.9	20	67533
6	126.95	22	67561
6	127	22	67573
6	127.05	23	67590
6	127.1	24	67604
6	127.15	24	67620
6	127.159	25	67623
6	127.2	12	67637
6	127.25	14	67655
6	127.297	15	67664
6	127.3	15	67669
6	127.35	8	67681
6	127.386	10	67690
6	127.45	5	67700
6	127.5	3	67707
6	127.517	5	67711
6	127.55	2	67712
6	127.6	2	67717
6	127.684	5	67724
6	127.7	2	67729
6	127.75	2	67735
6	127.8	2	67741
6	127.855	5	67748
6	127.9	3	67759
6	127.904	5	67763
6	128.035	10	67798
6	128.205	15	67858
6	128.378	20	67943
6	128.568	25	68053
6	128.812	30	68188
6	129.102	35	68348
6	129.414	40	68533
6	129.55	20	68602
6	129.6	22	68630
6	129.65	22	68641
6	129.7	23	68657
6	129.75	24	68671
6	129.8	24	68687
6	129.81	25	68692
6	129.85	12	68704
6	129.9	14	68722
6	129.945	15	68731
6	129.95	15	68736
6	130	8	68748
6	130.034	10	68757
6	130.05	5	68760
6	130.15	3	68772
6	130.163	5	68776
6	130.2	2	68777
6	130.249	5	68784
6	130.25	2	68785
6	130.3	2	68790
6	130.374	5	68797
6	130.4	2	68801
6	130.45	2	68808
6	130.498	5	68815
6	130.5	2	68817
6	130.541	5	68824
6	130.668	10	68859
6	130.804	15	68919
6	130.977	20	69004
6	131.189	25	69114
6	131.407	30	69249
6	131.698	35	69409
6	132.036	40	69594
6	132.15	20	69668
6	132.2	22	69696
6	132.25	22	69707
6	132.3	23	69719
6	132.35	23	69733
6	132.4	24	69748
6	132.409	25	69758
6	132.45	12	69773
6	132.5	14	69791
6	132.55	14	69800
6	132.57	15	69800
6	132.6	15	69810
6	132.65	8	69822
6	132.662	10	69831
6	132.7	5	69835
6	132.8	4	69852
6	132.801	5	69852
6	132.85	3	69859
6	132.872	5	69863
6	132.9	2	69866
6	132.956	5	69873
6	133	3	69882
6	133.039	5	69886
6	133.05	2	69891
6	133.085	5	69898
6	133.1	2	69899
6	133.129	5	69906
6	133.263	10	69941
6	133.434	15	70001
6	133.607	20	70086
6	133.798	25	70196
6	134.041	30	70331
6	134.332	35	70491
6	135.5	2	70581
6	135.5	2	70581
6	135.5	2	70581
6	135.5	2	70581
6	135.5	2	70581
6	135.5	2	70581
6	135.5	2	70581
6	135.5	2	70581
6	135.5	2	70581
6	135.5	2	70581
6	135.5	2	70581
6	135.5	2	70581
6	135.542	5	70588
6	135.671	10	70623
6	135.818	15	70683
6	135.993	20	70768
6	136.189	25	70878
6	136.437	30	71013
6	136.733	35	71173
6	137.076	40	71358
6	137.15	20	71397
6	137.2	22	71424
6	137.2	22	71424
6	137.25	22	71436
6	137.3	23	71449
6	137.35	24	71470
6	137.4	24	71487
6	137.405	25	71487
6	137.45	12	71508
6	137.532	15	71535
6	137.55	15	71536
6	137.6	15	71549
6	137.65	8	71565
6	137.685	10	71574
6	137.7	5	71578
6	137.75	3	71586
6	137.772	5	71590
6	137.85	3	71597
6	137.857	5	71601
6	137.9	3	71608
6	137.94	5	71612
6	137.95	2	71615
6	138.022	5	71622
6	138.05	3	71629
6	138.067	5	71633
6	138.1	2	71638
6	138.113	5	71645
6	138.242	10	71680
6	138.408	15	71740
6	138.577	20	71825
6	138.764	25	71935
6	138.989	30	72070
6	139.194	35	72230
6	139.391	40	72415
6	139.596	45	72625
6	139.8	24	72858
6	139.8	25	72858
6	139.85	26	72909
6	139.9	28	72939
6	139.963	30	72993
6	140.165	35	73153
6	140.39	40	73338
6	140.665	45	73548
6	140.963	50	73783
6	141.2	26	73970
6	141.2	26	73970
6	141.25	28	74009
6	141.3	29	74026
6	141.35	29	74045
6	141.36	30	74054
6	141.4	30	74072
6	141.45	31	74102
6	141.5	16	74128
6	141.55	18	74153
6	141.65	19	74180
6	141.654	20	74182
6	141.7	10	74202
6	141.75	12	74218
6	141.8	6	74228
6	141.85	4	74239
6	141.866	5	74239
6	141.9	3	74246
6	141.913	5	74250
6	142	3	74264
6	142.038	5	74268
6	142.05	2	74272
6	142.1	2	74279
6	142.162	5	74286
6	142.2	3	74294
6	142.209	5	74298
6	142.341	10	74333
6	142.508	15	74393
6	142.68	20	74478
6	142.87	25	74588
6	143.113	30	74723
6	143.378	35	74883
6	143.716	40	75068
6	143.85	20	75141
6	143.9	22	75169
6	143.95	22	75180
6	144	23	75196
6	144.05	24	75217
6	144.091	25	75231
6	144.1	12	75233
6	144.15	14	75250
6	144.2	14	75258
6	144.216	15	75260
6	144.25	15	75267
6	144.3	8	75281
6	144.339	10	75290
6	144.35	5	75293
6	144.4	3	75300
6	144.426	5	75304
6	144.5	2	75309
6	144.55	2	75313
6	144.595	5	75320
6	144.6	2	75322
6	144.678	5	75329
6	144.7	2	75334
6	144.75	2	75341
6	144.8	2	75348
6	144.809	5	75355
6	144.97	10	75390
6	145.107	15	75450
6	145.276	20	75535
6	145.457	25	75645
6	145.692	30	75780
6	145.949	35	75940
6	146.251	40	76125
6	146.55	22	76308
6	146.55	22	76308
6	146.6	24	76339
6	146.65	24	76353
6	146.669	25	76355
6	146.7	25	76368
6	146.75	26	76385
6	146.8	13	76413
6	146.838	15	76427
6	146.85	15	76433
6	146.9	16	76443
6	146.95	16	76455
6	147.05	9	76488
6	147.05	10	76488
6	147.1	5	76503
6	147.15	3	76512
6	147.175	5	76516
6	147.2	2	76518
6	147.26	5	76525
6	147.3	2	76529
6	147.344	5	76536
6	147.35	2	76540
6	147.4	2	76547
6	147.469	5	76554
6	147.5	3	76562
6	147.514	5	76566
6	147.642	10	76601
6	147.806	15	76661
6	147.978	20	76746
6	148.166	25	76856
6	148.41	30	76991
6	148.675	35	77151
6	149.013	40	77336
6	149.15	20	77409
6	149.2	22	77437
6	149.25	22	77448
6	149.3	23	77468
6	149.35	24	77485
6	149.388	25	77499
6	149.4	12	77501
6	149.45	14	77518
6	149.5	14	77526
6	149.513	15	77528
6	149.55	15	77535
6	149.6	8	77553
6	149.64	10	77562
6	149.65	5	77565
6	149.7	3	77572
6	149.727	5	77576
6	149.8	2	77581
6	149.85	2	77585
6	149.895	5	77592
6	149.9	2	77594
6	149.978	5	77601
6	150	2	77606
6	150.05	2	77613
6	150.1	2	77620
6	150.109	5	77627
6	150.27	10	77662
6	150.407	15	77722
6	150.577	20	77807
6	150.758	25	77917
6	150.993	30	78052
6	151.249	35	78212
6	151.551	40	78397
6	151.85	22	78579
6	151.85	22	78579
6	151.9	24	78610
6	151.95	24	78624
6	151.969	25	78626
6	152	25	78639
6	152.05	26	78656
6	152.1	13	78684
6	152.138	15	78698
6	152.15	15	78704
6	152.2	16	78714
6	152.25	16	78726
6	152.35	9	78759
6	152.35	10	78759
6	152.4	5	78774
6	152.45	3	78783
6	152.475	5	78787
6	152.5	2	78789
6	152.56	5	78796
6	152.6	2	78800
6	152.644	5	78807
6	152.65	2	78811
6	152.7	2	78818
6	152.769	5	78825
6	152.8	3	78833
6	152.814	5	78837
6	152.942	10	78872
6	153.106	15	78932
6	153.278	20	79017
6	153.467	25	79127
6	153.71	30	79262
6	153.975	35	79422
6	154.313	40	79607
6	154.45	20	79680
6	154.5	22	79708
6	154.55	22	79719
6	154.6	23	79739
6	154.65	24	79756
6	154.688	25	79770
6	154.7	12	79772
6	154.75	14	79789
6	154.8	14	79797
6	154.813	15	79799
6	154.85	15	79806
6	154.9	8	79824
6	154.94	10	79833
6	154.95	5	79836
6	155	3	79843
6	155.027	5	79847
6	155.1	2	79852
6	155.15	2	79856
6	155.196	5	79863
6	155.2	2	79865
6	155.278	5	79872
6	155.3	2	79877
6	155.35	2	79884
6	155.4	2	79891
6	155.41	5	79898
6	155.571	10	79933
6	155.707	15	79993
6	155.877	20	80078
6	156.058	25	80188
6	156.293	30	80323
6	156.549	35	80483
6	157.85	2	80664
6	157.85	2	80664
6	157.85	2	80664
6	157.85	2	80664
6	157.85	2	80664
6	157.85	2	80664
6	157.85	2	80664
6	157.85	2	80664
6	157.85	2	80664
6	157.85	2	80664
6	157.85	2	80664
6	157.85	2	80664
6	157.85	2	80664
6	157.85	2	80664
6	157.85	2	80664
6	157.85	2	80664
6	157.85	2	80664
6	157.85	2	80664
6	157.85	2	80664
6	157.85	2	80664
6	157.85	2	80664
6	157.85	2	80664
6	157.85	2	80664
6	157.85	2	80664
6	157.85	2	80664
6	157.85	2	80664
6	157.889	5	80671
6	157.953	10	80706
6	158.114	15	80766
6	158.285	20	80851
6	158.48	25	80961
6	158.691	30	81096
6	158.957	35	81256
6	159.272	40	81441
6	159.55	22	81616
6	159.6	24	81647
6	159.6	24	81647
6	159.65	24	81661
6	159.66	25	81663
6	159.7	25	81677
6	159.75	26	81702
6	159.8	13	81722
6	159.832	15	81736
6	159.85	15	81742
6	159.9	16	81752
6	160	8	81780
6	160.039	10	81789
6	160.05	10	81793
6	160.1	5	81801
6	160.15	3	81810
6	160.169	5	81814
6	160.2	2	81816
6	160.254	5	81823
6	160.3	3	81831
6	160.338	5	81835
6	160.35	2	81838
6	160.4	2	81845
6	160.462	5	81852
6	160.5	3	81860
6	160.507	5	81864
6	160.635	10	81899
6	160.798	15	81959
6	160.965	20	82044
6	161.15	25	82154
6	161.364	30	82289
6	161.649	35	82449
6	161.956	40	82634
6	162.15	21	82746
6	162.2	23	82775
6	162.25	23	82787
6	162.3	24	82800
6	162.35	24	82815
6	162.359	25	82815
6	162.4	25	82831
6	162.45	13	82857
6	162.488	15	82871
6	162.5	15	82876
6	162.55	15	82886
6	162.6	8	82897
6	162.618	10	82906
6	162.65	5	82909
6	162.75	4	82923
6	162.751	5	82923
6	162.8	3	82929
6	162.83	5	82933
6	162.85	2	82934
6	162.9	2	82939
6	162.957	5	82946
6	163	3	82953
6	163.04	5	82957
6	163.05	3	82964
6	163.086	5	82968
6	163.1	2	82973
6	163.132	5	82980
6	163.265	10	83015
6	163.436	15	83075
6	163.61	20	83160
6	163.792	25	83270
6	164.024	30	83405
6	164.232	35	83565
6	164.441	40	83750
6	164.65	45	83960
6	164.8	24	84127
6	164.8	25	84127
6	164.85	26	84176
6	164.9	27	84205
6	164.95	14	84243
6	164.951	15	84243
6	165.094	20	84328
6	165.274	25	84438
6	165.467	30	84573
6	165.706	35	84733
6	165.972	40	84918
6	166.286	45	85128
6	166.5	24	85279
6	166.5	25	85279
6	166.55	26	85314
6	166.6	26	85329
6	166.65	27	85345
6	166.7	28	85368
6	166.75	14	85395
6	166.752	15	85395
6	166.8	16	85416
6	166.85	16	85426
6	166.9	17	85437
6	166.95	9	85450
6	166.952	10	85450
6	167	5	85464
6	167.05	3	85473
6	167.087	5	85477
6	167.1	2	85478
6	167.173	5	85485
6	167.2	2	85487
6	167.25	2	85492
6	167.299	5	85499
6	167.3	2	85501
6	167.35	2	85508
6	167.41	5	85515
6	167.45	3	85523
6	167.466	5	85527
6	167.594	10	85562
6	167.757	15	85622
6	167.926	20	85707
6	168.112	25	85817
6	168.327	30	85952
6	168.612	35	86112
6	168.918	40	86297
6	169.15	21	86424
6	169.2	23	86453
6	169.25	23	86464
6	169.25	23	86464
6	169.3	24	86482
6	169.338	25	86493
6	169.35	25	86497
6	169.4	25	86514
6	169.5	13	86559
6	169.537	15	86573
6	169.55	15	86579
6	169.6	16	86589
6	169.65	16	86601
6	169.7	8	86614
6	169.712	10	86623
6	169.75	10	86628
6	169.85	6	86654
6	169.9	4	86665
6	169.919	5	86665
6	169.95	3	86673
6	169.968	5	86677
6	170.05	3	86689
6	170.055	5	86693
6	170.1	3	86703
6	170.137	5	86707
6	170.15	2	86712
6	170.182	5	86719
6	170.312	10	86754
6	170.482	15	86814
6	170.655	20	86899
6	170.841	25	87009
6	171.08	30	87144
6	171.341	35	87304
6	171.672	40	87489
6	171.85	21	87598
6	171.9	23	87627
6	171.95	23	87639
6	172	24	87652
6	172.048	25	87667
6	172.05	25	87670
6	172.1	13	87694
6	172.14	15	87708
6	172.15	15	87712
6	172.2	15	87721
6	172.25	8	87731
6	172.278	10	87740
6	172.3	5	87742
6	172.35	6	87748
6	172.45	4	87760
6	172.451	5	87760
6	172.5	3	87766
6	172.533	5	87770
6	172.55	2	87771
6	172.6	2	87776
6	172.658	5	87783
6	172.7	3	87790
6	172.74	5	87794
6	172.75	3	87801
6	172.785	5	87805
6	172.85	3	87819
6	172.869	5	87823
6	172.997	10	87858
6	173.161	15	87918
6	173.328	20	88003
6	173.516	25	88113
6	173.73	30	88248
6	174.015	35	88408
6	174.322	40	88593
6	174.55	21	88717
6	174.6	23	88747
6	174.6	23	88747
6	174.65	23	88760
6	174.7	24	88782
6	174.725	25	88786
6	174.75	25	88800
6	174.8	13	88818
6	174.826	15	88832
6	174.85	15	88837
6	174.95	8	88859
6	174.99	10	88868
6	175	5	88871
6	175.05	6	88877
6	175.1	3	88881
6	175.134	5	88885
6	175.15	2	88886
6	175.219	5	88893
6	175.25	2	88895
6	175.3	2	88900
6	175.345	5	88907
6	175.35	2	88910
6	175.427	5	88917
6	175.45	3	88924
6	175.472	5	88928
6	175.5	2	88933
6	175.517	5	88940
6	175.647	10	88975
6	175.813	15	89035
6	175.982	20	89120
6	176.169	25	89230
6	176.409	30	89365
6	176.669	35	89525
6	177	40	89710
6	177.2	21	89828
6	177.25	23	89857
6	177.3	23	89870
6	177.35	24	89883
6	177.392	25	89897
6	177.4	25	89898
6	177.45	25	89921
6	177.5	13	89945
6	177.536	15	89959
6	177.55	15	89964
6	177.6	15	89974
6	177.65	8	89985
6	177.666	10	89994
6	177.7	5	89997
6	177.75	3	90005
6	177.792	5	90009
6	177.85	2	90014
6	177.9	2	90019
6	177.95	2	90023
6	178.002	5	90030
6	178.05	3	90038
6	178.085	5	90042
6	178.1	2	90046
6	178.13	5	90053
6	178.15	2	90055
6	178.173	5	90062
6	178.313	10	90097
6	178.476	15	90157
6	178.649	20	90242
6	178.839	25	90352
6	179.082	30	90487
6	179.372	35	90647
6	180.55	2	90747
6	180.55	2	90747
6	180.55	2	90747
6	180.55	2	90747
6	180.55	2	90747
6	180.55	2	90747
6	180.55	2	90747
6	180.55	2	90747
6	180.55	2	90747
6	180.55	2	90747
6	180.55	2	90747
6	180.55	2	90747
6	180.55	2	90747
6	180.55	2	90747
6	180.55	2	90747
6	180.55	2	90747
6	180.55	2	90747
6	180.55	2	90747
6	180.55	2	90747
6	180.55	2	90747
6	180.55	2	90747
6	180.55	2	90747
6	180.592	5	90754
6	180.703	10	90789
6	180.842	15	90849
6	181.017	20	90934
6	181.226	25	91044
6	181.448	30	91179
6	181.738	35	91339
6	182.076	40	91524
6	182.2	20	91604
6	182.25	22	91632
6	182.3	22	91643
6	182.3	22	91643
6	182.35	23	91656
6	182.4	24	91671
6	182.45	24	91693
6	182.452	25	91694
6	182.5	12	91718
6	182.584	15	91745
6	182.6	15	91746
6	182.65	15	91757
6	182.7	8	91769
6	182.71	10	91778
6	182.75	5	91784
6	182.8	3	91793
6	182.834	5	91797
6	182.9	3	91804
6	182.92	5	91808
6	182.95	2	91810
6	183	2	91816
6	183.044	5	91823
6	183.1	3	91838
6	183.13	5	91842
6	183.15	3	91848
6	183.174	5	91852
6	183.302	10	91887
6	183.465	15	91947
6	183.632	20	92032
6	183.813	25	92142
6	184.024	30	92277
6	184.305	35	92437
6	184.607	40	92622
6	184.9	22	92798
6	184.9	22	92798
6	184.95	24	92828
6	185	24	92841
6	185.004	25	92845
6	185.05	25	92863
6	185.1	26	92880
6	185.15	13	92898
6	185.176	15	92912
6	185.2	15	92917
6	185.25	15	92926
6	185.35	8	92956
6	185.389	10	92965
6	185.4	10	92968
6	185.45	10	92975
6	185.5	5	92983
6	185.55	3	92992
6	185.567	5	92996
6	185.65	3	93005
6	185.685	5	93009
6	185.7	2	93013
6	185.75	2	93019
6	185.811	5	93026
6	185.85	3	93032
6	185.855	5	93036
6	185.9	3	93047
6	185.937	5	93051
6	186.064	10	93086
6	186.2	15	93146
6	186.371	20	93231
6	186.586	25	93341
6	186.804	30	93476
6	187.095	35	93636
6	187.432	40	93821
6	187.55	20	93899
6	187.6	22	93927
6	187.65	22	93938
6	187.7	23	93950
6	187.75	23	93964
6	187.8	24	93979
6	187.81	25	93989
6	187.85	12	94005
6	187.9	14	94023
6	187.95	14	94032
6	187.97	15	94032
6	188	15	94042
6	188.05	8	94054
6	188.061	10	94063
6	188.1	5	94067
6	188.2	4	94084
6	188.201	5	94084
6	188.25	3	94091
6	188.272	5	94095
6	188.3	2	94098
6	188.35	2	94104
6	188.397	5	94111
6	188.45	3	94124
6	188.481	5	94128
6	188.5	3	94134
6	188.525	5	94138
6	188.653	10	94173
6	188.816	15	94233
6	188.983	20	94318
6	189.155	25	94428
6	189.331	30	94563
6	189.514	35	94723
6	189.706	40	94908
6	189.915	45	95118
6	190.158	50	95353
6	190.423	55	95613
6	190.718	60	95898
6	190.9	31	96071
6	190.95	33	96119
6	191	34	96140
6	191.05	34	96163
6	191.062	35	96170
6	191.1	35	96193
6	191.15	36	96224
6	191.2	37	96259
6	191.25	19	96294
6	191.25	20	96294
6	191.3	21	96325
6	191.35	22	96341
6	191.4	11	96359
6	191.45	13	96378
6	191.5	7	96392
6	191.55	4	96404
6	191.551	5	96404
6	191.65	3	96418
6	191.666	5	96422
6	191.7	2	96425
6	191.75	5	96432
6	191.75	2	96433
6	191.793	5	96440
6	191.8	2	96444
6	191.839	5	96451
6	191.85	2	96452
6	191.881	5	96459
6	192.011	10	96494
6	192.177	15	96554
6	192.347	20	96639
6	192.525	25	96749
6	192.746	30	96884
6	192.994	35	97044
6	193.263	40	97229
6	193.598	45	97439
6	193.7	23	97506
6	193.7	23	97506
6	193.743	25	97530
6	193.75	25	97538
6	193.8	25	97552
6	193.85	26	97567
6	193.9	27	97584
6	193.95	27	97605
6	194	14	97631
6	194	15	97631
6	194.05	16	97652
6	194.1	8	97663
6	194.126	10	97672
6	194.2	10	97681
6	194.25	5	97689
6	194.3	3	97697
6	194.333	5	97701
6	194.35	2	97702
6	194.4	2	97706
6	194.46	5	97713
6	194.5	2	97717
6	194.544	5	97724
6	194.55	2	97727
6	194.6	2	97734
6	194.667	5	97741
6	194.7	3	97749
6	194.712	5	97753
6	194.84	10	97788
6	195.004	15	97848
6	195.171	20	97933
6	195.342	25	98043
6	195.524	30	98178
6	195.754	35	98338
6	196.006	40	98523
6	196.298	45	98733
6	196.612	50	98968
6	196.65	25	98991
6	196.7	27	99027
6	196.75	27	99042
6	196.8	28	99064
6	196.85	29	99085
6	196.886	30	99101
6	196.9	30	99105
6	196.95	30	99128
6	197	15	99159
6	197.05	17	99183
6	197.1	18	99195
6	197.15	18	99209
6	197.2	9	99224
6	197.202	10	99224
6	197.25	11	99240
6	197.3	6	99257
6	197.4	4	99276
6	197.418	5	99276
6	197.45	3	99285
6	197.466	5	99289
6	197.5	2	99292
6	197.548	5	99299
6	197.6	3	99315
6	197.634	5	99319
6	197.65	3	99325
6	197.678	5	99329
6	197.806	10	99364
6	197.969	15	99424
6	198.137	20	99509
6	198.308	25	99619
6	198.492	30	99754
6	198.726	35	99914
6	198.982	40	100099
6	199.28	45	100309
6	199.55	24	100505
6	199.565	25	100505
6	199.6	26	100540
6	199.65	26	100554
6	199.7	27	100569
6	199.75	28	100586
6	199.8	29	100613
6	199.85	29	100640
6	199.857	30	100640
6	199.9	15	100662
6	199.95	17	100685
