7	1.0486	10	4
7	1.09036	15	9
7	1.09805	20	14
7	1.13212	25	19
7	1.35033	30	130
7	1.61069	35	290
7	1.90471	40	475
7	2.1	21	596
7	2.1	21	596
7	2.1	21	596
7	2.1	21	596
7	2.15	23	627
7	2.25653	25	665
7	2.51996	30	800
7	2.75	17	930
7	2.8	19	958
7	2.82209	20	967
7	2.85	20	973
7	2.95	11	1020
7	3	13	1039
7	3.05	7	1051
7	3.11785	10	1068
7	3.33093	15	1128
7	3.54401	20	1213
7	3.75708	25	1323
7	3.97822	30	1458
7	4.25774	35	1618
7	4.55947	40	1803
7	4.9065	45	2013
7	5.05	23	2097
7	5.07059	25	2121
7	5.1	25	2127
7	5.15	25	2138
7	5.25	26	2168
7	5.3	27	2182
7	5.35	27	2199
7	5.4	14	2221
7	5.40062	15	2221
7	5.45	16	2239
7	5.55	8	2255
7	5.6	9	2264
7	5.61203	10	2264
7	5.65	10	2267
7	5.75	5	2281
7	5.8	6	2287
7	5.85	3	2290
7	5.91108	5	2294
7	5.95	2	2296
7	6	2	2300
7	6.09318	5	2307
7	6.30626	10	2342
7	6.51986	15	2402
7	6.73727	20	2487
7	6.95467	25	2597
7	7.18621	30	2732
7	7.47173	35	2892
7	7.77859	40	3077
7	8.15643	45	3287
7	8.2	22	3315
7	8.25	24	3344
7	8.31344	25	3362
7	8.35	25	3366
7	8.4	25	3386
7	8.45	26	3399
7	8.5	27	3414
7	8.55	27	3432
7	8.6	14	3452
7	8.60065	15	3452
7	8.7	16	3479
7	8.75	8	3490
7	8.78523	10	3499
7	8.8	10	3500
7	8.9	5	3510
7	8.95	6	3516
7	9.05	3	3523
7	9.09404	5	3527
7	9.1	2	3528
7	9.2	2	3533
7	9.3049	5	3540
7	9.5223	10	3575
7	9.73971	15	3635
7	9.95711	20	3720
7	10.1745	25	3830
7	10.4096	30	3965
7	10.7002	35	4125
7	11.0379	40	4310
7	11.3969	45	4520
7	11.4	22	4524
7	11.45	24	4552
7	11.5	24	4561
7	11.55	24	4571
7	11.5692	25	4571
7	11.6	25	4582
7	11.65	25	4595
7	11.75	27	4635
7	11.8	14	4653
7	11.8011	15	4653
7	11.85	16	4671
7	11.9	16	4679
7	12	9	4703
7	12.0006	10	4703
7	12.05	5	4714
7	12.1	6	4719
7	12.2	3	4724
7	12.25	4	4727
7	12.2918	5	4728
7	12.35	2	4732
7	12.4	3	4735
7	12.4597	5	4739
7	12.6738	10	4774
7	12.8912	15	4834
7	13.1086	20	4919
7	13.326	25	5029
7	13.5611	30	5164
7	13.8517	35	5324
7	14.1894	40	5509
7	14.5484	45	5719
7	14.55	22	5721
7	14.6	24	5749
7	14.65	24	5758
7	14.7	24	5768
7	14.719	25	5768
7	14.75	25	5779
7	14.8	25	5792
7	14.9	27	5832
7	14.95	14	5850
7	14.9509	15	5850
7	15	16	5868
7	15.05	16	5876
7	15.15	9	5900
7	15.1506	10	5900
7	15.2	5	5911
7	15.25	6	5916
7	15.35	3	5921
7	15.4	4	5924
7	15.4418	5	5925
7	15.5	2	5929
7	15.55	3	5932
7	15.6097	5	5936
7	15.8227	10	5971
7	16.0358	15	6031
7	16.2489	20	6116
7	16.462	25	6226
7	16.6928	30	6361
7	16.9783	35	6521
7	17.2851	40	6706
7	17.663	45	6916
7	17.7	22	6943
7	17.75	24	6972
7	17.8191	25	6990
7	17.85	25	6992
7	17.9	25	7009
7	17.95	26	7027
7	18	27	7042
7	18.05	27	7060
7	18.1	14	7078
7	18.1006	15	7078
7	18.2	16	7107
7	18.25	8	7120
7	18.2869	10	7129
7	18.3	10	7130
7	18.4	5	7140
7	18.45	6	7146
7	18.55	3	7153
7	18.594	5	7157
7	18.6	2	7158
7	18.7	2	7163
7	18.8037	5	7170
7	19.0168	10	7205
7	19.2299	15	7265
7	19.4429	20	7350
7	19.656	25	7460
7	19.8911	30	7595
7	20.1817	35	7755
7	20.5194	40	7940
7	20.85	22	8129
7	20.9	24	8157
7	20.9868	25	8176
7	21	25	8177
7	21.05	25	8196
7	21.1	26	8211
7	21.15	26	8226
7	21.2	13	8245
7	21.2408	15	8259
7	21.25	15	8262
7	21.35	16	8276
7	21.4	16	8286
7	21.45	8	8298
7	21.4854	10	8307
7	21.55	10	8314
7	21.6	5	8320
7	21.7	3	8332
7	21.75	4	8336
7	21.7597	5	8336
7	21.85	3	8345
7	21.8858	5	8349
7	22.0989	10	8384
7	22.3144	15	8444
7	22.5318	20	8529
7	22.7492	25	8639
7	22.9807	30	8774
7	23.2663	35	8934
7	23.5731	40	9119
7	23.951	45	9329
7	24	22	9358
7	24.05	24	9387
7	24.1337	25	9405
7	24.15	25	9415
7	24.2	25	9427
7	24.25	26	9440
7	24.3	26	9455
7	24.35	27	9475
7	24.4	14	9500
7	24.4003	15	9500
7	24.5	16	9527
7	24.55	8	9536
7	24.5835	10	9545
7	24.6	10	9546
7	24.7	5	9558
7	24.75	6	9564
7	24.85	3	9571
7	24.9	4	9575
7	24.9047	5	9575
7	25	3	9584
7	25.0308	5	9588
7	25.2439	10	9623
7	25.457	15	9683
7	25.6727	20	9768
7	25.8901	25	9878
7	26.105	30	10013
7	27.25	2	10083
7	27.25	2	10083
7	27.25	2	10083
7	27.25	2	10083
7	27.25	2	10083
7	27.25	2	10083
7	27.275	5	10090
7	27.4041	10	10125
7	27.565	15	10185
7	27.7434	20	10270
7	27.9535	25	10380
7	28.226	30	10515
7	28.542	35	10675
7	28.8	19	10810
7	28.8007	20	10810
7	28.85	21	10835
7	28.9	21	10845
7	28.95	22	10856
7	29	22	10869
7	29.05	11	10890
7	29.1	13	10905
7	29.15	13	10912
7	29.2	7	10920
7	29.25	4	10929
7	29.2593	5	10929
7	29.3	5	10934
7	29.35	3	10937
7	29.4014	5	10941
7	29.45	3	10947
7	29.4875	5	10951
7	29.5	2	10952
7	29.55	2	10957
7	29.6128	5	10964
7	29.65	2	10968
7	29.6955	5	10975
7	29.7	3	10981
7	29.7398	5	10985
7	29.75	2	10990
7	29.785	5	10997
7	29.9145	10	11032
7	30.0807	15	11092
7	30.2495	20	11177
7	30.439	25	11287
7	30.6824	30	11422
7	30.9728	35	11582
7	31.2845	40	11767
7	31.4	20	11827
7	31.45	22	11855
7	31.5	22	11866
7	31.55	23	11878
7	31.6	24	11897
7	31.6488	25	11917
7	31.65	12	11919
7	31.7	14	11936
7	31.75	14	11944
7	31.7732	15	11946
7	31.8	15	11953
7	31.85	8	11964
7	31.8721	10	11973
7	31.95	5	11985
7	32	3	11993
7	32.0297	5	11997
7	32.05	2	11998
7	32.1	2	12002
7	32.1567	5	12009
7	32.2	3	12016
7	32.2403	5	12020
7	32.25	2	12023
7	32.3	2	12030
7	32.3638	5	12037
7	32.4	3	12045
7	32.409	5	12049
7	32.5368	10	12084
7	32.7005	15	12144
7	32.8675	20	12229
7	33.0519	25	12339
7	33.2663	30	12474
7	33.5515	35	12634
7	33.8581	40	12819
7	34.1	21	12958
7	34.1	21	12958
7	34.15	23	12987
7	34.2	23	12999
7	34.25	24	13012
7	34.3	24	13027
7	34.3087	25	13027
7	34.35	25	13043
7	34.4	13	13070
7	34.4378	15	13084
7	34.45	15	13089
7	34.5	15	13099
7	34.6	8	13122
7	34.61	10	13131
7	34.65	10	13135
7	34.7	5	13148
7	34.75	3	13157
7	34.7813	5	13161
7	34.85	3	13168
7	34.8665	5	13172
7	34.9	2	13174
7	34.9492	5	13181
7	34.95	2	13182
7	34.9935	5	13189
7	35.05	3	13201
7	35.0805	5	13205
7	35.1	3	13211
7	35.1239	5	13215
7	35.2543	10	13250
7	35.4231	15	13310
7	35.5945	20	13395
7	35.7857	25	13505
7	36.0291	30	13640
7	36.2939	35	13800
7	36.6312	40	13985
7	36.75	20	14058
7	36.8	22	14086
7	36.85	22	14097
7	36.9	23	14109
7	36.95	23	14123
7	37	24	14144
7	37.004	25	14148
7	37.05	12	14168
7	37.1	14	14186
7	37.15	14	14195
7	37.1693	15	14195
7	37.2	15	14205
7	37.25	8	14217
7	37.2605	10	14226
7	37.3	5	14231
7	37.4	4	14247
7	37.4006	5	14247
7	37.45	3	14254
7	37.4711	5	14258
7	37.5	2	14260
7	37.5537	5	14267
7	37.6	3	14278
7	37.6381	5	14282
7	37.65	2	14286
7	37.6833	5	14293
7	37.7	2	14294
7	37.7259	5	14301
7	37.8554	10	14336
7	38.0216	15	14396
7	38.1904	20	14481
7	38.3679	25	14591
7	38.5976	30	14726
7	38.8495	35	14886
7	39.1458	40	15071
7	39.4866	45	15281
7	39.5	22	15297
7	39.55	24	15329
7	39.55	24	15329
7	39.6	24	15343
7	39.6187	25	15344
7	39.65	25	15358
7	39.7	26	15375
7	39.75	27	15403
7	39.8	14	15429
7	39.8006	15	15429
7	39.85	16	15451
7	39.95	8	15476
7	39.9665	10	15485
7	40	10	15489
7	40.05	5	15500
7	40.1	3	15509
7	40.1335	5	15513
7	40.15	2	15515
7	40.2179	5	15522
7	40.25	2	15525
7	40.3	2	15531
7	40.3432	5	15538
7	40.35	3	15544
7	40.3875	5	15548
7	40.45	3	15562
7	40.4719	5	15566
7	40.5997	10	15601
7	40.7668	15	15661
7	40.9382	20	15746
7	41.1278	25	15856
7	41.3712	30	15991
7	41.6359	35	16151
7	41.9732	40	16336
7	42.1	20	16410
7	42.15	22	16438
7	42.2	22	16449
7	42.25	23	16461
7	42.3	24	16480
7	42.3486	25	16500
7	42.35	12	16502
7	42.4	14	16519
7	42.45	14	16527
7	42.473	15	16529
7	42.5	15	16536
7	42.55	8	16547
7	42.5702	10	16556
7	42.6	5	16559
7	42.65	3	16566
7	42.6679	5	16570
7	42.75	3	16576
7	42.7893	5	16580
7	42.8	2	16583
7	42.85	2	16588
7	42.9	2	16593
7	42.958	5	16600
7	43	3	16608
7	43.0046	5	16612
7	43.05	3	16624
7	43.0876	5	16628
7	43.2155	10	16663
7	43.3808	15	16723
7	43.5496	20	16808
7	43.7331	25	16918
7	43.9475	30	17053
7	44.2327	35	17213
7	44.5393	40	17398
7	44.75	21	17521
7	44.8	23	17550
7	44.85	23	17562
7	44.85	23	17562
7	44.9	24	17576
7	44.9352	25	17590
7	44.95	25	17592
7	45	13	17618
7	45.0395	15	17632
7	45.05	15	17637
7	45.15	8	17657
7	45.1699	10	17666
7	45.2	5	17668
7	45.25	6	17674
7	45.3	3	17681
7	45.3387	5	17685
7	45.35	2	17686
7	45.4239	5	17693
7	45.45	2	17694
7	45.5	2	17699
7	45.5492	5	17706
7	45.55	2	17707
7	45.5926	5	17714
7	45.65	3	17724
7	45.6762	5	17728
7	45.7	2	17733
7	45.7213	5	17740
7	45.8509	10	17775
7	46.0192	15	17835
7	46.1922	20	17920
7	46.3756	25	18030
7	46.6105	30	18165
7	46.8667	35	18325
7	47.1681	40	18510
7	47.45	21	18673
7	47.5	23	18703
7	47.55	23	18715
7	47.6	24	18736
7	47.6352	25	18742
7	47.65	25	18751
7	47.7	13	18768
7	47.7256	15	18782
7	47.75	15	18786
7	47.8	15	18795
7	47.85	8	18807
7	47.8901	10	18816
7	47.9	5	18818
7	47.95	6	18824
7	48	3	18828
7	48.0335	5	18832
7	48.1	2	18837
7	48.15	2	18842
7	48.2	2	18846
7	48.244	5	18853
7	48.3	3	18861
7	48.3267	5	18865
7	48.35	2	18869
7	48.3719	5	18876
7	48.4	2	18878
7	48.4154	5	18885
7	48.5625	10	18920
7	48.7111	15	18980
7	48.8799	20	19065
7	49.0677	25	19175
7	49.3111	30	19310
7	49.6015	35	19470
7	49.9311	40	19655
7	50.05	21	19742
7	50.1	23	19773
7	50.15	23	19787
7	50.2	24	19805
7	50.2055	25	19811
7	50.25	25	19831
7	50.3	13	19853
7	50.3334	15	19867
7	50.35	15	19873
7	50.4	8	19884
7	50.422	10	19893
7	50.45	5	19896
7	50.5	3	19903
7	50.5179	5	19907
7	50.55	2	19909
7	50.6334	5	19916
7	50.65	2	19919
7	50.7	2	19924
7	50.75	2	19929
7	50.8	2	19935
7	50.8422	5	19942
7	50.9	3	19960
7	50.9364	5	19964
7	51.0678	10	19999
7	51.2206	15	20059
7	51.3877	20	20144
7	52.45	2	20166
7	52.45	2	20166
7	52.45	2	20166
7	52.45	2	20166
7	52.45	2	20166
7	52.45	2	20166
7	52.45	2	20166
7	52.45	2	20166
7	52.45	2	20166
7	52.45	2	20166
7	52.45	2	20166
7	52.45	2	20166
7	52.45	2	20166
7	52.45	2	20166
7	52.45	2	20166
7	52.45	2	20166
7	52.45	2	20166
7	52.45	2	20166
7	52.45	2	20166
7	52.4896	5	20173
7	52.6131	10	20208
7	52.8891	15	20268
7	53.259	20	20353
7	53.55	11	20413
7	53.55	11	20413
7	53.6	12	20424
7	53.65	13	20428
7	53.7	13	20435
7	53.75	7	20445
7	53.8	8	20453
7	53.85	4	20457
7	53.8688	5	20457
7	53.9	5	20462
7	54	3	20471
7	54.0392	5	20475
7	54.05	2	20476
7	54.1245	5	20483
7	54.15	2	20484
7	54.2	2	20489
7	54.2497	5	20496
7	54.3	3	20507
7	54.335	5	20511
7	54.4	3	20523
7	54.4193	5	20527
7	54.5	3	20543
7	54.5046	5	20547
7	54.6324	10	20582
7	54.7961	15	20642
7	54.9641	20	20727
7	55.1502	25	20837
7	55.3646	30	20972
7	55.6498	35	21132
7	55.9564	40	21317
7	56.2	21	21458
7	56.2	21	21458
7	56.25	23	21488
7	56.3	23	21501
7	56.35	24	21515
7	56.3703	25	21527
7	56.4	25	21531
7	56.45	13	21557
7	56.4887	15	21571
7	56.5	15	21576
7	56.55	15	21586
7	56.6	8	21597
7	56.6191	10	21606
7	56.65	5	21609
7	56.75	4	21623
7	56.7506	5	21623
7	56.8	3	21629
7	56.8305	5	21633
7	56.85	2	21634
7	56.9	2	21639
7	56.9558	5	21646
7	57	3	21655
7	57.0393	5	21659
7	57.05	2	21664
7	57.0853	5	21671
7	57.1	2	21672
7	57.1279	5	21679
7	57.2575	10	21714
7	57.4237	15	21774
7	57.5924	20	21859
7	57.7734	25	21969
7	58.0083	30	22104
7	58.2644	35	22264
7	58.5659	40	22449
7	58.85	21	22614
7	58.9	23	22644
7	58.95	23	22656
7	59	24	22675
7	59.0352	25	22683
7	59.05	25	22690
7	59.1	25	22707
7	59.15	13	22732
7	59.187	15	22746
7	59.2	15	22751
7	59.25	15	22761
7	59.3	8	22772
7	59.3191	10	22781
7	59.35	5	22784
7	59.4	3	22791
7	59.4179	5	22795
7	59.5	3	22801
7	59.5349	5	22805
7	59.55	2	22808
7	59.6	2	22813
7	59.65	2	22818
7	59.7028	5	22825
7	59.75	3	22834
7	59.7554	5	22838
7	59.8	3	22849
7	59.8372	5	22853
7	59.9642	10	22888
7	60.1263	15	22948
7	60.2976	20	23033
7	60.4889	25	23143
7	60.7323	30	23278
7	60.9971	35	23438
7	61.3344	40	23623
7	61.45	20	23696
7	61.5	22	23724
7	61.55	22	23735
7	61.6	23	23747
7	61.65	23	23761
7	61.7	24	23778
7	61.7072	25	23786
7	61.75	12	23803
7	61.8	14	23821
7	61.85	14	23830
7	61.87	15	23830
7	61.9	15	23840
7	61.95	8	23852
7	61.9612	10	23861
7	62	5	23865
7	62.1	4	23882
7	62.1006	5	23882
7	62.15	3	23889
7	62.1717	5	23893
7	62.2	2	23896
7	62.2552	5	23903
7	62.3	3	23913
7	62.3396	5	23917
7	62.35	2	23921
7	62.3847	5	23928
7	62.4	2	23929
7	62.4274	5	23936
7	62.5569	10	23971
7	62.7259	15	24031
7	62.8989	20	24116
7	63.0798	25	24226
7	63.3138	30	24361
7	63.57	35	24521
7	63.8714	40	24706
7	64.15	21	24865
7	64.2	23	24895
7	64.25	23	24907
7	64.3	24	24928
7	64.3352	25	24934
7	64.35	25	24947
7	64.4	13	24964
7	64.4299	15	24978
7	64.45	15	24982
7	64.5	15	24991
7	64.55	8	25001
7	64.577	10	25010
7	64.6	5	25013
7	64.65	6	25019
7	64.7	3	25023
7	64.7335	5	25027
7	64.8	3	25033
7	64.8349	5	25037
7	64.85	2	25038
7	64.9	2	25043
7	64.9602	5	25050
7	65	2	25055
7	65.0438	5	25062
7	65.05	3	25068
7	65.0884	5	25072
7	65.1	2	25077
7	65.1344	5	25084
7	65.2657	10	25119
7	65.4353	15	25179
7	65.6075	20	25264
7	65.7944	25	25374
7	66.0336	30	25509
7	66.294	35	25669
7	66.6254	40	25854
7	66.8	21	25963
7	66.85	23	25992
7	66.9	23	26004
7	66.95	24	26017
7	67	24	26032
7	67.0008	25	26032
7	67.05	25	26056
7	67.1	13	26080
7	67.1364	15	26094
7	67.15	15	26099
7	67.2	15	26109
7	67.25	8	26120
7	67.2659	10	26129
7	67.3	5	26132
7	67.4	4	26146
7	67.4006	5	26146
7	67.45	3	26152
7	67.4773	5	26156
7	67.5	2	26157
7	67.55	2	26162
7	67.6026	5	26169
7	67.65	3	26180
7	67.6878	5	26184
7	67.7	2	26188
7	67.733	5	26195
7	67.8	3	26205
7	67.8157	5	26209
7	67.947	10	26244
7	68.1149	15	26304
7	68.2862	20	26389
7	68.4758	25	26499
7	68.7192	30	26634
7	68.9839	35	26794
7	69.3213	40	26979
7	69.45	20	27052
7	69.5	22	27080
7	69.55	22	27091
7	69.6	23	27103
7	69.65	24	27124
7	69.6963	25	27142
7	69.7	12	27144
7	69.75	14	27161
7	69.8	14	27169
7	69.8208	15	27171
7	69.85	15	27178
7	69.9	8	27189
7	69.92	10	27198
7	69.95	5	27202
7	70	3	27209
7	70.0338	5	27213
7	70.1	2	27218
7	70.15	2	27222
7	70.2	2	27226
7	70.2435	5	27233
7	70.3	3	27244
7	70.3287	5	27248
7	70.35	2	27252
7	70.3739	5	27259
7	70.4	2	27260
7	70.4165	5	27267
7	70.5461	10	27302
7	70.7123	15	27362
7	70.881	20	27447
7	71.062	25	27557
7	71.2968	30	27692
7	71.553	35	27852
7	71.8467	40	28037
7	72.1075	45	28247
7	72.15	22	28284
7	72.2	24	28321
7	72.2285	25	28331
7	72.25	25	28339
7	72.25	25	28339
7	72.3	26	28360
7	72.35	27	28389
7	72.4	14	28423
7	72.4007	15	28423
7	72.45	16	28449
7	72.55	9	28482
7	72.5567	10	28482
7	72.6	5	28500
7	72.65	3	28513
7	72.6538	5	28517
7	72.7	3	28528
7	72.7374	5	28532
7	72.75	2	28537
7	72.7825	5	28544
7	72.913	10	28579
7	73.0791	15	28639
7	73.2479	20	28724
7	73.4296	25	28834
7	73.6635	30	28969
7	73.9205	35	29129
7	74.2218	40	29314
7	74.5	21	29473
7	74.55	23	29503
7	74.6	23	29515
7	74.65	24	29536
7	74.6852	25	29542
7	74.7	25	29555
7	74.75	13	29572
7	74.7799	15	29586
7	74.8	15	29590
7	74.85	15	29599
7	74.9	8	29609
7	74.9261	10	29618
7	74.95	5	29621
7	75	6	29627
7	75.05	3	29631
7	75.0835	5	29635
7	75.15	3	29641
7	75.1867	5	29645
7	75.2	2	29646
7	75.25	2	29651
7	75.3119	5	29658
7	75.35	2	29663
7	75.3955	5	29670
7	75.4	3	29676
7	75.4398	5	29680
7	75.45	2	29685
7	75.485	5	29692
7	75.6145	10	29727
7	75.7825	15	29787
7	75.9555	20	29872
7	76.1467	25	29982
7	76.39	30	30117
7	77.65	2	30249
7	77.65	2	30249
7	77.65	2	30249
7	77.65	2	30249
7	77.65	2	30249
7	77.65	2	30249
7	77.65	2	30249
7	77.6726	5	30256
7	77.7386	10	30291
7	77.8188	15	30351
7	77.9023	20	30436
7	77.9966	25	30546
7	78.1118	30	30681
7	78.2484	35	30841
7	78.4063	40	31026
7	78.5856	45	31236
7	78.7861	50	31471
7	79.0081	55	31731
7	79.15	28	31898
7	79.15	28	31898
7	79.1754	30	31927
7	79.2	30	31940
7	79.2	30	31940
7	79.25	31	31963
7	79.25	31	31963
7	79.3	32	31994
7	79.35	33	32034
7	79.35	33	32034
7	79.4	34	32078
7	79.4102	35	32087
7	79.45	18	32128
7	79.45	18	32128
7	79.4686	20	32147
7	79.5	20	32160
7	79.55	21	32183
7	79.55	21	32183
7	79.6	11	32218
7	79.65	13	32239
7	79.7	7	32254
7	79.75	4	32268
7	79.75	4	32268
7	79.7544	5	32268
7	79.8	3	32274
7	79.8338	5	32278
7	79.85	2	32279
7	79.8981	5	32286
7	79.9	2	32287
7	79.9416	5	32294
7	79.95	2	32295
7	79.9834	5	32302
7	80	2	32305
7	80.0251	5	32312
7	80.05	3	32323
7	80.0686	5	32327
7	80.1	3	32339
7	80.1112	5	32343
7	80.15	3	32359
7	80.1547	5	32363
7	80.2199	10	32398
7	80.3	15	32458
7	80.3835	20	32543
7	80.4778	25	32653
7	80.593	30	32788
7	80.7296	35	32948
7	80.8875	40	33133
7	81.0668	45	33343
7	81.2674	50	33578
7	81.4893	55	33838
7	81.6	28	33968
7	81.625	30	33997
7	81.65	30	34009
7	81.65	30	34009
7	81.7	31	34030
7	81.75	31	34056
7	81.75	31	34056
7	81.8	33	34093
7	81.8	33	34093
7	81.85	34	34132
7	81.8782	35	34157
7	81.9	17	34179
7	81.9	17	34179
7	81.95	19	34207
7	81.98	20	34216
7	82	20	34223
7	82	20	34223
7	82.05	21	34253
7	82.1	11	34282
7	82.15	13	34303
7	82.15	13	34303
7	82.1973	15	34321
7	82.2	7	34325
7	82.25	9	34340
7	82.2625	10	34342
7	82.3	5	34353
7	82.35	4	34368
7	82.3544	5	34368
7	82.4	3	34380
7	82.4	3	34380
7	82.4188	5	34384
7	82.45	3	34392
7	82.4614	5	34396
7	82.5	3	34408
7	82.5057	5	34412
7	82.55	3	34430
7	82.5608	5	34434
7	82.6	3	34450
7	82.6084	5	34454
7	82.6727	10	34489
7	82.7496	15	34549
7	82.8334	20	34634
7	82.9286	25	34744
7	83.0438	30	34879
7	83.1804	35	35039
7	83.3383	40	35224
7	83.5175	45	35434
7	83.7181	50	35669
7	83.9401	55	35929
7	84.05	28	36058
7	84.0749	30	36087
7	84.1	30	36099
7	84.1	30	36099
7	84.15	31	36120
7	84.2	31	36146
7	84.2	31	36146
7	84.25	33	36183
7	84.25	33	36183
7	84.3	34	36222
7	84.3281	35	36247
7	84.35	17	36269
7	84.35	17	36269
7	84.4	19	36297
7	84.4299	20	36306
7	84.45	20	36314
7	84.45	20	36314
7	84.5	21	36343
7	84.55	11	36372
7	84.6	13	36393
7	84.6	13	36393
7	84.6473	15	36411
7	84.65	7	36415
7	84.7	9	36430
7	84.7125	10	36432
7	84.75	5	36443
7	84.8	4	36458
7	84.8044	5	36458
7	84.85	3	36470
7	84.85	3	36470
7	84.8688	5	36474
7	84.9	3	36482
7	84.9114	5	36486
7	84.95	3	36498
7	84.9557	5	36502
7	85	3	36520
7	85.0108	5	36524
7	85.05	3	36540
7	85.0584	5	36544
7	85.1227	10	36579
7	85.1996	15	36639
7	85.2834	20	36724
7	85.3786	25	36834
7	85.4938	30	36969
7	85.6304	35	37129
7	85.7883	40	37314
7	85.9675	45	37524
7	86.1681	50	37759
7	86.3901	55	38019
7	86.5	28	38148
7	86.5249	30	38177
7	86.55	30	38189
7	86.55	30	38189
7	86.6	31	38210
7	86.65	31	38236
7	86.65	31	38236
7	86.7	33	38273
7	86.7	33	38273
7	86.75	34	38312
7	86.7781	35	38337
7	86.8	17	38359
7	86.8	17	38359
7	86.85	19	38387
7	86.8799	20	38396
7	86.9	20	38404
7	86.9	20	38404
7	86.95	21	38433
7	87	11	38462
7	87.05	13	38483
7	87.05	13	38483
7	87.0973	15	38501
7	87.1	7	38505
7	87.15	9	38520
7	87.1625	10	38522
7	87.2	5	38533
7	87.25	4	38548
7	87.2544	5	38548
7	87.3	3	38560
7	87.3	3	38560
7	87.3188	5	38564
7	87.35	3	38572
7	87.3614	5	38576
7	87.4	3	38588
7	87.4057	5	38592
7	87.45	3	38610
7	87.4608	5	38614
7	87.5	3	38630
7	87.5084	5	38634
7	87.5727	10	38669
7	87.6496	15	38729
7	87.7334	20	38814
7	87.8286	25	38924
7	87.9438	30	39059
7	88.0804	35	39219
7	88.2383	40	39404
7	88.4175	45	39614
7	88.6181	50	39849
7	88.8401	55	40109
7	88.95	28	40238
7	88.9749	30	40267
7	89	30	40279
7	89	30	40279
7	89.05	31	40300
7	89.1	31	40326
7	89.1	31	40326
7	90.1497	10	40336
7	90.15	10	40337
7	90.15	10	40337
7	90.15	10	40337
7	90.15	10	40337
7	90.15	10	40337
7	90.15	10	40337
7	90.1743	15	40341
7	90.1906	20	40346
7	90.1949	25	40351
7	90.3465	30	40462
7	90.529	35	40622
7	90.7106	40	40807
7	90.8982	45	41017
7	91.0992	50	41252
7	91.3215	55	41512
7	91.5653	60	41797
7	91.8304	65	42107
7	92.1169	70	42442
7	92.25	36	42598
7	92.3	38	42656
7	92.35	39	42682
7	92.4	39	42710
7	92.4064	40	42712
7	92.45	40	42744
7	92.5	41	42783
7	92.55	42	42825
7	92.6	43	42868
7	92.65	22	42906
7	92.7	24	42944
7	92.721	25	42953
7	92.75	25	42964
7	92.8	26	42990
7	92.85	13	43023
7	92.8829	15	43037
7	92.9	15	43048
7	92.95	16	43063
7	93	8	43080
7	93.0142	10	43089
7	93.1	6	43115
7	93.15	4	43131
7	93.1506	5	43131
7	93.2	3	43143
7	93.2248	5	43147
7	93.25	3	43154
7	93.2683	5	43158
7	93.3927	10	43193
7	93.5266	15	43253
7	93.6919	20	43338
7	93.8616	25	43448
7	94.0355	30	43583
7	94.2145	35	43743
7	94.4028	40	43928
7	94.5897	45	44138
7	94.7907	50	44373
7	95.013	55	44633
7	95.2568	60	44918
7	95.5219	65	45228
7	95.8084	70	45563
7	95.95	36	45729
7	96	38	45787
7	96.05	39	45813
7	96.1	39	45841
7	96.1064	40	45843
7	96.15	40	45875
7	96.2	41	45914
7	96.25	42	45956
7	96.3	43	45999
7	96.35	22	46037
7	96.4	24	46075
7	96.421	25	46084
7	96.45	25	46095
7	96.5	26	46121
7	96.55	13	46154
7	96.583	15	46168
7	96.6	15	46179
7	96.65	16	46194
7	96.7	8	46211
7	96.7143	10	46220
7	96.75	10	46229
7	96.85	7	46268
7	96.9	4	46285
7	96.9214	5	46285
7	96.95	3	46298
7	96.9692	5	46302
7	97.0936	10	46337
7	97.2275	15	46397
7	97.3928	20	46482
7	97.5616	25	46592
7	97.7355	30	46727
7	97.9146	35	46887
7	98.102	40	47072
7	98.288	45	47282
7	98.489	50	47517
7	98.7114	55	47777
7	98.9551	60	48062
7	99.2202	65	48372
7	99.5067	70	48707
7	99.65	36	48875
7	99.7	38	48933
7	99.75	39	48959
7	99.8	39	48987
7	99.8065	40	48989
7	99.85	40	49021
7	99.9	41	49060
7	99.95	42	49102
7	100	43	49145
7	100.05	22	49183
7	100.1	24	49221
7	100.121	25	49230
7	100.15	25	49241
7	100.2	26	49267
7	100.25	13	49300
7	100.287	15	49314
7	100.3	15	49325
7	100.35	16	49340
7	100.4	8	49357
7	100.426	10	49366
7	100.45	10	49375
7	100.55	6	49404
7	100.6	4	49421
7	100.601	5	49421
7	100.65	4	49440
7	100.666	5	49440
7	100.774	10	49475
7	100.953	15	49535
7	101.162	20	49620
7	101.437	25	49730
7	101.693	30	49865
7	101.95	17	50017
7	102	19	50045
7	102	19	50045
7	102.031	20	50054
7	102.05	20	50061
7	102.1	10	50079
7	102.15	12	50098
7	102.2	6	50111
7	102.25	4	50128
7	102.251	5	50128
7	102.3	3	50138
7	102.331	5	50142
7	102.498	10	50177
7	102.669	15	50237
7	102.8	9	50296
7	102.801	10	50296
7	102.85	6	50319
7	102.929	10	50343
7	102.95	5	50349
7	103.051	10	50379
7	104.15	5	50415
7	104.15	5	50415
7	104.15	5	50415
7	104.15	5	50415
7	104.15	5	50415
7	104.15	5	50415
7	104.15	5	50415
7	104.15	5	50415
7	104.15	5	50415
7	104.15	5	50415
7	104.15	5	50415
7	104.15	5	50415
7	104.162	10	50419
7	104.174	15	50424
7	104.183	20	50429
7	104.187	25	50434
7	104.286	30	50545
7	104.422	35	50705
7	104.58	40	50890
7	104.759	45	51100
7	104.96	50	51335
7	105.182	55	51595
7	105.2	27	51617
7	105.29	30	51674
7	105.35	30	51701
7	105.35	30	51701
7	105.4	31	51733
7	105.4	31	51733
7	105.45	32	51765
7	105.5	17	51807
7	105.5	17	51807
7	105.55	19	51832
7	105.55	19	51832
7	105.584	20	51844
7	105.6	20	51848
7	105.65	10	51876
7	105.65	10	51876
7	105.7	12	51890
7	105.75	6	51900
7	105.8	7	51907
7	105.8	7	51907
7	105.85	4	51916
7	105.863	5	51916
7	105.9	3	51923
7	105.933	5	51927
7	105.95	2	51928
7	105.997	5	51935
7	106	2	51936
7	106.041	5	51943
7	106.05	2	51944
7	106.05	2	51944
7	106.082	5	51951
7	106.1	2	51955
7	106.123	5	51962
7	106.15	3	51977
7	106.167	5	51981
7	106.2	3	51997
7	106.211	5	52001
7	106.276	10	52036
7	106.356	15	52096
7	106.439	20	52181
7	106.534	25	52291
7	106.649	30	52426
7	106.785	35	52586
7	106.943	40	52771
7	107.123	45	52981
7	107.323	50	53216
7	107.545	55	53476
7	107.65	28	53599
7	107.675	30	53628
7	107.7	30	53640
7	107.75	31	53659
7	107.75	31	53659
7	107.8	31	53685
7	107.8	31	53685
7	107.85	33	53722
7	107.85	33	53722
7	107.9	34	53761
7	107.93	35	53788
7	107.95	17	53808
7	107.95	17	53808
7	108	19	53836
7	108.03	20	53845
7	108.05	20	53853
7	108.05	20	53853
7	108.1	21	53882
7	108.15	11	53911
7	108.2	13	53932
7	108.249	15	53950
7	108.25	7	53952
7	108.25	7	53952
7	108.3	9	53966
7	108.313	10	53969
7	108.35	5	53979
7	108.4	4	53994
7	108.404	5	53994
7	108.45	3	54005
7	108.463	5	54009
7	108.5	3	54015
7	108.5	3	54015
7	108.505	5	54019
7	108.55	3	54036
7	108.568	5	54040
7	108.6	3	54053
7	108.612	5	54057
7	108.65	3	54073
7	108.655	5	54077
7	108.72	10	54112
7	108.8	15	54172
7	108.884	20	54257
7	108.978	25	54367
7	109.093	30	54502
7	109.23	35	54662
7	109.388	40	54847
7	109.567	45	55057
7	109.768	50	55292
7	109.99	55	55552
7	110.1	28	55682
7	110.125	30	55711
7	110.15	30	55723
7	110.15	30	55723
7	110.2	31	55744
7	110.25	31	55770
7	110.25	31	55770
7	110.3	33	55806
7	110.3	33	55806
7	110.35	34	55846
7	110.379	35	55871
7	110.4	17	55892
7	110.4	17	55892
7	110.45	19	55920
7	110.48	20	55929
7	110.5	20	55937
7	110.5	20	55937
7	110.55	21	55967
7	110.6	11	55995
7	110.65	13	56016
7	110.65	13	56016
7	110.697	15	56034
7	110.7	7	56038
7	110.75	9	56053
7	110.762	10	56055
7	110.8	5	56066
7	110.85	4	56081
7	110.854	5	56081
7	110.9	3	56093
7	110.9	3	56093
7	110.919	5	56097
7	110.95	3	56105
7	110.961	5	56109
7	111	3	56121
7	111.006	5	56125
7	111.05	3	56143
7	111.06	5	56147
7	111.1	3	56163
7	111.108	5	56167
7	111.173	10	56202
7	111.249	15	56262
7	111.333	20	56347
7	111.429	25	56457
7	111.544	30	56592
7	111.68	35	56752
7	111.838	40	56937
7	112.018	45	57147
7	112.218	50	57382
7	112.44	55	57642
7	112.55	28	57771
7	112.575	30	57800
7	112.6	30	57812
7	112.6	30	57812
7	112.65	31	57833
7	112.7	31	57859
7	112.7	31	57859
7	112.75	33	57896
7	112.75	33	57896
7	112.8	34	57935
7	112.828	35	57960
7	112.85	17	57982
7	112.85	17	57982
7	112.9	19	58010
7	112.93	20	58019
7	112.95	20	58027
7	112.95	20	58027
7	113	21	58056
7	113.05	11	58085
7	113.1	13	58106
7	113.1	13	58106
7	113.147	15	58124
7	113.15	7	58128
7	113.2	9	58143
7	113.212	10	58145
7	113.25	5	58156
7	113.3	4	58171
7	113.304	5	58171
7	113.35	3	58183
7	113.35	3	58183
7	113.369	5	58187
7	113.4	3	58195
7	113.411	5	58199
7	113.45	3	58211
7	113.456	5	58215
7	113.5	3	58233
7	113.511	5	58237
7	113.55	3	58253
7	113.558	5	58257
7	113.623	10	58292
7	113.7	15	58352
7	113.783	20	58437
7	113.879	25	58547
7	113.994	30	58682
7	114.13	35	58842
7	114.288	40	59027
7	114.468	45	59237
7	114.668	50	59472
7	114.89	55	59732
7	115	28	59861
7	115.025	30	59890
7	115.05	30	59902
7	115.05	30	59902
7	115.1	31	59923
7	115.15	31	59949
7	115.15	31	59949
7	115.2	33	59986
7	115.2	33	59986
7	115.25	34	60025
7	115.278	35	60050
7	115.3	17	60072
7	115.3	17	60072
7	115.35	19	60100
7	115.38	20	60109
7	115.4	20	60117
7	115.4	20	60117
7	115.45	21	60146
7	115.5	11	60175
7	115.55	13	60196
7	115.55	13	60196
7	115.597	15	60214
7	115.6	7	60218
7	115.65	9	60233
7	115.662	10	60235
7	115.7	5	60246
7	115.75	4	60261
7	115.754	5	60261
7	115.8	3	60273
7	115.8	3	60273
7	115.819	5	60277
7	115.85	3	60285
7	115.861	5	60289
7	115.9	3	60301
7	115.906	5	60305
7	115.95	3	60323
7	115.961	5	60327
7	116	3	60343
7	116.008	5	60347
7	116.073	10	60382
7	116.15	15	60442
7	117.25	4	60501
7	117.25	4	60501
7	117.25	4	60501
7	117.25	4	60501
7	117.25	4	60501
7	117.25	4	60501
7	117.25	5	60501
7	117.374	10	60536
7	117.527	15	60596
7	117.676	20	60681
7	117.851	25	60791
7	118.061	30	60926
7	118.284	35	61086
7	118.561	40	61271
7	118.863	45	61481
7	119.05	23	61606
7	119.071	25	61630
7	119.1	25	61641
7	119.1	25	61641
7	119.15	26	61657
7	119.2	27	61682
7	119.25	27	61708
7	119.3	28	61729
7	119.35	14	61754
7	119.351	15	61754
7	119.4	16	61778
7	119.45	17	61791
7	119.55	9	61832
7	119.553	10	61832
7	119.6	11	61849
7	119.65	6	61860
7	119.7	4	61872
7	119.708	5	61872
7	119.75	3	61881
7	119.755	5	61885
7	119.85	4	61905
7	119.851	5	61905
7	119.9	3	61916
7	119.923	5	61920
7	119.95	3	61926
7	119.965	5	61930
7	120.09	10	61965
7	120.224	15	62025
7	120.389	20	62110
7	120.566	25	62220
7	120.774	30	62355
7	121.026	35	62515
7	121.322	40	62700
7	121.65	22	62895
7	121.7	24	62926
7	121.7	24	62926
7	121.75	24	62940
7	121.753	25	62942
7	121.8	25	62961
7	121.85	26	62978
7	121.9	13	62997
7	121.921	15	63011
7	121.95	15	63017
7	122	16	63027
7	122.05	8	63045
7	122.089	10	63054
7	122.15	5	63065
7	122.2	3	63073
7	122.22	5	63077
7	122.25	2	63078
7	122.3	2	63082
7	122.347	5	63089
7	122.35	2	63091
7	122.429	5	63098
7	122.45	2	63103
7	122.5	2	63110
7	122.55	2	63117
7	122.561	5	63124
7	122.65	4	63146
7	122.68	5	63146
7	122.773	10	63181
7	122.935	15	63241
7	123.077	20	63326
7	123.262	25	63436
7	123.501	30	63571
7	123.787	35	63731
7	124.094	40	63916
7	124.25	21	64013
7	124.3	23	64042
7	124.35	23	64054
7	124.4	24	64067
7	124.45	24	64082
7	124.459	25	64082
7	124.5	25	64098
7	124.55	13	64124
7	124.588	15	64138
7	124.6	15	64143
7	124.65	15	64153
7	124.7	8	64164
7	124.718	10	64173
7	124.75	5	64176
7	124.8	3	64183
7	124.819	5	64187
7	124.85	2	64188
7	124.9	2	64192
7	124.947	5	64199
7	125	3	64207
7	125.031	5	64211
7	125.05	2	64214
7	125.1	2	64221
7	125.155	5	64228
7	125.2	3	64241
7	125.204	5	64245
7	125.25	3	64256
7	125.283	5	64260
7	125.408	10	64295
7	125.542	15	64355
7	125.708	20	64440
7	125.89	25	64550
7	126.101	30	64685
7	126.381	35	64845
7	126.683	40	65030
7	126.9	21	65167
7	126.95	23	65197
7	127	23	65209
7	127.05	24	65222
7	127.093	25	65236
7	127.1	25	65237
7	127.15	25	65259
7	127.2	13	65285
7	127.238	15	65299
7	127.25	15	65304
7	127.3	15	65314
7	127.35	8	65325
7	127.368	10	65334
7	127.4	5	65337
7	127.45	3	65344
7	127.47	5	65348
7	127.5	2	65349
7	127.55	2	65353
7	127.597	5	65360
7	127.65	3	65368
7	127.681	5	65372
7	127.7	2	65375
7	127.75	2	65382
7	127.805	5	65389
7	127.85	3	65402
7	127.854	5	65406
7	127.9	3	65417
7	127.933	5	65421
7	128.058	10	65456
7	128.192	15	65516
7	128.357	20	65601
7	128.539	25	65711
7	128.75	30	65846
7	129.031	35	66006
7	129.332	40	66191
7	129.55	21	66328
7	129.6	23	66358
7	129.65	23	66370
7	129.7	24	66383
7	129.743	25	66397
7	129.75	25	66398
7	129.8	25	66421
7	129.8	25	66421
7	129.9	13	66468
7	129.929	15	66482
7	129.95	15	66489
7	130	16	66500
7	130.05	16	66513
7	130.1	9	66534
7	130.1	10	66534
7	130.15	5	66550
7	130.2	3	66560
7	130.226	5	66564
7	130.3	3	66573
7	130.311	5	66577
7	130.35	2	66580
7	130.393	5	66587
7	130.4	3	66594
7	130.438	5	66598
7	130.5	3	66612
7	130.522	5	66616
7	130.55	3	66623
7	130.566	5	66627
7	130.69	10	66662
7	130.824	15	66722
7	130.989	20	66807
7	131.174	25	66917
7	131.385	30	67052
7	131.666	35	67212
7	131.967	40	67397
7	132.2	21	67535
7	132.25	23	67566
7	132.3	23	67579
7	132.35	24	67601
7	132.35	24	67601
7	132.353	25	67604
7	132.4	25	67623
7	132.45	13	67642
7	132.479	15	67656
7	132.5	15	67662
7	132.6	8	67685
7	132.61	10	67694
7	132.65	5	67699
7	132.7	3	67707
7	132.737	5	67711
7	132.75	2	67712
7	132.8	2	67716
7	132.85	2	67720
7	132.905	5	67727
7	132.95	3	67738
7	132.99	5	67742
7	133	2	67746
7	133.035	5	67753
7	133.05	2	67754
7	133.078	5	67761
7	133.15	3	67773
7	133.16	5	67777
7	133.284	10	67812
7	133.418	15	67872
7	133.583	20	67957
7	133.764	25	68067
7	133.976	30	68202
7	134.256	35	68362
7	134.55	40	68547
7	134.8	22	68746
7	134.85	24	68782
7	134.879	25	68793
7	134.9	25	68800
7	134.9	25	68800
7	134.95	26	68827
7	135	13	68851
7	135.026	15	68865
7	135.05	15	68875
7	135.1	16	68889
7	135.15	8	68906
7	135.158	10	68915
7	135.25	6	68942
7	135.3	4	68955
7	135.324	5	68955
7	135.35	3	68965
7	135.371	5	68969
7	135.4	2	68974
7	135.416	5	68981
7	135.45	2	68983
7	135.458	5	68990
7	135.587	10	69025
7	135.746	15	69085
7	135.894	20	69170
7	136.072	25	69280
7	136.295	30	69415
7	136.547	35	69575
7	136.844	40	69760
7	137.15	22	69951
7	137.2	24	69982
7	137.2	24	69982
7	137.25	24	69996
7	137.271	25	69998
7	137.3	25	70011
7	137.35	26	70028
7	137.4	13	70054
7	137.438	15	70068
7	137.45	15	70074
7	137.5	16	70084
7	137.55	16	70096
7	137.65	9	70128
7	137.651	10	70128
7	137.7	5	70143
7	137.75	3	70152
7	137.777	5	70156
7	137.8	2	70158
7	137.85	2	70163
7	137.903	5	70170
7	137.95	3	70181
7	137.989	5	70185
7	138	2	70189
7	138.034	5	70196
7	138.05	2	70197
7	138.078	5	70204
7	138.15	3	70216
7	138.161	5	70220
7	138.288	10	70255
7	138.425	15	70315
7	138.595	20	70400
7	138.781	25	70510
7	139.9	2	70581
7	139.9	2	70581
7	139.9	2	70581
7	139.9	2	70581
7	139.9	2	70581
7	139.9	2	70581
7	139.9	2	70581
7	139.9	2	70581
7	139.9	2	70581
7	139.9	2	70581
7	139.9	2	70581
7	139.9	2	70581
7	139.9	2	70581
7	139.9	2	70581
7	139.9	2	70581
7	139.9	2	70581
7	139.9	2	70581
7	139.9	2	70581
7	139.9	2	70581
7	139.9	2	70581
7	139.9	2	70581
7	139.9	2	70581
7	139.9	2	70581
7	139.9	2	70581
7	139.942	5	70588
7	140.051	10	70623
7	140.207	15	70683
7	140.446	20	70768
7	140.708	25	70878
7	141.082	30	71013
7	141.25	16	71084
7	141.3	18	71104
7	141.3	18	71104
7	141.35	18	71113
7	141.4	19	71123
7	141.45	19	71135
7	141.458	20	71138
7	141.5	10	71151
7	141.55	12	71165
7	141.6	12	71173
7	141.7	7	71195
7	141.75	4	71206
7	141.752	5	71206
7	141.8	3	71213
7	141.82	5	71217
7	141.9	3	71224
7	141.905	5	71228
7	141.95	3	71235
7	141.988	5	71239
7	142	2	71242
7	142.07	5	71249
7	142.1	3	71256
7	142.115	5	71260
7	142.15	2	71265
7	142.161	5	71272
7	142.29	10	71307
7	142.456	15	71367
7	142.625	20	71452
7	142.806	25	71562
7	143.041	30	71697
7	143.298	35	71857
7	143.6	40	72042
7	143.9	22	72226
7	143.9	22	72226
7	143.95	24	72257
7	144	24	72271
7	144.019	25	72273
7	144.05	25	72286
7	144.1	26	72303
7	144.15	13	72331
7	144.188	15	72345
7	144.2	15	72351
7	144.25	16	72361
7	144.3	16	72373
7	144.4	9	72406
7	144.4	10	72406
7	144.45	5	72421
7	144.5	3	72430
7	144.525	5	72434
7	144.55	2	72436
7	144.6	2	72441
7	144.651	5	72448
7	144.7	3	72459
7	144.737	5	72463
7	144.75	2	72467
7	144.782	5	72474
7	144.85	3	72484
7	144.864	5	72488
7	144.992	10	72523
7	145.156	15	72583
7	145.327	20	72668
7	145.516	25	72778
7	145.76	30	72913
7	146.025	35	73073
7	146.363	40	73258
7	146.5	20	73331
7	146.55	22	73359
7	146.6	22	73370
7	146.65	23	73390
7	146.7	24	73407
7	146.738	25	73421
7	146.75	12	73423
7	146.8	14	73440
7	146.85	14	73448
7	146.863	15	73450
7	146.9	15	73457
7	146.95	8	73475
7	146.99	10	73484
7	147	5	73487
7	147.05	3	73494
7	147.077	5	73498
7	147.15	2	73503
7	147.2	2	73507
7	147.245	5	73514
7	147.25	2	73516
7	147.328	5	73523
7	147.35	2	73528
7	147.4	2	73535
7	147.45	2	73542
7	147.459	5	73549
7	147.62	10	73584
7	147.757	15	73644
7	147.926	20	73729
7	148.107	25	73839
7	148.343	30	73974
7	148.599	35	74134
7	148.901	40	74319
7	149.2	22	74502
7	149.2	22	74502
7	149.25	24	74533
7	149.3	24	74547
7	149.319	25	74549
7	149.35	25	74562
7	149.4	26	74579
7	149.45	13	74607
7	149.488	15	74621
7	149.5	15	74627
7	149.55	16	74637
7	149.6	16	74649
7	149.7	9	74682
7	149.7	10	74682
7	149.75	5	74697
7	149.8	3	74706
7	149.825	5	74710
7	149.85	2	74712
7	149.91	5	74719
7	149.95	2	74723
7	149.994	5	74730
7	150	2	74734
7	150.05	2	74741
7	150.119	5	74748
7	150.15	3	74756
7	150.164	5	74760
7	150.292	10	74795
7	150.456	15	74855
7	150.628	20	74940
7	150.817	25	75050
7	151.06	30	75185
7	151.325	35	75345
7	151.663	40	75530
7	151.8	20	75603
7	151.85	22	75631
7	151.9	22	75642
7	151.95	23	75662
7	152	24	75679
7	152.038	25	75693
7	152.05	12	75695
7	152.1	14	75712
7	152.15	14	75720
7	152.163	15	75722
7	152.2	15	75729
7	152.25	8	75747
7	152.29	10	75756
7	152.3	5	75759
7	152.35	3	75766
7	152.377	5	75770
7	152.45	2	75775
7	152.5	2	75779
7	152.546	5	75786
7	152.55	2	75788
7	152.628	5	75795
7	152.65	2	75800
7	152.7	2	75807
7	152.75	2	75814
7	152.759	5	75821
7	152.921	10	75856
7	153.057	15	75916
7	153.227	20	76001
7	153.408	25	76111
7	153.643	30	76246
7	153.899	35	76406
7	154.201	40	76591
7	154.5	22	76773
7	154.5	22	76773
7	154.55	24	76804
7	154.6	24	76818
7	154.619	25	76820
7	154.65	25	76833
7	154.7	26	76850
7	154.75	13	76878
7	154.788	15	76892
7	154.8	15	76898
7	154.85	16	76908
7	154.9	16	76920
7	155	9	76953
7	155	10	76953
7	155.05	5	76968
7	155.1	3	76977
7	155.125	5	76981
7	155.15	2	76983
7	155.21	5	76990
7	155.25	2	76994
7	155.294	5	77001
7	155.3	2	77005
7	155.35	2	77012
7	155.419	5	77019
7	155.45	3	77027
7	155.464	5	77031
7	155.592	10	77066
7	155.757	15	77126
7	155.928	20	77211
7	156.117	25	77321
7	156.36	30	77456
7	156.625	35	77616
7	156.948	40	77801
7	157.1	21	77911
7	157.15	23	77943
7	157.2	24	77958
7	157.25	24	77979
7	157.251	25	77980
7	157.3	13	78006
7	157.338	15	78020
7	157.35	15	78026
7	157.4	8	78037
7	157.427	10	78046
7	157.45	5	78049
7	157.5	3	78056
7	157.518	5	78060
7	157.55	2	78061
7	157.6	2	78065
7	157.645	5	78072
7	157.65	2	78074
7	157.728	5	78081
7	157.75	2	78086
7	157.8	2	78093
7	157.85	2	78100
7	157.859	5	78107
7	158.022	10	78142
7	158.165	15	78202
7	158.337	20	78287
7	158.525	25	78397
7	158.768	30	78532
7	159.054	35	78692
7	159.389	40	78877
7	159.5	20	78944
7	159.55	22	78972
7	159.6	22	78983
7	159.65	23	78995
7	159.7	23	79009
7	159.75	24	79024
7	159.762	25	79034
7	159.8	12	79047
7	159.85	14	79065
7	159.9	14	79074
7	159.92	15	79074
7	159.95	15	79084
7	160	8	79096
7	160.013	10	79105
7	160.1	5	79122
7	160.15	3	79131
7	160.181	5	79135
7	160.2	2	79137
7	160.25	2	79142
7	160.307	5	79149
7	160.35	3	79157
7	160.39	5	79161
7	160.4	3	79167
7	160.434	5	79171
7	160.5	3	79185
7	160.519	5	79189
7	160.647	10	79224
7	160.814	15	79284
7	160.985	20	79369
7	161.174	25	79479
7	161.388	30	79614
7	161.673	35	79774
7	161.98	40	79959
7	162.2	21	80082
7	162.25	23	80111
7	162.25	23	80111
7	162.3	23	80124
7	162.35	24	80146
7	162.377	25	80151
7	162.4	25	80166
7	162.45	13	80184
7	162.478	15	80198
7	162.5	15	80203
7	162.6	8	80223
7	162.61	10	80232
7	162.65	5	80237
7	162.7	6	80243
7	162.75	3	80247
7	162.784	5	80251
7	162.8	2	80252
7	162.869	5	80259
7	162.9	2	80260
7	162.95	2	80265
7	162.994	5	80272
7	163	2	80276
7	163.077	5	80283
7	163.1	3	80290
7	163.122	5	80294
7	163.15	2	80299
7	163.167	5	80306
7	163.297	10	80341
7	163.463	15	80401
7	163.632	20	80486
7	163.817	25	80596
7	164.95	2	80664
7	164.95	2	80664
7	164.95	2	80664
7	164.95	2	80664
7	164.95	2	80664
7	164.95	2	80664
7	164.95	2	80664
7	164.95	2	80664
7	164.95	2	80664
7	164.95	2	80664
7	164.95	2	80664
7	164.95	2	80664
7	164.95	2	80664
7	164.95	2	80664
7	164.95	2	80664
7	164.95	2	80664
7	164.95	2	80664
7	164.95	2	80664
7	164.95	2	80664
7	164.95	2	80664
7	164.95	2	80664
7	164.95	2	80664
7	164.95	2	80664
7	164.95	2	80664
7	164.95	2	80664
7	164.95	2	80664
7	164.95	2	80664
7	164.95	2	80664
7	164.995	5	80671
7	165.086	10	80706
7	165.251	15	80766
7	165.429	20	80851
7	165.655	25	80961
7	165.931	30	81096
7	166.266	35	81256
7	166.45	18	81347
7	166.48	20	81366
7	166.5	20	81371
7	166.55	20	81380
7	166.6	21	81390
7	166.65	21	81406
7	166.7	22	81419
7	166.75	11	81435
7	166.8	13	81451
7	166.85	13	81459
7	166.9	7	81471
7	166.95	4	81481
7	166.968	5	81481
7	167	3	81487
7	167.067	5	81491
7	167.1	2	81494
7	167.15	2	81498
7	167.196	5	81505
7	167.2	2	81507
7	167.278	5	81514
7	167.3	2	81519
7	167.35	2	81526
7	167.404	5	81533
7	167.45	3	81547
7	167.487	5	81551
7	167.614	10	81586
7	167.75	15	81646
7	167.921	20	81731
7	168.131	25	81841
7	168.345	30	81976
7	168.631	35	82136
7	168.937	40	82321
7	169.15	21	82450
7	169.2	23	82479
7	169.2	23	82479
7	169.25	23	82491
7	169.3	24	82504
7	169.35	24	82519
7	169.355	25	82519
7	169.4	25	82539
7	169.45	13	82565
7	169.488	15	82579
7	169.5	15	82584
7	169.6	8	82604
7	169.619	10	82613
7	169.65	5	82615
7	169.7	6	82621
7	169.75	3	82628
7	169.787	5	82632
7	169.8	2	82633
7	169.873	5	82640
7	169.9	2	82641
7	169.95	2	82646
7	169.998	5	82653
7	170	2	82656
7	170.08	5	82663
7	170.1	3	82670
7	170.125	5	82674
7	170.15	2	82679
7	170.17	5	82686
7	170.3	10	82721
7	170.466	15	82781
7	170.635	20	82866
7	170.817	25	82976
7	171.056	30	83111
7	171.316	35	83271
7	171.647	40	83456
7	171.85	21	83578
7	171.9	23	83607
7	171.95	23	83619
7	172	24	83632
7	172.05	24	83647
7	172.059	25	83647
7	172.1	25	83663
7	172.15	13	83689
7	172.189	15	83703
7	172.2	15	83708
7	172.25	15	83718
7	172.3	8	83729
7	172.32	10	83738
7	172.35	5	83741
7	172.4	3	83748
7	172.418	5	83752
7	172.5	3	83758
7	172.537	5	83762
7	172.55	2	83765
7	172.6	2	83770
7	172.65	2	83775
7	172.705	5	83782
7	172.75	3	83791
7	172.755	5	83795
7	172.8	3	83806
7	172.837	5	83810
7	172.966	10	83845
7	173.135	15	83905
7	173.307	20	83990
7	173.492	25	84100
7	173.706	30	84235
7	173.991	35	84395
7	174.298	40	84580
7	174.5	21	84701
7	174.55	23	84730
7	174.6	23	84742
7	174.65	24	84755
7	174.7	24	84770
7	174.708	25	84770
7	174.75	25	84786
7	174.8	13	84812
7	174.838	15	84826
7	174.85	15	84831
7	174.9	15	84841
7	174.95	8	84852
7	174.968	10	84861
7	175	5	84864
7	175.05	3	84871
7	175.068	5	84875
7	175.15	3	84881
7	175.186	5	84885
7	175.2	2	84888
7	175.25	2	84893
7	175.3	2	84898
7	175.354	5	84905
7	175.4	3	84914
7	175.405	5	84918
7	175.45	3	84929
7	175.487	5	84933
7	175.614	10	84968
7	175.779	15	85028
7	175.951	20	85113
7	176.134	25	85223
7	176.348	30	85358
7	176.633	35	85518
7	176.94	40	85703
7	177.15	21	85825
7	177.2	23	85854
7	177.25	23	85866
7	177.25	23	85866
7	177.3	24	85880
7	177.335	25	85894
7	177.35	25	85896
7	177.4	13	85922
7	177.44	15	85936
7	177.5	15	85950
7	177.55	8	85960
7	177.57	10	85969
7	177.6	5	85971
7	177.65	6	85977
7	177.7	3	85984
7	177.739	5	85988
7	177.75	2	85989
7	177.824	5	85996
7	177.85	2	85997
7	177.9	2	86002
7	177.949	5	86009
7	177.95	2	86010
7	177.993	5	86017
7	178.05	3	86027
7	178.076	5	86031
7	178.1	2	86036
7	178.121	5	86043
7	178.251	10	86078
7	178.417	15	86138
7	178.586	20	86223
7	178.765	25	86333
7	178.999	30	86468
7	179.255	35	86628
7	179.557	40	86813
7	179.838	45	87023
7	179.85	22	87037
7	179.9	24	87073
7	179.931	25	87084
7	179.95	25	87090
7	180	25	87109
7	180	25	87109
7	180.05	26	87134
7	180.1	14	87166
7	180.101	15	87166
7	180.2	8	87205
7	180.223	10	87214
7	180.25	10	87220
7	180.3	5	87230
7	180.35	3	87241
7	180.354	5	87245
7	180.4	3	87255
7	180.438	5	87259
7	180.45	2	87263
7	180.483	5	87270
7	180.5	2	87271
7	180.526	5	87278
7	180.657	10	87313
7	180.822	15	87373
7	180.991	20	87458
7	181.173	25	87568
7	181.408	30	87703
7	181.664	35	87863
7	181.966	40	88048
7	182.25	21	88213
7	182.3	23	88243
7	182.35	23	88255
7	182.4	24	88274
7	182.436	25	88282
7	182.45	25	88289
7	182.5	25	88306
7	182.55	13	88331
7	182.587	15	88345
7	182.6	15	88350
7	182.65	15	88360
7	182.7	8	88371
7	182.719	10	88380
7	182.75	5	88383
7	182.8	3	88390
7	182.818	5	88394
7	182.9	3	88400
7	182.935	5	88404
7	182.95	2	88407
7	183	2	88412
7	183.05	2	88417
7	183.103	5	88424
7	183.15	3	88433
7	183.155	5	88437
7	183.2	3	88448
7	183.237	5	88452
7	183.364	10	88487
7	183.525	15	88547
7	183.696	20	88632
7	183.888	25	88742
7	184.131	30	88877
7	184.396	35	89037
7	184.734	40	89222
7	184.85	20	89295
7	184.9	22	89323
7	184.95	22	89334
7	185	23	89346
7	185.05	23	89360
7	185.1	24	89377
7	185.107	25	89385
7	185.15	12	89402
7	185.2	14	89420
7	185.25	14	89429
7	185.27	15	89429
7	185.3	15	89439
7	185.35	8	89451
7	185.361	10	89460
7	185.4	5	89464
7	185.5	4	89481
7	185.501	5	89481
7	185.55	3	89488
7	185.571	5	89492
7	185.6	2	89495
7	185.655	5	89502
7	185.7	3	89512
7	185.739	5	89516
7	185.75	2	89520
7	185.785	5	89527
7	185.8	2	89528
7	185.827	5	89535
7	185.957	10	89570
7	186.125	15	89630
7	186.298	20	89715
7	186.479	25	89825
7	186.714	30	89960
7	186.97	35	90120
7	187.272	40	90305
7	187.55	21	90464
7	187.6	23	90494
7	187.65	23	90506
7	187.7	24	90527
7	187.735	25	90533
7	187.75	25	90546
7	187.8	13	90563
7	187.83	15	90577
7	187.85	15	90581
7	187.9	15	90590
7	187.95	8	90600
7	187.977	10	90609
7	188	5	90612
7	188.05	6	90618
7	188.1	3	90622
7	188.134	5	90626
7	188.2	3	90632
7	188.235	5	90636
7	188.25	2	90637
7	188.3	2	90642
7	188.36	5	90649
7	188.4	2	90654
7	188.444	5	90661
7	188.45	3	90667
7	188.488	5	90671
7	188.5	2	90676
7	188.534	5	90683
7	188.666	10	90718
7	189.798	10	90751
7	189.842	15	90756
7	189.846	20	90761
7	189.892	25	90766
7	190.438	30	90877
7	190.85	16	90962
7	190.85	16	90962
7	190.85	16	90962
7	190.85	16	90962
7	190.85	16	90962
7	190.85	16	90962
7	190.85	16	90962
7	190.85	16	90962
7	190.85	16	90962
7	190.85	16	90962
7	190.9	17	90972
7	190.9	17	90972
7	190.9	17	90972
7	190.9	17	90972
7	190.9	17	90972
7	190.9	17	90972
7	191.05	19	91007
7	191.076	20	91016
7	191.15	10	91042
7	191.3	6	91075
7	191.443	10	91099
7	191.45	5	91100
7	191.6	4	91117
7	191.608	5	91117
7	191.75	4	91139
7	191.777	5	91139
7	191.952	10	91174
7	192.165	15	91234
7	192.378	20	91319
7	192.597	25	91429
7	192.875	30	91564
7	193.176	35	91724
7	193.526	40	91909
7	193.7	21	92002
7	193.75	23	92028
7	193.85	23	92046
7	193.9	24	92059
7	193.944	25	92071
7	193.95	25	92077
7	194	25	92091
7	194.05	13	92107
7	194.085	15	92121
7	194.15	15	92129
7	194.2	8	92138
7	194.25	9	92146
7	194.284	10	92147
7	194.35	5	92153
7	194.4	6	92157
7	194.45	6	92159
7	194.55	4	92168
7	194.567	5	92168
7	194.6	2	92173
7	194.7	2	92178
7	194.804	5	92185
7	195.023	10	92220
7	195.242	15	92280
7	195.461	20	92365
7	195.734	25	92475
7	196.034	30	92610
7	196.386	35	92770
7	196.65	19	92893
7	196.676	20	92893
7	196.7	21	92915
7	196.75	21	92922
7	196.8	21	92930
7	196.85	22	92939
7	196.9	22	92951
7	196.95	11	92970
7	197.05	13	92987
7	197.1	13	92992
7	197.15	7	92998
7	197.25	4	93007
7	197.259	5	93007
7	197.3	5	93010
7	197.4	5	93012
7	197.5	3	93017
7	197.55	2	93020
7	197.65	2	93025
7	197.735	5	93032
7	197.948	10	93067
7	198.166	15	93127
7	198.384	20	93212
7	198.622	25	93322
7	198.917	30	93457
7	199.264	35	93617
7	199.6	19	93766
7	199.6	20	93766
7	199.65	21	93790
7	199.75	21	93806
7	199.8	22	93815
7	199.85	22	93826
7	199.9	23	93846
7	199.95	12	93862
