8	1.04946	10	4
8	1.09208	15	9
8	1.09977	20	14
8	1.13555	25	19
8	1.387	30	130
8	1.68337	35	290
8	2.02699	40	475
8	2.1	20	518
8	2.1	20	518
8	2.1	20	518
8	2.1	20	518
8	2.1	20	518
8	2.1	20	518
8	2.15	22	545
8	2.15	22	545
8	2.31972	25	608
8	2.61123	30	743
8	2.75	16	827
8	2.85	19	866
8	2.9	19	881
8	2.91165	20	881
8	3	10	919
8	3.05	12	938
8	3.1	6	950
8	3.21	10	974
8	3.42735	15	1034
8	3.64473	20	1119
8	3.8621	25	1229
8	4.10058	30	1364
8	4.39121	35	1524
8	4.72884	40	1709
8	5.08786	45	1919
8	5.1	22	1928
8	5.15	24	1957
8	5.2	24	1967
8	5.22342	25	1975
8	5.25	25	1978
8	5.3	25	1992
8	5.35	26	2013
8	5.4	27	2032
8	5.45	27	2051
8	5.55	14	2093
8	5.55072	15	2093
8	5.6	16	2114
8	5.65	17	2126
8	5.75	9	2156
8	5.75207	10	2156
8	5.8	5	2169
8	5.9	3	2180
8	5.95	4	2184
8	5.95547	5	2184
8	6.05	3	2195
8	6.08334	5	2199
8	6.29646	10	2234
8	6.50957	15	2294
8	6.72269	20	2379
8	6.9358	25	2489
8	7.16306	30	2624
8	7.44856	35	2784
8	7.75544	40	2969
8	8.13325	45	3179
8	8.2	23	3229
8	8.24609	25	3253
8	8.25	25	3258
8	8.3	25	3268
8	8.35	26	3279
8	8.4	26	3292
8	8.45	27	3306
8	8.55	14	3349
8	8.55061	15	3349
8	8.6	16	3366
8	8.65	16	3373
8	8.7	8	3381
8	8.7753	10	3390
8	8.8	10	3392
8	8.85	10	3396
8	8.9	5	3401
8	9	3	3409
8	9.05	4	3412
8	9.09177	5	3413
8	9.15	2	3418
8	9.2	3	3421
8	9.26055	5	3425
8	9.47367	10	3460
8	9.68678	15	3520
8	9.8999	20	3605
8	10.113	25	3715
8	10.3369	30	3850
8	10.6172	35	4010
8	10.919	40	4195
8	11.266	45	4405
8	11.4	23	4481
8	11.4233	25	4505
8	11.5	25	4521
8	11.55	26	4537
8	11.6	26	4556
8	11.65	27	4570
8	11.7	14	4586
8	11.7097	15	4586
8	11.75	16	4603
8	11.8	16	4610
8	11.9	8	4632
8	11.95	9	4641
8	11.9776	10	4641
8	12	10	4644
8	12.1	5	4654
8	12.15	6	4660
8	12.25	4	4669
8	12.2506	5	4669
8	12.3	2	4674
8	12.35	3	4677
8	12.4112	5	4681
8	12.6243	10	4716
8	12.8374	15	4776
8	13.0505	20	4861
8	13.2636	25	4971
8	13.4875	30	5106
8	13.7678	35	5266
8	14.0696	40	5451
8	14.4166	45	5661
8	14.55	23	5738
8	14.5748	25	5762
8	14.6	25	5768
8	14.7	26	5793
8	14.75	27	5814
8	14.8	27	5829
8	14.85	14	5845
8	14.8544	15	5845
8	14.9	16	5862
8	14.95	16	5869
8	15.05	8	5891
8	15.1	9	5900
8	15.1297	10	5900
8	15.15	10	5903
8	15.25	5	5913
8	15.3	6	5919
8	15.35	3	5922
8	15.4008	5	5926
8	15.45	2	5930
8	15.5	3	5933
8	15.5696	5	5937
8	15.787	10	5972
8	16.0044	15	6032
8	16.2217	20	6117
8	16.4391	25	6227
8	16.6672	30	6362
8	16.9527	35	6522
8	17.2596	40	6707
8	17.6374	45	6917
8	17.7	22	6962
8	17.75	24	6991
8	17.8	24	7001
8	17.8338	25	7009
8	17.85	25	7012
8	17.9	25	7025
8	18	27	7061
8	18.05	27	7083
8	18.1	14	7102
8	18.1023	15	7102
8	18.15	16	7121
8	18.25	8	7139
8	18.2753	10	7148
8	18.3	10	7149
8	18.35	10	7156
8	18.45	6	7171
8	18.5	4	7179
8	18.5171	5	7179
8	18.6	3	7187
8	18.65	2	7191
8	18.7373	5	7198
8	18.9504	10	7233
8	19.1635	15	7293
8	19.3767	20	7378
8	19.5914	25	7488
8	19.8168	30	7623
8	20.0972	35	7783
8	20.399	40	7968
8	20.746	45	8178
8	20.9	23	8275
8	20.9382	25	8299
8	20.95	25	8306
8	21	25	8317
8	21.05	26	8329
8	21.1	26	8343
8	21.2	28	8386
8	21.25	28	8405
8	21.3	14	8426
8	21.303	15	8426
8	21.35	16	8446
8	21.4	16	8455
8	21.5	9	8482
8	21.5015	10	8482
8	21.55	5	8494
8	21.6	6	8500
8	21.7	3	8507
8	21.75	4	8511
8	21.7515	5	8511
8	21.85	3	8520
8	21.8779	5	8524
8	22.091	10	8559
8	22.3041	15	8619
8	22.5172	20	8704
8	22.7303	25	8814
8	22.9576	30	8949
8	23.2431	35	9109
8	23.55	40	9294
8	23.9278	45	9504
8	24	23	9559
8	24.0449	25	9583
8	24.05	25	9588
8	24.1	25	9598
8	24.15	26	9609
8	24.2	26	9622
8	24.25	27	9636
8	24.3	27	9660
8	24.4	14	9700
8	24.4037	15	9700
8	24.45	16	9719
8	24.5	16	9727
8	24.55	17	9736
8	24.65	9	9767
8	24.6588	10	9767
8	24.7	11	9780
8	24.8	6	9794
8	24.85	4	9802
8	24.8561	5	9802
8	24.95	3	9812
8	24.9932	5	9816
8	25	2	9817
8	25.0785	5	9824
8	25.2934	10	9859
8	25.5108	15	9919
8	25.7282	20	10004
8	26.9	2	10083
8	26.9	2	10083
8	26.9	2	10083
8	26.9	2	10083
8	26.9	2	10083
8	26.9	2	10083
8	26.9	2	10083
8	26.9	2	10083
8	26.9	2	10083
8	26.9	2	10083
8	26.9	2	10083
8	26.9	2	10083
8	26.9	2	10083
8	26.9	2	10083
8	26.9	2	10083
8	26.9	2	10083
8	26.9	2	10083
8	26.9	2	10083
8	26.9	2	10083
8	26.9	2	10083
8	26.9	2	10083
8	26.9	2	10083
8	26.9418	5	10090
8	27.0482	10	10125
8	27.1944	15	10185
8	27.3632	20	10270
8	27.5507	25	10380
8	27.7344	30	10515
8	27.9541	35	10675
8	28.2252	40	10860
8	28.5227	45	11070
8	28.8	24	11274
8	28.8152	25	11274
8	28.85	26	11309
8	28.9	26	11323
8	28.95	27	11338
8	29	28	11355
8	29.05	28	11376
8	29.1	29	11405
8	29.1042	30	11409
8	29.15	15	11434
8	29.2	17	11457
8	29.25	18	11469
8	29.3	18	11483
8	29.35	9	11499
8	29.3505	10	11499
8	29.4	11	11517
8	29.5	6	11543
8	29.55	4	11555
8	29.5671	5	11555
8	29.6	3	11563
8	29.614	5	11567
8	29.65	2	11570
8	29.6958	5	11577
8	29.75	3	11593
8	29.7827	5	11597
8	29.8	3	11603
8	29.8262	5	11607
8	29.954	10	11642
8	30.1177	15	11702
8	30.2848	20	11787
8	30.4598	25	11897
8	30.6633	30	12032
8	30.9113	35	12192
8	31.2029	40	12377
8	31.5158	45	12587
8	31.6	23	12634
8	31.6363	25	12658
8	31.65	25	12667
8	31.7	25	12681
8	31.75	26	12696
8	31.8	27	12713
8	31.85	14	12738
8	31.8503	15	12738
8	31.9	16	12758
8	31.95	16	12768
8	32	8	12779
8	32.0216	10	12788
8	32.05	10	12791
8	32.1	10	12798
8	32.15	6	12811
8	32.25	4	12828
8	32.2705	5	12828
8	32.3	3	12836
8	32.3183	5	12840
8	32.35	2	12842
8	32.4	2	12848
8	32.4427	5	12855
8	32.5	3	12870
8	32.5288	5	12874
8	32.55	3	12880
8	32.5723	5	12884
8	32.7001	10	12919
8	32.8656	15	12979
8	33.0353	20	13064
8	33.212	25	13174
8	33.4155	30	13309
8	33.6635	35	13469
8	33.9551	40	13654
8	34.2681	45	13864
8	34.35	22	13908
8	34.4	24	13940
8	34.45	24	13953
8	34.4695	25	13955
8	34.5	25	13968
8	34.55	26	13984
8	34.6	27	14007
8	34.65	27	14033
8	34.7	14	14058
8	34.7006	15	14058
8	34.75	16	14080
8	34.8	8	14092
8	34.8234	10	14101
8	34.85	10	14105
8	34.9	5	14113
8	35	4	14130
8	35.0006	5	14130
8	35.05	3	14139
8	35.0858	5	14143
8	35.1	2	14145
8	35.15	2	14151
8	35.2027	5	14158
8	35.25	3	14167
8	35.2563	5	14171
8	35.3	3	14182
8	35.3381	5	14186
8	35.4651	10	14221
8	35.622	15	14281
8	35.7918	20	14366
8	35.9703	25	14476
8	36.1798	30	14611
8	36.4603	35	14771
8	36.7622	40	14956
8	37.05	22	15128
8	37.05	22	15128
8	37.1	24	15158
8	37.15	24	15171
8	37.1561	25	15175
8	37.2	25	15192
8	37.25	26	15214
8	37.3	13	15232
8	37.3309	15	15246
8	37.35	15	15251
8	37.4	15	15260
8	37.5	8	15286
8	37.5397	10	15295
8	37.55	10	15298
8	37.6	10	15305
8	37.65	5	15313
8	37.7	3	15322
8	37.7171	5	15326
8	37.8	3	15335
8	37.8355	5	15339
8	37.85	2	15343
8	37.9	2	15349
8	37.9616	5	15356
8	38	3	15362
8	38.006	5	15366
8	38.05	3	15377
8	38.0878	5	15381
8	38.2164	10	15416
8	38.3563	15	15476
8	38.5302	20	15561
8	38.7316	25	15671
8	38.9386	30	15806
8	39.1908	35	15966
8	39.4876	40	16151
8	39.8	22	16350
8	39.85	24	16381
8	39.9	24	16394
8	39.9226	25	16397
8	39.95	25	16408
8	40	26	16424
8	40.05	26	16448
8	40.1	13	16475
8	40.1374	15	16489
8	40.15	15	16495
8	40.2	16	16505
8	40.25	16	16517
8	40.3	8	16530
8	40.3104	10	16539
8	40.4	5	16556
8	40.45	3	16565
8	40.4783	5	16569
8	40.5	2	16571
8	40.55	2	16576
8	40.6045	5	16583
8	40.65	3	16594
8	40.6897	5	16598
8	40.7	2	16602
8	40.7349	5	16609
8	40.75	2	16610
8	40.7775	5	16617
8	40.9071	10	16652
8	41.0733	15	16712
8	41.2421	20	16797
8	41.4169	25	16907
8	41.641	30	17042
8	41.889	35	17202
8	42.1583	40	17387
8	42.4935	45	17597
8	42.55	22	17638
8	42.6	24	17670
8	42.65	24	17683
8	42.6763	25	17685
8	42.7	25	17697
8	42.75	26	17713
8	42.8	26	17732
8	42.85	27	17758
8	42.9	14	17788
8	42.9006	15	17788
8	42.95	16	17810
8	43	8	17822
8	43.0249	10	17831
8	43.05	10	17835
8	43.15	6	17854
8	43.2	4	17864
8	43.2006	5	17864
8	43.25	3	17871
8	43.2764	5	17875
8	43.3	2	17877
8	43.359	5	17884
8	43.4	3	17890
8	43.4042	5	17894
8	43.45	3	17904
8	43.4869	5	17908
8	43.5	2	17913
8	43.5321	5	17920
8	43.6617	10	17955
8	43.8279	15	18015
8	43.9966	20	18100
8	44.1725	25	18210
8	44.4008	30	18345
8	44.6531	35	18505
8	44.9498	40	18690
8	45.291	45	18900
8	45.3	22	18911
8	45.35	24	18942
8	45.4	24	18954
8	45.4285	25	18958
8	45.45	25	18967
8	45.45	25	18967
8	45.5	25	18983
8	45.55	26	19000
8	45.65	14	19052
8	45.6501	15	19052
8	45.7	16	19073
8	45.75	8	19084
8	45.7763	10	19093
8	45.8	10	19096
8	45.85	10	19103
8	45.9	5	19112
8	45.95	3	19121
8	45.9773	5	19125
8	46.05	3	19132
8	46.0643	5	19136
8	46.1	2	19139
8	46.1487	5	19146
8	46.15	2	19148
8	46.1939	5	19155
8	46.25	3	19164
8	46.2783	5	19168
8	46.3	2	19173
8	46.3243	5	19180
8	46.4565	10	19215
8	46.627	15	19275
8	46.8001	20	19360
8	46.9794	25	19470
8	47.2129	30	19605
8	47.4694	35	19765
8	47.7713	40	19950
8	48.05	21	20109
8	48.1	23	20139
8	48.15	23	20151
8	49.2	5	20166
8	49.2	5	20166
8	49.2	5	20166
8	49.2	5	20166
8	49.2	5	20166
8	49.2	5	20166
8	49.2	5	20166
8	49.2	5	20166
8	49.2	5	20166
8	49.2	5	20166
8	49.2	5	20166
8	49.2	5	20166
8	49.2	5	20166
8	49.2243	10	20170
8	49.2395	15	20175
8	49.2452	20	20180
8	49.2669	25	20185
8	49.4211	30	20296
8	49.6251	35	20456
8	49.8595	40	20641
8	50.1162	45	20851
8	50.25	23	20954
8	50.25	23	20954
8	50.271	25	20978
8	50.5276	30	21113
8	50.7808	35	21273
8	50.8	17	21287
8	50.85	19	21317
8	50.8711	20	21324
8	50.9	20	21333
8	50.95	21	21353
8	51	11	21382
8	51.05	13	21403
8	51.1	7	21417
8	51.15	4	21432
8	51.1618	5	21432
8	51.2	3	21443
8	51.2096	5	21447
8	51.25	3	21454
8	51.2539	5	21458
8	51.3826	10	21493
8	51.548	15	21553
8	51.7168	20	21638
8	51.8917	25	21748
8	52.0936	30	21883
8	52.3417	35	22043
8	52.6335	40	22228
8	52.9688	45	22438
8	53.05	23	22493
8	53.0731	25	22517
8	53.1	25	22526
8	53.1	25	22526
8	53.15	25	22541
8	53.2	26	22562
8	53.25	27	22588
8	53.3	14	22610
8	53.3088	15	22610
8	53.35	16	22631
8	53.45	8	22654
8	53.4627	10	22663
8	53.5	10	22666
8	53.55	5	22677
8	53.6	3	22685
8	53.6323	5	22689
8	53.65	2	22690
8	53.7	2	22694
8	53.7593	5	22701
8	53.8	2	22705
8	53.8437	5	22712
8	53.85	2	22715
8	53.9	2	22722
8	53.9664	5	22729
8	54	3	22737
8	54.0116	5	22741
8	54.1395	10	22776
8	54.3034	15	22836
8	54.4705	20	22921
8	54.6418	25	23031
8	54.8183	30	23166
8	55.0008	35	23326
8	55.1934	40	23511
8	55.3871	45	23721
8	55.6307	50	23956
8	55.9043	55	24216
8	56.1992	60	24501
8	56.35	31	24648
8	56.4	33	24696
8	56.45	34	24717
8	56.5	34	24740
8	56.5084	35	24747
8	56.55	35	24771
8	56.6	36	24799
8	56.65	37	24835
8	56.7	19	24872
8	56.7015	20	24872
8	56.75	21	24903
8	56.8	22	24919
8	56.85	11	24937
8	56.95	7	24969
8	57	4	24980
8	57.0006	5	24980
8	57.05	3	24987
8	57.0769	5	24991
8	57.1	2	24992
8	57.15	2	24997
8	57.2	2	25002
8	57.2431	5	25009
8	57.3	3	25024
8	57.3293	5	25028
8	57.35	3	25034
8	57.3727	5	25038
8	57.5006	10	25073
8	57.6643	15	25133
8	57.8313	20	25218
8	58.0042	25	25328
8	58.1964	30	25463
8	58.4357	35	25623
8	58.6963	40	25808
8	58.9988	45	26018
8	59.2	24	26158
8	59.2005	25	26158
8	59.25	26	26192
8	59.3	26	26206
8	59.35	27	26221
8	59.4	28	26238
8	59.45	28	26259
8	59.5	14	26287
8	59.5007	15	26287
8	59.55	16	26308
8	59.6	16	26318
8	59.65	17	26329
8	59.7	9	26342
8	59.7027	10	26342
8	59.8	6	26369
8	59.85	4	26378
8	59.8762	5	26378
8	59.9	3	26384
8	59.9231	5	26388
8	59.95	2	26389
8	60	2	26394
8	60.0484	5	26401
8	60.1	3	26412
8	60.1336	5	26416
8	60.15	2	26420
8	60.1805	5	26427
8	60.2	2	26428
8	60.2223	5	26435
8	60.3544	10	26470
8	60.5172	15	26530
8	60.686	20	26615
8	60.8736	25	26725
8	61.0623	30	26860
8	61.2777	35	27020
8	61.552	40	27205
8	61.8494	45	27415
8	62.15	24	27629
8	62.1502	25	27629
8	62.2	26	27665
8	62.2	26	27665
8	62.25	27	27681
8	62.3	27	27701
8	62.35	28	27720
8	62.4	29	27749
8	62.4365	30	27764
8	62.45	15	27777
8	62.5	17	27801
8	62.6	18	27828
8	62.65	9	27845
8	62.6505	10	27845
8	62.7	11	27863
8	62.75	6	27876
8	62.8	4	27887
8	62.8167	5	27887
8	62.85	3	27895
8	62.8704	5	27899
8	62.95	3	27909
8	62.9548	5	27913
8	63	3	27924
8	63.0384	5	27928
8	63.05	2	27933
8	63.0836	5	27940
8	63.2131	10	27975
8	63.3794	15	28035
8	63.5481	20	28120
8	63.7221	25	28230
8	63.9245	30	28365
8	64.1398	35	28525
8	64.3962	40	28710
8	64.6936	45	28920
8	65	24	29134
8	65	24	29134
8	65.014	25	29134
8	65.05	26	29169
8	65.1	26	29184
8	65.15	27	29200
8	65.2	28	29219
8	65.25	29	29246
8	65.2954	30	29269
8	65.3	15	29275
8	65.35	17	29298
8	65.4	18	29310
8	65.5	9	29338
8	65.5009	10	29338
8	65.55	11	29353
8	65.6	6	29368
8	65.65	4	29378
8	65.677	5	29378
8	65.7	3	29385
8	65.7239	5	29389
8	65.8	3	29397
8	65.8083	5	29401
8	65.85	3	29407
8	65.8893	5	29411
8	65.9	3	29418
8	65.9345	5	29422
8	66	3	29436
8	66.0189	5	29440
8	66.1467	10	29475
8	66.3104	15	29535
8	66.4774	20	29620
8	66.6488	25	29730
8	66.8495	30	29865
8	67.0666	35	30025
8	67.3229	40	30210
8	68.4	2	30249
8	68.4	2	30249
8	68.4	2	30249
8	68.4	2	30249
8	68.4	2	30249
8	68.4	2	30249
8	68.4	2	30249
8	68.4	2	30249
8	68.4	2	30249
8	68.4	2	30249
8	68.4	2	30249
8	68.4	2	30249
8	68.4	2	30249
8	68.4	2	30249
8	68.4	2	30249
8	68.4	2	30249
8	68.4	2	30249
8	68.4	2	30249
8	68.4	2	30249
8	68.4	2	30249
8	68.4	2	30249
8	68.4	2	30249
8	68.4	2	30249
8	68.4	2	30249
8	68.4	2	30249
8	68.4	2	30249
8	68.4	2	30249
8	68.4377	5	30256
8	68.523	10	30291
8	68.6785	15	30351
8	68.8473	20	30436
8	69.026	25	30546
8	69.2532	30	30681
8	69.506	35	30841
8	69.8023	40	31026
8	70.1209	45	31236
8	70.15	22	31245
8	70.2	24	31276
8	70.25	24	31288
8	70.2565	25	31292
8	70.3	25	31307
8	70.3	25	31307
8	70.35	26	31323
8	70.45	27	31361
8	70.5	14	31387
8	70.5006	15	31387
8	70.55	16	31408
8	70.6	8	31419
8	70.6273	10	31428
8	70.65	10	31431
8	70.7	10	31438
8	70.75	5	31446
8	70.85	4	31465
8	70.8588	5	31465
8	70.9	3	31472
8	70.9301	5	31476
8	70.95	2	31478
8	71	2	31484
8	71.0546	5	31491
8	71.1	3	31503
8	71.1381	5	31507
8	71.15	3	31514
8	71.1824	5	31518
8	71.3103	10	31553
8	71.4739	15	31613
8	71.641	20	31698
8	71.8123	25	31808
8	71.9974	30	31943
8	72.2314	35	32103
8	72.4877	40	32288
8	72.7849	45	32498
8	73.05	24	32694
8	73.0701	25	32694
8	73.1	26	32729
8	73.15	26	32743
8	73.2	27	32758
8	73.25	28	32775
8	73.3	28	32796
8	73.35	29	32824
8	73.3549	30	32829
8	73.4	15	32854
8	73.45	17	32877
8	73.5	18	32889
8	73.55	18	32903
8	73.6	9	32918
8	73.6004	10	32918
8	73.7	6	32950
8	73.75	4	32960
8	73.7751	5	32960
8	73.8	3	32967
8	73.8229	5	32971
8	73.85	2	32973
8	73.9055	5	32980
8	73.95	3	32990
8	73.9899	5	32994
8	74	2	32999
8	74.036	5	33006
8	74.05	2	33007
8	74.0786	5	33014
8	74.2081	10	33049
8	74.3743	15	33109
8	74.5431	20	33194
8	74.717	25	33304
8	74.9193	30	33439
8	75.1346	35	33599
8	75.3908	40	33784
8	75.688	45	33994
8	75.95	24	34173
8	75.9588	25	34173
8	76	26	34208
8	76.05	26	34223
8	76.1	27	34239
8	76.15	28	34264
8	76.2	14	34291
8	76.2	15	34291
8	76.25	16	34312
8	76.3	16	34322
8	76.35	17	34333
8	76.4	9	34346
8	76.4029	10	34346
8	76.5	6	34373
8	76.55	4	34382
8	76.5759	5	34382
8	76.6	3	34388
8	76.6228	5	34392
8	76.65	2	34393
8	76.7	2	34398
8	76.7481	5	34405
8	76.8	3	34416
8	76.8334	5	34420
8	76.85	2	34424
8	76.8794	5	34431
8	76.9	2	34432
8	76.9229	5	34439
8	77.0524	10	34474
8	77.2169	15	34534
8	77.3857	20	34619
8	77.5613	25	34729
8	77.7653	30	34864
8	77.9857	35	35024
8	78.265	40	35209
8	78.5673	45	35419
8	78.8	24	35578
8	78.8	24	35578
8	78.8056	25	35578
8	78.85	26	35612
8	78.9	26	35627
8	78.95	27	35645
8	79	28	35671
8	79.05	14	35697
8	79.0622	15	35697
8	79.1	16	35718
8	79.15	16	35728
8	79.25	9	35751
8	79.2514	10	35751
8	79.3	5	35764
8	79.35	3	35772
8	79.4	4	35776
8	79.4031	5	35776
8	79.45	2	35781
8	79.5304	5	35788
8	79.55	2	35789
8	79.6	2	35794
8	79.65	2	35799
8	79.6966	5	35806
8	79.75	3	35821
8	79.7827	5	35825
8	79.8	3	35831
8	79.8262	5	35835
8	79.954	10	35870
8	80.1177	15	35930
8	80.2847	20	36015
8	80.4561	25	36125
8	80.6361	30	36260
8	80.8642	35	36420
8	81.1161	40	36605
8	81.4082	45	36815
8	81.7217	50	37050
8	81.75	25	37067
8	81.8	27	37103
8	81.85	27	37118
8	81.9	28	37135
8	81.95	29	37160
8	81.9903	30	37177
8	82	30	37188
8	82.05	15	37210
8	82.1	17	37233
8	82.15	18	37244
8	82.2	18	37257
8	82.25	9	37276
8	82.2503	10	37276
8	82.3	11	37291
8	82.35	6	37300
8	82.45	4	37317
8	82.4565	5	37317
8	82.5	3	37325
8	82.5043	5	37329
8	82.55	3	37336
8	82.5878	5	37340
8	82.6	2	37343
8	82.6696	5	37350
8	82.7	3	37357
8	82.7148	5	37361
8	82.75	2	37366
8	82.76	5	37373
8	82.8904	10	37408
8	83.06	15	37468
8	83.2322	20	37553
8	83.4094	25	37663
8	83.6195	30	37798
8	83.8381	35	37958
8	84.1191	40	38143
8	84.4214	45	38353
8	84.65	24	38512
8	84.65	24	38512
8	84.6597	25	38512
8	84.7	26	38546
8	84.75	26	38561
8	84.8	27	38577
8	84.85	28	38602
8	84.9	14	38629
8	84.9001	15	38629
8	84.95	16	38650
8	85	16	38660
8	85.1	9	38683
8	85.103	10	38683
8	85.15	5	38696
8	85.2	3	38704
8	85.25	4	38708
8	85.2514	5	38708
8	85.3	2	38713
8	85.3792	5	38720
8	85.4	2	38721
8	85.45	2	38726
8	85.5	2	38731
8	85.5454	5	38738
8	85.6	3	38753
8	85.6323	5	38757
8	85.65	3	38763
8	85.6758	5	38767
8	85.8036	10	38802
8	85.9706	15	38862
8	86.1411	20	38947
8	86.3158	25	39057
8	86.501	30	39192
8	86.7204	35	39352
8	86.9122	40	39537
8	87.1125	45	39747
8	87.3157	50	39982
8	87.5378	55	40242
8	87.55	27	40257
8	87.5993	30	40314
8	87.6	30	40315
8	88.65	6	40333
8	88.65	6	40333
8	88.65	6	40333
8	88.65	6	40333
8	88.65	6	40333
8	88.65	6	40333
8	88.65	6	40333
8	88.65	6	40333
8	88.65	6	40333
8	88.65	6	40333
8	88.65	6	40333
8	88.65	6	40333
8	88.65	6	40333
8	88.65	6	40333
8	88.65	6	40333
8	88.65	6	40333
8	88.6526	10	40336
8	88.6735	15	40341
8	88.6777	20	40346
8	88.682	25	40351
8	88.7849	30	40462
8	88.9216	35	40622
8	89.0797	40	40807
8	89.2591	45	41017
8	89.4599	50	41252
8	89.682	55	41512
8	89.7	27	41534
8	89.7	27	41534
8	89.7	27	41534
8	89.7	27	41534
8	89.7	27	41534
8	89.7	27	41534
8	89.7682	30	41591
8	89.95	17	41730
8	90	19	41754
8	90	19	41754
8	90.0426	20	41767
8	90.05	20	41770
8	90.05	20	41770
8	90.1	10	41793
8	90.15	12	41806
8	90.15	12	41806
8	90.2	6	41817
8	90.25	7	41824
8	90.3	4	41829
8	90.3	4	41829
8	90.3052	5	41829
8	90.35	3	41835
8	90.3904	5	41839
8	90.4	2	41840
8	90.45	2	41845
8	90.4957	5	41852
8	90.5	2	41855
8	90.5392	5	41862
8	90.55	2	41865
8	90.55	2	41865
8	90.5801	5	41872
8	90.6	3	41878
8	90.6035	5	41882
8	90.65	4	41905
8	90.6504	5	41905
8	90.7	4	41929
8	90.7054	5	41929
8	90.7565	10	41964
8	90.8349	15	42024
8	90.9147	20	42109
8	91.009	25	42219
8	91.1244	30	42354
8	91.2611	35	42514
8	91.4191	40	42699
8	91.5986	45	42909
8	91.7994	50	43144
8	92.0215	55	43404
8	92.1	28	43496
8	92.1249	30	43525
8	92.15	30	43538
8	92.2	31	43559
8	92.2	31	43559
8	92.25	32	43588
8	92.25	32	43588
8	92.3	33	43627
8	92.3	33	43627
8	92.35	17	43668
8	92.4	19	43694
8	92.4	19	43694
8	92.43	20	43705
8	92.45	20	43712
8	92.5	10	43738
8	92.5	10	43738
8	92.55	12	43752
8	92.6	6	43763
8	92.6	6	43763
8	92.65	4	43771
8	92.6553	5	43771
8	92.7	2	43775
8	92.75	3	43776
8	92.8	3	43778
8	92.8	3	43778
8	92.8344	5	43782
8	92.85	2	43785
8	92.8835	5	43792
8	92.9	2	43797
8	92.927	5	43804
8	92.95	3	43813
8	92.9688	5	43817
8	93	3	43829
8	93.0105	5	43833
8	93.05	3	43850
8	93.0549	5	43854
8	93.1	4	43878
8	93.1	5	43878
8	93.161	10	43913
8	93.2322	15	43973
8	93.3157	20	44058
8	93.4097	25	44168
8	93.525	30	44303
8	93.6617	35	44463
8	93.8198	40	44648
8	93.9992	45	44858
8	94.2	50	45093
8	94.4221	55	45353
8	94.55	28	45503
8	94.55	28	45503
8	94.5751	30	45532
8	94.6	30	45545
8	94.6	30	45545
8	94.65	31	45568
8	94.65	31	45568
8	94.7	32	45599
8	94.7	32	45599
8	94.75	33	45641
8	94.8	34	45685
8	94.8	34	45685
8	94.8082	35	45692
8	94.85	18	45738
8	94.8674	20	45757
8	94.9	20	45771
8	94.9	20	45771
8	94.95	21	45796
8	95	11	45832
8	95	11	45832
8	95.05	13	45854
8	95.1	7	45871
8	95.15	4	45888
8	95.1544	5	45888
8	95.2	3	45895
8	95.2327	5	45899
8	95.25	2	45900
8	95.25	2	45900
8	95.2953	5	45907
8	95.3	2	45910
8	95.3388	5	45917
8	95.35	2	45920
8	95.3806	5	45927
8	95.4	2	45932
8	95.4223	5	45939
8	95.45	3	45954
8	95.4667	5	45958
8	95.5	3	45974
8	95.5101	5	45978
8	95.55	3	45996
8	95.5536	5	46000
8	95.6154	10	46035
8	95.6866	15	46095
8	95.7684	20	46180
8	95.8624	25	46290
8	95.9778	30	46425
8	96.1145	35	46585
8	96.2725	40	46770
8	96.4519	45	46980
8	96.6527	50	47215
8	96.8749	55	47475
8	97	28	47622
8	97	28	47622
8	97.0252	30	47651
8	97.05	30	47664
8	97.05	30	47664
8	97.1	31	47687
8	97.1	31	47687
8	97.15	32	47718
8	97.15	32	47718
8	97.2	33	47760
8	97.25	34	47804
8	97.25	34	47804
8	97.2584	35	47811
8	97.3	18	47856
8	97.3167	20	47875
8	97.35	20	47889
8	97.35	20	47889
8	97.4	21	47915
8	97.45	11	47950
8	97.5	13	47971
8	97.5	13	47971
8	97.55	7	47988
8	97.6	4	48004
8	97.6044	5	48004
8	97.65	3	48011
8	97.6816	5	48015
8	97.7	2	48016
8	97.7	2	48016
8	97.7443	5	48023
8	97.75	2	48026
8	97.7877	5	48033
8	97.8	2	48036
8	97.8295	5	48043
8	97.85	3	48049
8	97.8538	5	48053
8	97.9	4	48072
8	97.9122	5	48072
8	97.95	4	48093
8	97.9557	5	48093
8	98	4	48119
8	98.0008	5	48119
8	98.052	10	48154
8	98.1304	15	48214
8	98.2105	20	48299
8	98.3045	25	48409
8	98.4198	30	48544
8	98.5565	35	48704
8	98.7146	40	48889
8	98.894	45	49099
8	99.0948	50	49334
8	99.317	55	49594
8	99.4	28	49692
8	99.4255	30	49721
8	99.45	30	49734
8	99.45	30	49734
8	99.5	31	49757
8	99.5	31	49757
8	99.55	32	49788
8	99.6	33	49828
8	99.6	33	49828
8	99.65	17	49872
8	99.65	17	49872
8	99.7	19	49899
8	99.7289	20	49909
8	99.75	20	49918
8	99.75	20	49918
8	99.8	10	49946
8	99.85	12	49962
8	99.9	6	49972
8	99.9	6	49972
8	99.95	4	49981
8	99.9544	5	49981
8	100	2	49985
8	100.05	3	49986
8	100.1	3	49988
8	100.1	3	49988
8	100.134	5	49992
8	100.15	2	49995
8	100.184	5	50002
8	100.2	2	50007
8	100.227	5	50014
8	100.25	3	50023
8	100.269	5	50027
8	100.3	3	50039
8	100.311	5	50043
8	100.35	3	50060
8	100.355	5	50064
8	100.4	4	50088
8	100.4	5	50088
8	100.461	10	50123
8	100.532	15	50183
8	100.616	20	50268
8	100.71	25	50378
8	101.75	2	50415
8	101.75	2	50415
8	101.75	2	50415
8	101.75	2	50415
8	101.75	2	50415
8	101.75	2	50415
8	101.75	2	50415
8	101.75	2	50415
8	101.75	2	50415
8	101.75	2	50415
8	101.75	2	50415
8	101.75	2	50415
8	101.75	2	50415
8	101.75	2	50415
8	101.75	2	50415
8	101.75	2	50415
8	101.75	2	50415
8	101.75	2	50415
8	101.75	2	50415
8	101.75	2	50415
8	101.75	2	50415
8	101.75	2	50415
8	101.75	2	50415
8	101.75	2	50415
8	101.75	2	50415
8	101.75	2	50415
8	101.75	2	50415
8	101.75	2	50415
8	101.75	2	50415
8	101.75	2	50415
8	101.75	2	50415
8	101.792	5	50422
8	101.881	10	50457
8	102.054	15	50517
8	102.265	20	50602
8	102.535	25	50712
8	102.85	14	50841
8	102.85	15	50841
8	103.15	9	50913
8	103.152	10	50913
8	103.2	11	50924
8	103.25	11	50929
8	103.3	6	50935
8	103.35	7	50942
8	103.4	4	50946
8	103.409	5	50946
8	103.45	2	50951
8	103.5	3	50954
8	103.544	5	50958
8	103.55	2	50959
8	103.6	2	50964
8	103.669	5	50971
8	103.7	2	50975
8	103.75	2	50982
8	103.794	5	50989
8	103.8	3	50997
8	103.839	5	51001
8	103.967	10	51036
8	104.13	15	51096
8	104.297	20	51181
8	104.479	25	51291
8	104.69	30	51426
8	104.97	35	51586
8	105.272	40	51771
8	105.55	22	51943
8	105.55	22	51943
8	105.6	24	51974
8	105.65	24	51988
8	105.656	25	51990
8	105.7	25	52008
8	105.75	26	52033
8	105.8	13	52054
8	105.832	15	52068
8	105.85	15	52074
8	105.9	16	52084
8	106	8	52111
8	106.025	10	52120
8	106.05	10	52124
8	106.1	5	52132
8	106.15	3	52141
8	106.168	5	52145
8	106.2	2	52147
8	106.252	5	52154
8	106.3	3	52162
8	106.337	5	52166
8	106.35	2	52169
8	106.4	2	52176
8	106.46	5	52183
8	106.5	3	52191
8	106.506	5	52195
8	106.633	10	52230
8	106.797	15	52290
8	106.964	20	52375
8	107.149	25	52485
8	107.364	30	52620
8	107.649	35	52780
8	107.956	40	52965
8	108.15	21	53077
8	108.2	23	53106
8	108.25	23	53118
8	108.3	24	53131
8	108.35	24	53146
8	108.358	25	53146
8	108.4	25	53162
8	108.45	13	53189
8	108.488	15	53203
8	108.5	15	53208
8	108.55	15	53218
8	108.6	8	53229
8	108.618	10	53238
8	108.65	5	53241
8	108.75	4	53255
8	108.751	5	53255
8	108.8	3	53261
8	108.83	5	53265
8	108.85	2	53266
8	108.9	2	53271
8	108.955	5	53278
8	109	3	53288
8	109.039	5	53292
8	109.05	2	53296
8	109.084	5	53303
8	109.1	2	53304
8	109.127	5	53311
8	109.257	10	53346
8	109.423	15	53406
8	109.592	20	53491
8	109.772	25	53601
8	110.007	30	53736
8	110.264	35	53896
8	110.565	40	54081
8	110.85	21	54247
8	110.9	23	54277
8	110.95	23	54289
8	111	24	54307
8	111.035	25	54316
8	111.05	25	54322
8	111.1	25	54340
8	111.15	13	54365
8	111.188	15	54379
8	111.2	15	54384
8	111.25	15	54394
8	111.3	8	54405
8	111.319	10	54414
8	111.35	5	54417
8	111.4	3	54424
8	111.418	5	54428
8	111.5	3	54434
8	111.535	5	54438
8	111.55	2	54441
8	111.6	2	54446
8	111.65	2	54451
8	111.703	5	54458
8	111.75	3	54467
8	111.755	5	54471
8	111.8	3	54482
8	111.837	5	54486
8	111.964	10	54521
8	112.126	15	54581
8	112.298	20	54666
8	112.489	25	54776
8	112.732	30	54911
8	112.997	35	55071
8	113.334	40	55256
8	113.45	20	55329
8	113.5	22	55357
8	113.55	22	55368
8	113.6	23	55380
8	113.65	23	55394
8	113.7	24	55411
8	113.707	25	55419
8	113.75	12	55436
8	113.8	14	55454
8	113.85	14	55463
8	113.87	15	55463
8	113.9	15	55473
8	113.95	8	55485
8	113.961	10	55494
8	114	5	55498
8	114.1	4	55515
8	114.101	5	55515
8	114.15	3	55522
8	114.172	5	55526
8	114.2	2	55529
8	114.255	5	55536
8	114.3	3	55546
8	114.34	5	55550
8	114.35	2	55554
8	114.385	5	55561
8	114.4	2	55562
8	114.427	5	55569
8	114.557	10	55604
8	114.726	15	55664
8	114.899	20	55749
8	115.08	25	55859
8	115.314	30	55994
8	115.57	35	56154
8	115.871	40	56339
8	116.15	21	56498
8	116.2	23	56528
8	116.25	23	56540
8	116.3	24	56561
8	116.335	25	56567
8	116.35	25	56580
8	116.4	13	56597
8	116.43	15	56611
8	116.45	15	56615
8	116.5	15	56624
8	116.55	8	56634
8	116.577	10	56643
8	116.6	5	56646
8	116.65	6	56652
8	116.7	3	56656
8	116.734	5	56660
8	116.8	3	56666
8	116.835	5	56670
8	116.85	2	56671
8	116.9	2	56676
8	116.96	5	56683
8	117	2	56688
8	117.044	5	56695
8	117.05	3	56701
8	117.088	5	56705
8	117.1	2	56710
8	117.134	5	56717
8	117.266	10	56752
8	117.435	15	56812
8	117.607	20	56897
8	117.794	25	57007
8	118.034	30	57142
8	118.294	35	57302
8	118.625	40	57487
8	118.8	21	57596
8	118.85	23	57625
8	118.9	23	57637
8	118.95	24	57650
8	119	24	57665
8	119.001	25	57665
8	119.05	25	57689
8	119.1	13	57713
8	119.136	15	57727
8	119.15	15	57732
8	119.2	15	57742
8	119.25	8	57753
8	119.266	10	57762
8	119.3	5	57765
8	119.4	4	57779
8	119.401	5	57779
8	119.45	3	57785
8	119.477	5	57789
8	119.5	2	57790
8	119.55	2	57795
8	119.603	5	57802
8	119.65	3	57813
8	119.688	5	57817
8	119.7	2	57821
8	119.733	5	57828
8	119.8	3	57838
8	119.816	5	57842
8	119.947	10	57877
8	120.115	15	57937
8	120.286	20	58022
8	120.476	25	58132
8	120.719	30	58267
8	120.984	35	58427
8	121.321	40	58612
8	121.45	20	58685
8	121.5	22	58713
8	121.55	22	58724
8	121.6	23	58736
8	121.65	24	58757
8	121.696	25	58775
8	121.7	12	58777
8	121.75	14	58794
8	121.8	14	58802
8	121.821	15	58804
8	121.85	15	58811
8	121.9	8	58822
8	121.92	10	58831
8	121.95	5	58835
8	122	3	58842
8	122.034	5	58846
8	122.1	2	58851
8	122.15	2	58855
8	122.2	2	58859
8	122.244	5	58866
8	122.3	3	58877
8	122.329	5	58881
8	122.35	2	58885
8	122.374	5	58892
8	122.4	2	58893
8	122.417	5	58900
8	122.546	10	58935
8	122.712	15	58995
8	122.881	20	59080
8	123.062	25	59190
8	123.297	30	59325
8	123.553	35	59485
8	123.854	40	59670
8	124.147	45	59880
8	124.15	22	59884
8	124.2	24	59919
8	124.233	25	59931
8	124.25	25	59935
8	124.25	25	59935
8	124.3	25	59954
8	124.35	26	59977
8	124.4	27	60007
8	124.45	14	60039
8	124.451	15	60039
8	124.55	17	60079
8	124.6	9	60095
8	124.606	10	60095
8	124.65	5	60112
8	124.7	3	60124
8	124.703	5	60128
8	124.75	3	60137
8	124.787	5	60141
8	124.8	2	60145
8	124.832	5	60152
8	124.9	3	60162
8	124.918	5	60166
8	125.045	10	60201
8	125.21	15	60261
8	125.378	20	60346
8	125.562	25	60456
8	126.65	2	60498
8	126.65	2	60498
8	126.65	2	60498
8	126.65	2	60498
8	126.65	2	60498
8	126.65	2	60498
8	126.65	2	60498
8	126.65	2	60498
8	126.65	2	60498
8	126.65	2	60498
8	126.65	2	60498
8	126.65	2	60498
8	126.65	2	60498
8	126.65	2	60498
8	126.65	2	60498
8	126.65	2	60498
8	126.65	2	60498
8	126.65	2	60498
8	126.65	2	60498
8	126.65	2	60498
8	126.685	5	60505
8	126.792	10	60540
8	126.968	15	60600
8	127.177	20	60685
8	127.471	25	60795
8	127.819	30	60930
8	128	16	60999
8	128	16	60999
8	128.05	18	61019
8	128.1	18	61030
8	128.15	19	61046
8	128.187	20	61053
8	128.2	10	61058
8	128.25	12	61071
8	128.3	12	61078
8	128.35	6	61086
8	128.45	4	61102
8	128.462	5	61102
8	128.5	3	61108
8	128.55	2	61112
8	128.65	2	61118
8	128.697	5	61125
8	128.7	2	61127
8	128.75	2	61133
8	128.821	5	61140
8	128.85	3	61146
8	128.865	5	61150
8	128.95	4	61169
8	128.951	5	61169
8	129.077	10	61204
8	129.24	15	61264
8	129.408	20	61349
8	129.589	25	61459
8	129.804	30	61594
8	130.089	35	61754
8	130.396	40	61939
8	130.6	21	62061
8	130.65	23	62090
8	130.7	23	62102
8	130.75	24	62115
8	130.8	24	62130
8	130.807	25	62130
8	130.85	25	62148
8	130.9	13	62174
8	130.938	15	62188
8	130.95	15	62193
8	131	15	62203
8	131.05	8	62214
8	131.069	10	62223
8	131.1	5	62226
8	131.15	3	62233
8	131.17	5	62237
8	131.2	2	62238
8	131.256	5	62245
8	131.3	3	62251
8	131.34	5	62255
8	131.35	2	62257
8	131.4	2	62263
8	131.465	5	62270
8	131.5	3	62276
8	131.509	5	62280
8	131.55	3	62288
8	131.554	5	62292
8	131.683	10	62327
8	131.849	15	62387
8	132.018	20	62472
8	132.197	25	62582
8	132.431	30	62717
8	132.687	35	62877
8	132.989	40	63062
8	133.25	21	63221
8	133.3	23	63251
8	133.35	23	63263
8	133.4	24	63276
8	133.443	25	63290
8	133.45	25	63291
8	133.5	13	63316
8	133.54	15	63330
8	133.55	15	63334
8	133.6	15	63343
8	133.65	8	63353
8	133.676	10	63362
8	133.7	5	63364
8	133.75	6	63370
8	133.8	3	63374
8	133.834	5	63378
8	133.9	3	63385
8	133.935	5	63389
8	133.95	2	63390
8	134	2	63395
8	134.06	5	63402
8	134.1	3	63408
8	134.105	5	63412
8	134.15	3	63421
8	134.187	5	63425
8	134.2	2	63430
8	134.233	5	63437
8	134.365	10	63472
8	134.536	15	63532
8	134.709	20	63617
8	134.895	25	63727
8	135.134	30	63862
8	135.394	35	64022
8	135.725	40	64207
8	135.9	21	64316
8	135.95	23	64345
8	136	23	64357
8	136.05	24	64370
8	136.1	24	64385
8	136.101	25	64385
8	136.15	25	64409
8	136.2	13	64433
8	136.236	15	64447
8	136.25	15	64452
8	136.3	15	64462
8	136.35	8	64473
8	136.366	10	64482
8	136.4	5	64485
8	136.5	4	64499
8	136.505	5	64499
8	136.55	3	64505
8	136.579	5	64509
8	136.6	2	64510
8	136.65	2	64515
8	136.704	5	64522
8	136.75	3	64533
8	136.79	5	64537
8	136.8	2	64541
8	136.835	5	64548
8	136.9	3	64558
8	136.917	5	64562
8	137.044	10	64597
8	137.208	15	64657
8	137.375	20	64742
8	137.56	25	64852
8	137.774	30	64987
8	138.059	35	65147
8	138.366	40	65332
8	138.6	21	65462
8	138.65	23	65491
8	138.7	23	65502
8	138.7	23	65502
8	138.75	24	65516
8	138.8	24	65531
8	138.812	25	65531
8	138.85	25	65547
8	138.95	13	65597
8	138.985	15	65611
8	139	15	65617
8	139.05	16	65627
8	139.1	16	65639
8	139.15	8	65652
8	139.158	10	65661
8	139.2	10	65669
8	139.3	6	65692
8	139.35	4	65703
8	139.366	5	65703
8	139.4	3	65711
8	139.419	5	65715
8	139.45	2	65718
8	139.495	5	65725
8	139.55	3	65741
8	139.586	5	65745
8	139.6	3	65751
8	139.63	5	65755
8	139.758	10	65790
8	139.921	15	65850
8	140.09	20	65935
8	140.279	25	66045
8	140.523	30	66180
8	140.787	35	66340
8	141.125	40	66525
8	141.25	20	66598
8	141.3	22	66626
8	141.35	22	66637
8	141.4	23	66649
8	141.45	24	66667
8	141.499	25	66688
8	141.5	12	66689
8	141.55	14	66706
8	141.6	14	66714
8	141.623	15	66716
8	141.65	15	66723
8	141.7	8	66734
8	141.722	10	66743
8	141.75	5	66746
8	141.8	3	66753
8	141.819	5	66757
8	141.9	3	66763
8	141.936	5	66767
8	141.95	2	66770
8	142	2	66775
8	142.069	5	66782
8	142.1	2	66786
8	142.146	5	66793
8	142.15	2	66794
8	142.189	5	66801
8	142.2	3	66808
8	142.238	5	66812
8	142.365	10	66847
8	142.534	15	66907
8	142.705	20	66992
8	142.89	25	67102
8	143.105	30	67237
8	143.39	35	67397
8	143.697	40	67582
8	143.9	21	67704
8	143.95	23	67733
8	144	23	67745
8	144.05	24	67758
8	144.1	24	67773
8	144.108	25	67773
8	144.15	25	67790
8	144.2	13	67816
8	144.238	15	67830
8	144.25	15	67835
8	144.3	15	67845
8	144.35	8	67856
8	144.369	10	67865
8	144.4	5	67868
8	144.45	3	67875
8	144.469	5	67879
8	144.55	3	67885
8	144.585	5	67889
8	144.6	2	67892
8	144.65	2	67897
8	144.7	2	67902
8	144.753	5	67909
8	144.8	3	67918
8	144.806	5	67922
8	144.85	3	67933
8	144.888	5	67937
8	145.015	10	67972
8	145.179	15	68032
8	145.351	20	68117
8	145.534	25	68227
8	145.748	30	68362
8	146.033	35	68522
8	146.323	40	68707
8	146.55	22	68883
8	146.6	24	68919
8	146.623	25	68930
8	146.65	25	68937
8	146.65	25	68937
8	146.7	26	68961
8	146.75	13	68993
8	146.784	15	69007
8	146.8	15	69017
8	146.9	8	69046
8	146.916	10	69055
8	146.95	10	69062
8	147	5	69076
8	147.05	4	69092
8	147.051	5	69092
8	147.1	3	69102
8	147.13	5	69106
8	147.15	2	69111
8	147.175	5	69118
8	147.307	10	69153
8	147.479	15	69213
8	147.651	20	69298
8	147.827	25	69408
8	148.033	30	69543
8	148.281	35	69703
8	148.565	40	69888
8	148.9	45	70098
8	149	23	70164
8	149.043	25	70188
8	149.05	25	70196
8	149.05	25	70196
8	149.1	25	70210
8	149.15	26	70225
8	149.2	27	70242
8	149.25	27	70261
8	149.3	14	70287
8	149.301	15	70287
8	149.35	16	70308
8	149.45	8	70332
8	149.476	10	70341
8	149.5	10	70344
8	149.55	10	70351
8	149.6	5	70362
8	149.65	3	70371
8	149.68	5	70375
8	149.75	3	70382
8	149.765	5	70386
8	149.8	2	70388
8	149.848	5	70395
8	149.85	2	70398
8	149.893	5	70405
8	149.9	2	70406
8	149.937	5	70413
8	150	3	70423
8	150.019	5	70427
8	150.149	10	70462
8	150.316	15	70522
8	151.441	10	70585
8	151.45	5	70586
8	151.45	5	70586
8	151.45	5	70586
8	151.45	5	70586
8	151.45	5	70586
8	151.45	5	70586
8	151.45	5	70586
8	151.45	5	70586
8	151.45	5	70586
8	151.45	5	70586
8	151.45	5	70586
8	151.45	5	70586
8	151.45	5	70586
8	151.45	5	70586
8	151.45	5	70586
8	151.45	5	70586
8	151.45	5	70586
8	151.45	5	70586
8	151.45	5	70586
8	151.45	5	70586
8	151.494	10	70616
8	151.554	15	70676
8	151.628	20	70761
8	151.722	25	70871
8	151.837	30	71006
8	151.974	35	71166
8	152.132	40	71351
8	152.311	45	71561
8	152.512	50	71796
8	152.734	55	72056
8	152.75	27	72076
8	152.75	27	72076
8	152.8	29	72119
8	152.8	29	72119
8	152.835	30	72133
8	152.85	30	72144
8	152.85	30	72144
8	152.9	31	72178
8	152.9	31	72178
8	152.95	32	72221
8	152.95	32	72221
8	153	17	72271
8	153.05	19	72303
8	153.05	19	72303
8	153.061	20	72308
8	153.1	10	72329
8	153.1	10	72329
8	153.15	12	72348
8	153.2	6	72364
8	153.25	4	72377
8	153.25	4	72377
8	153.254	5	72377
8	153.3	3	72384
8	153.323	5	72388
8	153.35	3	72394
8	153.35	3	72394
8	153.367	5	72398
8	153.4	3	72406
8	153.41	5	72410
8	153.45	3	72421
8	153.454	5	72425
8	153.5	4	72445
8	153.512	5	72445
8	153.55	4	72466
8	153.555	5	72466
8	153.6	4	72492
8	153.6	4	72492
8	153.601	5	72492
8	153.65	4	72527
8	153.65	5	72527
8	153.7	4	72559
8	153.703	5	72559
8	153.749	10	72594
8	153.75	5	72595
8	153.783	10	72625
8	153.846	15	72685
8	153.919	20	72770
8	154.012	25	72880
8	154.128	30	73015
8	154.264	35	73175
8	154.422	40	73360
8	154.601	45	73570
8	154.802	50	73805
8	155.024	55	74065
8	155.05	27	74096
8	155.05	27	74096
8	155.1	29	74139
8	155.1	29	74139
8	155.135	30	74153
8	155.15	30	74164
8	155.15	30	74164
8	155.2	31	74198
8	155.2	31	74198
8	155.25	32	74242
8	155.25	32	74242
8	155.3	17	74291
8	155.3	17	74291
8	155.35	19	74324
8	155.359	20	74328
8	155.4	10	74351
8	155.4	10	74351
8	155.45	12	74370
8	155.5	6	74385
8	155.5	6	74385
8	155.55	4	74401
8	155.554	5	74401
8	155.6	3	74411
8	155.632	5	74415
8	155.65	2	74418
8	155.65	2	74418
8	155.676	5	74425
8	155.7	3	74433
8	155.719	5	74437
8	155.75	3	74447
8	155.761	5	74451
8	155.8	3	74463
8	155.804	5	74467
8	155.85	4	74491
8	155.85	4	74491
8	155.851	5	74491
8	155.9	4	74518
8	155.907	5	74518
8	155.95	4	74547
8	155.951	5	74547
8	155.999	10	74582
8	156	5	74584
8	156.04	10	74614
8	156.05	5	74626
8	156.088	10	74656
8	156.151	15	74716
8	156.224	20	74801
8	156.318	25	74911
8	156.433	30	75046
8	156.569	35	75206
8	156.727	40	75391
8	156.907	45	75601
8	157.107	50	75836
8	157.329	55	76096
8	157.35	27	76121
8	157.35	27	76121
8	157.4	29	76164
8	157.4	29	76164
8	157.435	30	76178
8	157.45	30	76189
8	157.45	30	76189
8	157.5	31	76223
8	157.5	31	76223
8	157.55	32	76266
8	157.55	32	76266
8	157.6	17	76316
8	157.6	17	76316
8	157.65	19	76349
8	157.659	20	76353
8	157.7	10	76376
8	157.7	10	76376
8	157.75	12	76395
8	157.8	6	76410
8	157.8	6	76410
8	157.85	4	76426
8	157.854	5	76426
8	157.9	3	76436
8	157.932	5	76440
8	157.95	2	76443
8	157.95	2	76443
8	157.976	5	76450
8	158	3	76458
8	158.019	5	76462
8	158.05	3	76472
8	158.061	5	76476
8	158.1	3	76488
8	158.104	5	76492
8	158.15	4	76515
8	158.15	4	76515
8	158.15	5	76515
8	158.2	4	76543
8	158.207	5	76543
8	158.25	4	76572
8	158.251	5	76572
8	158.299	10	76607
8	158.3	5	76609
8	158.34	10	76639
8	158.35	5	76651
8	158.388	10	76681
8	158.451	15	76741
8	158.524	20	76826
8	158.618	25	76936
8	158.733	30	77071
8	158.87	35	77231
8	159.027	40	77416
8	159.207	45	77626
8	159.407	50	77861
8	159.629	55	78121
8	159.65	27	78146
8	159.65	27	78146
8	159.7	29	78189
8	159.7	29	78189
8	159.735	30	78203
8	159.75	30	78214
8	159.75	30	78214
8	159.8	31	78248
8	159.8	31	78248
8	159.85	32	78291
8	159.85	32	78291
8	159.9	17	78341
8	159.9	17	78341
8	159.95	19	78374
8	159.959	20	78378
8	160	10	78401
8	160	10	78401
8	160.05	12	78420
8	160.1	6	78435
8	160.1	6	78435
8	160.15	4	78451
8	160.154	5	78451
8	160.2	3	78461
8	160.232	5	78465
8	160.25	2	78468
8	160.25	2	78468
8	160.276	5	78475
8	160.3	3	78483
8	160.319	5	78487
8	160.35	3	78497
8	160.361	5	78501
8	160.4	3	78513
8	160.404	5	78517
8	160.45	4	78540
8	160.45	5	78540
8	160.5	4	78566
8	160.5	4	78566
8	160.507	5	78566
8	160.55	4	78594
8	160.55	5	78594
8	160.598	10	78629
8	160.6	5	78632
8	160.64	10	78662
8	160.65	5	78673
8	160.688	10	78703
8	160.75	15	78763
8	160.823	20	78848
8	160.917	25	78958
8	161.032	30	79093
8	161.169	35	79253
8	161.327	40	79438
8	161.506	45	79648
8	161.707	50	79883
8	161.929	55	80143
8	161.95	27	80169
8	161.95	27	80169
8	162	29	80212
8	162	29	80212
8	162.036	30	80226
8	162.05	30	80237
8	162.05	30	80237
8	162.1	31	80270
8	162.1	31	80270
8	162.15	32	80313
8	162.15	32	80313
8	162.2	17	80361
8	162.2	17	80361
8	162.25	19	80393
8	162.26	20	80398
8	162.3	10	80420
8	162.3	10	80420
8	162.35	12	80439
8	162.4	6	80454
8	162.4	6	80454
8	162.45	4	80469
8	162.454	5	80469
8	162.5	3	80477
8	162.532	5	80481
8	162.55	2	80484
8	162.55	2	80484
8	162.576	5	80491
8	162.6	3	80499
8	162.619	5	80503
8	162.65	3	80513
8	162.662	5	80517
8	162.7	3	80529
8	162.704	5	80533
8	162.75	4	80554
8	162.75	4	80554
8	162.75	5	80554
8	162.8	4	80582
8	162.807	5	80582
8	162.85	4	80610
8	162.851	5	80610
8	162.899	10	80645
8	162.9	5	80647
8	163.945	10	80668
8	163.95	5	80669
8	163.95	5	80669
8	163.95	5	80669
8	163.95	5	80669
8	163.95	5	80669
8	163.95	5	80669
8	163.95	5	80669
8	163.95	5	80669
8	163.95	5	80669
8	163.95	5	80669
8	163.95	5	80669
8	163.95	5	80669
8	163.95	5	80669
8	163.95	5	80669
8	163.95	5	80669
8	163.996	10	80699
8	164.059	15	80759
8	164.133	20	80844
8	164.226	25	80954
8	164.342	30	81089
8	164.478	35	81249
8	164.636	40	81434
8	164.815	45	81644
8	165.016	50	81879
8	165.238	55	82139
8	165.25	27	82154
8	165.25	27	82154
8	165.3	29	82197
8	165.3	29	82197
8	165.336	30	82211
8	165.35	30	82222
8	165.35	30	82222
8	165.4	31	82256
8	165.4	31	82256
8	165.45	32	82299
8	165.45	32	82299
8	165.5	17	82349
8	165.55	19	82381
8	165.55	19	82381
8	165.561	20	82386
8	165.6	10	82407
8	165.65	12	82425
8	165.65	12	82425
8	165.7	6	82440
8	165.75	4	82452
8	165.75	4	82452
8	165.754	5	82452
8	165.8	3	82463
8	165.84	5	82467
8	165.85	2	82470
8	165.885	5	82477
8	165.9	2	82478
8	165.9	2	82478
8	165.926	5	82485
8	165.95	3	82495
8	165.968	5	82499
8	166	3	82511
8	166.011	5	82515
8	166.05	3	82531
8	166.054	5	82535
8	166.1	4	82560
8	166.1	5	82560
8	166.15	4	82589
8	166.15	4	82589
8	166.157	5	82589
8	166.2	4	82619
8	166.201	5	82619
8	166.247	10	82654
8	166.25	5	82658
8	166.288	10	82688
8	166.346	15	82748
8	166.42	20	82833
8	166.514	25	82943
8	166.629	30	83078
8	166.766	35	83238
8	166.924	40	83423
8	167.103	45	83633
8	167.304	50	83868
8	167.526	55	84128
8	167.55	27	84157
8	167.55	27	84157
8	167.6	29	84200
8	167.6	29	84200
8	167.635	30	84214
8	167.65	30	84225
8	167.65	30	84225
8	167.7	31	84259
8	167.7	31	84259
8	167.75	32	84303
8	167.75	32	84303
8	167.8	17	84352
8	167.8	17	84352
8	167.85	19	84385
8	167.858	20	84389
8	167.9	10	84412
8	167.9	10	84412
8	167.95	12	84431
8	168	6	84446
8	168	6	84446
8	168.05	4	84462
8	168.054	5	84462
8	168.1	3	84472
8	168.132	5	84476
8	168.15	2	84479
8	168.15	2	84479
8	168.176	5	84486
8	168.2	3	84494
8	168.219	5	84498
8	168.25	3	84508
8	168.261	5	84512
8	168.3	3	84524
8	168.304	5	84528
8	168.35	4	84552
8	168.35	4	84552
8	168.351	5	84552
8	168.4	4	84579
8	168.407	5	84579
8	168.45	4	84608
8	168.451	5	84608
8	168.499	10	84643
8	168.5	5	84645
8	168.539	10	84675
8	168.55	5	84687
8	168.588	10	84717
8	168.651	15	84777
8	168.724	20	84862
8	168.818	25	84972
8	168.933	30	85107
8	169.069	35	85267
8	169.227	40	85452
8	169.407	45	85662
8	169.607	50	85897
8	169.829	55	86157
8	169.85	27	86182
8	169.85	27	86182
8	169.9	29	86225
8	169.9	29	86225
8	169.935	30	86239
8	169.95	30	86250
8	169.95	30	86250
8	170	31	86284
8	170	31	86284
8	170.05	32	86328
8	170.05	32	86328
8	170.1	17	86377
8	170.1	17	86377
8	170.15	19	86410
8	170.159	20	86414
8	170.2	10	86437
8	170.2	10	86437
8	170.25	12	86456
8	170.3	6	86471
8	170.3	6	86471
8	170.35	4	86487
8	170.354	5	86487
8	170.4	3	86497
8	170.432	5	86501
8	170.45	2	86504
8	170.45	2	86504
8	170.476	5	86511
8	170.5	3	86519
8	170.519	5	86523
8	170.55	3	86533
8	170.561	5	86537
8	170.6	3	86549
8	170.604	5	86553
8	170.65	4	86577
8	170.65	4	86577
8	170.651	5	86577
8	170.7	4	86604
8	170.707	5	86604
8	170.75	4	86633
8	170.751	5	86633
8	170.799	10	86668
8	170.8	5	86670
8	170.84	10	86700
8	170.85	5	86712
8	170.888	10	86742
8	170.951	15	86802
8	171.024	20	86887
8	171.118	25	86997
8	171.233	30	87132
8	171.369	35	87292
8	171.527	40	87477
8	171.707	45	87687
8	171.907	50	87922
8	172.129	55	88182
8	172.15	27	88207
8	172.15	27	88207
8	172.2	29	88250
8	172.2	29	88250
8	172.235	30	88264
8	172.25	30	88275
8	172.25	30	88275
8	172.3	31	88309
8	172.3	31	88309
8	172.35	32	88353
8	172.35	32	88353
8	172.4	17	88402
8	172.4	17	88402
8	172.45	19	88435
8	172.459	20	88439
8	172.5	10	88462
8	172.5	10	88462
8	172.55	12	88481
8	172.6	6	88496
8	172.6	6	88496
8	172.65	4	88512
8	172.654	5	88512
8	172.7	3	88522
8	172.732	5	88526
8	172.75	2	88529
8	172.75	2	88529
8	172.776	5	88536
8	172.8	3	88544
8	172.819	5	88548
8	172.85	3	88558
8	172.861	5	88562
8	172.9	3	88574
8	172.904	5	88578
8	172.95	4	88602
8	172.95	4	88602
8	172.951	5	88602
8	173	4	88629
8	173.007	5	88629
8	173.05	4	88658
8	173.051	5	88658
8	173.099	10	88693
8	173.1	5	88695
8	173.14	10	88725
8	173.15	5	88737
8	173.188	10	88767
8	173.251	15	88827
8	173.324	20	88912
8	173.418	25	89022
8	173.533	30	89157
8	173.67	35	89317
8	173.827	40	89502
8	174.007	45	89712
8	174.207	50	89947
8	174.429	55	90207
8	174.45	27	90232
8	174.45	27	90232
8	174.5	29	90275
8	174.5	29	90275
8	174.535	30	90289
8	174.55	30	90300
8	174.55	30	90300
8	174.6	31	90334
8	174.6	31	90334
8	174.65	32	90377
8	174.65	32	90377
8	174.7	17	90427
8	174.7	17	90427
8	174.75	19	90460
8	174.759	20	90464
8	174.8	10	90487
8	174.8	10	90487
8	174.85	12	90506
8	174.9	6	90521
8	174.9	6	90521
8	174.95	4	90537
8	174.954	5	90537
8	175	3	90547
8	175.032	5	90551
8	175.05	2	90554
8	175.05	2	90554
8	175.076	5	90561
8	175.1	3	90569
8	175.119	5	90573
8	175.15	3	90583
8	175.161	5	90587
8	175.2	3	90599
8	175.204	5	90603
8	175.25	4	90626
8	175.25	4	90626
8	175.25	5	90626
8	175.3	4	90654
8	175.307	5	90654
8	175.35	4	90683
8	175.351	5	90683
8	175.399	10	90718
8	175.4	5	90720
8	176.45	5	90747
8	176.45	5	90747
8	176.45	5	90747
8	176.45	5	90747
8	176.45	5	90747
8	176.45	5	90747
8	176.45	5	90747
8	176.45	5	90747
8	176.45	5	90747
8	176.45	5	90747
8	176.45	5	90747
8	176.45	5	90747
8	176.45	5	90747
8	176.45	5	90747
8	176.45	5	90747
8	176.45	5	90747
8	176.45	5	90747
8	176.474	10	90751
8	176.479	15	90756
8	176.495	20	90761
8	176.499	25	90766
8	176.986	30	90877
8	177.5	16	90989
8	177.5	16	90989
8	177.5	16	90989
8	177.5	16	90989
8	177.5	16	90989
8	177.5	16	90989
8	177.5	16	90989
8	177.5	16	90989
8	177.5	16	90989
8	177.5	16	90989
8	177.5	16	90989
8	177.5	16	90989
8	177.5	16	90989
8	177.5	16	90989
8	177.5	16	90989
8	177.5	16	90989
8	177.5	16	90989
8	177.55	17	91000
8	177.55	17	91000
8	177.55	17	91000
8	177.65	18	91024
8	177.7	20	91043
8	177.75	10	91061
8	177.9	6	91092
8	178	4	91111
8	178.037	5	91111
8	178.15	3	91125
8	178.168	5	91129
8	178.3	3	91143
8	178.337	5	91147
8	178.45	3	91160
8	178.464	5	91164
8	178.55	3	91178
8	178.55	3	91178
8	178.55	3	91178
8	178.59	5	91182
8	178.6	3	91188
8	178.633	5	91192
8	178.762	10	91227
8	178.931	15	91287
8	179.102	20	91372
8	179.288	25	91482
8	179.502	30	91617
8	179.787	35	91777
8	180.094	40	91962
8	180.3	21	92084
8	180.35	23	92113
8	180.4	23	92125
8	180.45	24	92138
8	180.5	24	92153
8	180.505	25	92153
8	180.55	25	92173
8	180.6	13	92199
8	180.638	15	92213
8	180.65	15	92218
8	180.7	15	92228
8	180.75	8	92239
8	180.768	10	92248
8	180.8	5	92251
8	180.85	3	92258
8	180.87	5	92262
8	180.9	2	92263
8	180.957	5	92270
8	181	3	92276
8	181.041	5	92280
8	181.05	2	92282
8	181.1	2	92288
8	181.166	5	92295
8	181.2	3	92301
8	181.211	5	92305
8	181.25	2	92310
8	181.257	5	92317
8	181.389	10	92352
8	181.558	15	92412
8	181.73	20	92497
8	181.916	25	92607
8	182.155	30	92742
8	182.415	35	92902
8	182.746	40	93087
8	182.95	21	93210
8	183	23	93239
8	183.05	23	93251
8	183.1	24	93264
8	183.15	24	93279
8	183.158	25	93279
8	183.2	25	93296
8	183.25	13	93321
8	183.289	15	93335
8	183.3	15	93340
8	183.35	15	93350
8	183.4	8	93361
8	183.42	10	93370
8	183.45	5	93373
8	183.5	3	93380
8	183.518	5	93384
8	183.55	2	93385
8	183.603	5	93392
8	183.65	3	93398
8	183.688	5	93402
8	183.7	2	93404
8	183.75	2	93410
8	183.812	5	93417
8	183.85	3	93423
8	183.856	5	93427
8	183.9	3	93438
8	183.938	5	93442
8	184.065	10	93477
8	184.201	15	93537
8	184.372	20	93622
8	184.579	25	93732
8	184.794	30	93867
8	185.079	35	94027
8	185.385	40	94212
8	185.6	21	94340
8	185.65	23	94369
8	185.65	23	94369
8	185.7	23	94381
8	185.75	24	94394
8	185.8	24	94409
8	185.802	25	94409
8	185.85	25	94433
8	185.9	13	94456
8	185.936	15	94470
8	185.95	15	94475
8	186.05	8	94495
8	186.066	10	94504
8	186.1	5	94506
8	186.15	3	94514
8	186.2	4	94518
8	186.233	5	94518
8	186.25	2	94521
8	186.326	5	94528
8	186.35	2	94529
8	186.4	2	94534
8	186.45	2	94540
8	186.493	5	94547
8	186.55	3	94560
8	186.578	5	94564
8	186.6	3	94570
8	186.621	5	94574
8	186.749	10	94609
8	186.913	15	94669
8	187.08	20	94754
8	187.267	25	94864
8	187.482	30	94999
8	187.767	35	95159
8	188.073	40	95344
8	188.3	21	95466
8	188.35	23	95495
8	188.4	23	95508
8	188.4	23	95508
8	188.45	24	95528
8	188.484	25	95535
8	188.5	25	95549
8	188.55	13	95567
8	188.58	15	95581
8	188.65	15	95595
8	188.7	8	95605
8	188.709	10	95614
8	188.75	5	95618
8	188.8	6	95624
8	188.85	3	95628
8	188.884	5	95632
8	188.9	2	95633
8	188.969	5	95640
8	189	2	95642
8	189.05	2	95647
8	189.095	5	95654
8	189.1	2	95657
8	189.177	5	95664
8	189.2	3	95671
8	189.222	5	95675
8	189.25	2	95680
8	189.267	5	95687
8	189.397	10	95722
8	189.563	15	95782
8	189.732	20	95867
8	189.919	25	95977
8	190.158	30	96112
8	190.419	35	96272
8	190.75	40	96457
8	190.95	21	96576
8	191	23	96605
8	191.05	23	96617
8	191.1	24	96630
8	191.15	24	96645
8	191.154	25	96645
8	191.2	25	96667
8	191.25	13	96693
8	191.288	15	96707
8	191.3	15	96712
8	191.35	15	96722
8	191.4	8	96733
8	191.418	10	96742
8	191.45	5	96745
8	191.5	3	96752
8	191.518	5	96756
8	191.6	3	96762
8	191.635	5	96766
8	191.65	2	96769
8	191.7	2	96774
8	191.75	2	96779
8	191.803	5	96786
8	191.85	3	96795
8	191.855	5	96799
8	191.9	3	96810
8	191.937	5	96814
8	192.064	10	96849
8	192.222	15	96909
8	192.392	20	96994
8	192.583	25	97104
8	192.826	30	97239
8	193.091	35	97399
8	193.428	40	97584
8	193.55	20	97657
8	193.6	22	97685
8	193.65	22	97696
8	193.7	23	97708
8	193.75	23	97722
8	193.8	24	97745
8	193.802	25	97747
8	193.85	12	97767
8	193.9	14	97785
8	193.95	14	97794
8	193.966	15	97794
8	194	15	97804
8	194.05	8	97816
8	194.058	10	97825
8	194.1	5	97833
8	194.2	4	97847
8	194.209	5	97847
8	194.25	3	97854
8	194.268	5	97858
8	194.3	2	97860
8	194.351	5	97867
8	194.4	3	97879
8	194.437	5	97883
8	194.45	2	97888
8	194.483	5	97895
8	194.5	2	97896
8	194.526	5	97903
8	194.655	10	97938
8	194.821	15	97998
8	194.99	20	98083
8	195.171	25	98193
8	195.406	30	98328
8	195.662	35	98488
8	195.964	40	98673
8	196.25	22	98841
8	196.3	24	98872
8	196.35	24	98885
8	196.372	25	98888
8	196.4	25	98900
8	196.45	26	98916
8	196.5	26	98936
8	196.55	13	98964
8	196.588	15	98978
8	196.6	15	98984
8	196.65	16	98994
8	196.7	16	99006
8	196.75	8	99019
8	196.761	10	99028
8	196.8	10	99033
8	196.85	5	99046
8	196.95	4	99063
8	196.951	5	99063
8	197	3	99071
8	197.013	5	99075
8	197.05	2	99078
8	197.095	5	99085
8	197.15	3	99101
8	197.182	5	99105
8	197.2	3	99111
8	197.226	5	99115
8	197.353	10	99150
8	197.517	15	99210
8	197.684	20	99295
8	197.862	25	99405
8	198.066	30	99540
8	198.313	35	99700
8	198.604	40	99885
8	198.91	45	100095
8	199	23	100166
8	199.031	25	100190
8	199.05	25	100201
8	199.1	26	100217
8	199.15	26	100235
8	199.2	27	100260
8	199.25	14	100289
8	199.25	15	100289
8	199.3	16	100311
8	199.35	8	100323
8	199.375	10	100332
8	199.4	10	100336
8	199.45	5	100344
8	199.5	3	100353
8	199.511	5	100357
8	199.55	2	100359
8	199.595	5	100366
8	199.65	3	100374
8	199.679	5	100378
8	199.7	2	100381
8	199.75	2	100388
8	199.8	2	100395
8	199.809	5	100402
8	199.97	10	100437
