9	1.0486	10	4
9	1.09037	15	9
9	1.09806	20	14
9	1.13213	25	19
9	1.35036	30	130
9	1.61072	35	290
9	1.90476	40	475
9	2.1	21	596
9	2.1	21	596
9	2.1	21	596
9	2.1	21	596
9	2.15	23	627
9	2.25658	25	665
9	2.52	30	800
9	2.75	17	930
9	2.8	19	958
9	2.82213	20	967
9	2.85	20	973
9	2.95	11	1020
9	3	13	1039
9	3.05	7	1051
9	3.1179	10	1068
9	3.331	15	1128
9	3.5441	20	1213
9	3.75719	25	1323
9	3.97834	30	1458
9	4.25786	35	1618
9	4.5596	40	1803
9	4.90664	45	2013
9	5.05	23	2097
9	5.07075	25	2121
9	5.1	25	2127
9	5.15	25	2138
9	5.25	26	2168
9	5.3	27	2182
9	5.35	27	2199
9	5.4	14	2221
9	5.40075	15	2221
9	5.45	16	2239
9	5.55	8	2255
9	5.6	9	2264
9	5.61215	10	2264
9	5.65	10	2267
9	5.75	5	2281
9	5.8	6	2287
9	5.85	3	2290
9	5.91112	5	2294
9	5.95	2	2296
9	6	2	2300
9	6.09321	5	2307
9	6.3063	10	2342
9	6.51982	15	2402
9	6.73721	20	2487
9	6.9546	25	2597
9	7.18613	30	2732
9	7.47164	35	2892
9	7.77851	40	3077
9	8.15634	45	3287
9	8.2	22	3315
9	8.25	24	3344
9	8.31337	25	3362
9	8.35	25	3366
9	8.4	25	3386
9	8.45	26	3399
9	8.5	27	3414
9	8.55	27	3432
9	8.6	14	3452
9	8.6006	15	3452
9	8.7	16	3479
9	8.75	8	3490
9	8.78524	10	3499
9	8.8	10	3500
9	8.9	5	3510
9	8.95	6	3516
9	9.05	3	3523
9	9.09406	5	3527
9	9.1	2	3528
9	9.2	2	3533
9	9.30488	5	3540
9	9.52227	10	3575
9	9.73966	15	3635
9	9.95705	20	3720
9	10.1744	25	3830
9	10.4095	30	3965
9	10.7001	35	4125
9	11.0378	40	4310
9	11.3968	45	4520
9	11.4	22	4524
9	11.45	24	4552
9	11.5	24	4561
9	11.55	24	4571
9	11.5691	25	4571
9	11.6	25	4582
9	11.65	25	4595
9	11.75	27	4635
9	11.8	14	4653
9	11.8009	15	4653
9	11.85	16	4671
9	11.9	16	4679
9	12	9	4703
9	12.0006	10	4703
9	12.05	5	4714
9	12.1	6	4719
9	12.2	3	4724
9	12.25	4	4727
9	12.2918	5	4728
9	12.35	2	4732
9	12.4	3	4735
9	12.4597	5	4739
9	12.6737	10	4774
9	12.8911	15	4834
9	13.1085	20	4919
9	13.3259	25	5029
9	13.561	30	5164
9	13.8516	35	5324
9	14.1893	40	5509
9	14.5483	45	5719
9	14.55	22	5722
9	14.6	24	5750
9	14.65	24	5759
9	14.7	24	5769
9	14.7197	25	5769
9	14.75	25	5780
9	14.8	25	5793
9	14.9	27	5833
9	14.95	14	5851
9	14.9507	15	5851
9	15	16	5869
9	15.05	16	5877
9	15.15	9	5901
9	15.1506	10	5901
9	15.2	5	5912
9	15.25	6	5917
9	15.35	3	5922
9	15.4	4	5925
9	15.4418	5	5926
9	15.5	2	5930
9	15.55	3	5933
9	15.6097	5	5937
9	15.8228	10	5972
9	16.0359	15	6032
9	16.249	20	6117
9	16.4621	25	6227
9	16.6929	30	6362
9	16.9784	35	6522
9	17.2852	40	6707
9	17.6631	45	6917
9	17.7	22	6944
9	17.75	24	6973
9	17.8192	25	6991
9	17.85	25	6993
9	17.9	25	7010
9	17.95	26	7028
9	18	27	7043
9	18.05	27	7061
9	18.1	14	7079
9	18.1006	15	7079
9	18.2	16	7108
9	18.25	8	7121
9	18.2869	10	7130
9	18.3	10	7131
9	18.4	5	7141
9	18.45	6	7147
9	18.55	3	7154
9	18.5941	5	7158
9	18.6	2	7159
9	18.7	2	7164
9	18.8037	5	7171
9	19.0168	10	7206
9	19.2299	15	7266
9	19.443	20	7351
9	19.6561	25	7461
9	19.8912	30	7596
9	20.1818	35	7756
9	20.5195	40	7941
9	20.85	22	8130
9	20.9	24	8158
9	20.9868	25	8177
9	21	25	8178
9	21.05	25	8197
9	21.1	26	8212
9	21.15	26	8227
9	21.2	13	8246
9	21.2409	15	8260
9	21.25	15	8263
9	21.35	16	8277
9	21.4	16	8287
9	21.45	8	8299
9	21.4855	10	8308
9	21.55	10	8315
9	21.6	5	8321
9	21.7	3	8333
9	21.75	4	8337
9	21.7597	5	8337
9	21.85	3	8346
9	21.8858	5	8350
9	22.0989	10	8385
9	22.3144	15	8445
9	22.5317	20	8530
9	22.7491	25	8640
9	22.9807	30	8775
9	23.2662	35	8935
9	23.573	40	9120
9	23.9509	45	9330
9	24	22	9359
9	24.05	24	9388
9	24.1336	25	9406
9	24.15	25	9416
9	24.2	25	9428
9	24.25	26	9441
9	24.3	26	9456
9	24.35	27	9476
9	24.4	14	9501
9	24.4003	15	9501
9	24.5	16	9528
9	24.55	8	9537
9	24.5835	10	9546
9	24.6	10	9547
9	24.7	5	9559
9	24.75	6	9565
9	24.85	3	9572
9	24.9	4	9576
9	24.9047	5	9576
9	25	3	9585
9	25.0308	5	9589
9	25.2439	10	9624
9	25.457	15	9684
9	25.6701	20	9769
9	25.8832	25	9879
9	26.0963	30	10014
9	27.248	10	10087
9	27.25	5	10088
9	27.25	5	10088
9	27.25	5	10088
9	27.3793	10	10118
9	27.5618	15	10178
9	27.7626	20	10263
9	27.9883	25	10373
9	28.2833	30	10508
9	28.6296	35	10668
9	28.85	18	10765
9	28.85	18	10765
9	28.8706	20	10784
9	28.9	20	10788
9	28.95	20	10798
9	29	21	10815
9	29.1	22	10841
9	29.15	11	10855
9	29.2	13	10870
9	29.25	13	10877
9	29.3	7	10891
9	29.4	4	10905
9	29.4205	5	10905
9	29.45	5	10910
9	29.5	3	10913
9	29.5492	5	10917
9	29.6	3	10923
9	29.6354	5	10927
9	29.65	2	10928
9	29.7189	5	10935
9	29.75	2	10938
9	29.8	2	10944
9	29.8442	5	10951
9	29.9772	10	10986
9	30.1784	15	11046
9	30.3547	20	11131
9	30.547	25	11241
9	30.8266	30	11376
9	31.1276	35	11536
9	31.4774	40	11721
9	31.55	20	11762
9	31.55	20	11762
9	31.6	22	11788
9	31.65	22	11798
9	31.7	23	11809
9	31.8	24	11845
9	31.8366	25	11852
9	31.85	12	11861
9	31.9	14	11877
9	31.95	14	11884
9	31.9705	15	11888
9	32	15	11892
9	32.1	8	11920
9	32.1393	10	11929
9	32.15	10	11932
9	32.2	10	11939
9	32.3	6	11956
9	32.35	4	11967
9	32.3507	5	11967
9	32.4	3	11976
9	32.4359	5	11980
9	32.5	3	11990
9	32.5221	5	11994
9	32.55	2	11997
9	32.6039	5	12004
9	32.7504	10	12039
9	32.9381	15	12099
9	33.112	20	12184
9	33.3309	25	12294
9	33.5832	30	12429
9	33.8842	35	12589
9	34.2339	40	12774
9	34.3	20	12810
9	34.35	22	12836
9	34.4	22	12846
9	34.45	23	12857
9	34.5	23	12870
9	34.55	24	12892
9	34.5863	25	12900
9	34.6	12	12911
9	34.65	14	12928
9	34.7	14	12936
9	34.7193	15	12938
9	34.75	15	12945
9	34.85	8	12976
9	34.8881	10	12985
9	34.9	10	12989
9	34.95	5	12997
9	35.05	4	13012
9	35.0569	5	13012
9	35.1	3	13019
9	35.1038	5	13023
9	35.2	3	13038
9	35.23	5	13042
9	35.25	2	13046
9	35.3127	5	13053
9	35.4457	10	13088
9	35.6468	15	13148
9	35.8208	20	13233
9	36.0096	25	13343
9	36.2534	30	13478
9	36.5441	35	13638
9	36.8819	40	13823
9	37.1	21	13959
9	37.15	23	13988
9	37.2	23	13999
9	37.25	24	14011
9	37.3	24	14025
9	37.3063	25	14028
9	37.35	25	14046
9	37.4	13	14069
9	37.4376	15	14083
9	37.45	15	14087
9	37.5	15	14096
9	37.55	8	14106
9	37.5753	10	14115
9	37.6	5	14117
9	37.7	3	14126
9	37.7441	5	14130
9	37.75	2	14131
9	37.8	3	14134
9	37.8703	5	14138
9	37.9	2	14141
9	37.95	2	14146
9	37.9973	5	14153
9	38.05	3	14163
9	38.0817	5	14167
9	38.2479	10	14202
9	38.4184	15	14262
9	38.5949	20	14347
9	38.8103	25	14457
9	39.0583	30	14592
9	39.3542	35	14752
9	39.6979	40	14937
9	39.85	21	15022
9	39.9	23	15050
9	39.95	23	15062
9	40	24	15076
9	40.05	24	15090
9	40.0573	25	15091
9	40.1	25	15105
9	40.15	13	15130
9	40.1894	15	15144
9	40.2	15	15148
9	40.25	15	15157
9	40.3	8	15167
9	40.3262	10	15176
9	40.4	5	15184
9	40.45	6	15190
9	40.5	3	15197
9	40.5367	5	15201
9	40.6	2	15206
9	40.65	2	15210
9	40.7	2	15214
9	40.7464	5	15221
9	40.8	3	15232
9	40.8317	5	15236
9	40.9979	10	15271
9	41.1714	15	15331
9	41.3521	20	15416
9	41.5743	25	15526
9	41.8266	30	15661
9	42.1276	35	15821
9	42.4773	40	16006
9	42.55	20	16039
9	42.6	22	16065
9	42.65	22	16075
9	42.7	23	16086
9	42.75	24	16107
9	42.8	24	16124
9	42.8287	25	16129
9	42.85	12	16140
9	42.9	14	16157
9	42.95	14	16165
9	42.9617	15	16167
9	43.05	8	16191
9	43.0896	10	16200
9	43.1	5	16202
9	43.15	6	16208
9	43.2	3	16212
9	43.2355	5	16216
9	43.3	2	16221
9	43.35	2	16226
9	43.4264	5	16233
9	43.45	2	16237
9	43.5	2	16243
9	43.5525	5	16250
9	43.7086	10	16285
9	43.8867	15	16345
9	44.0641	20	16430
9	44.282	25	16540
9	44.53	30	16675
9	44.8258	35	16835
9	45.1696	40	17020
9	45.3	20	17100
9	45.35	22	17127
9	45.4	22	17137
9	45.45	23	17148
9	45.5	23	17161
9	45.55	24	17183
9	45.5852	25	17190
9	45.6	12	17202
9	45.65	14	17219
9	45.7	14	17227
9	45.7191	15	17229
9	45.75	15	17236
9	45.85	8	17267
9	45.8887	10	17276
9	45.9	10	17280
9	45.95	5	17288
9	46.05	4	17303
9	46.0575	5	17303
9	46.1	3	17310
9	46.1044	5	17314
9	46.2	3	17329
9	46.2305	5	17333
9	46.25	2	17337
9	46.3132	5	17344
9	46.4463	10	17379
9	46.6474	15	17439
9	46.8213	20	17524
9	47.0085	25	17634
9	47.2522	30	17769
9	47.543	35	17929
9	47.8808	40	18114
9	48.1	21	18251
9	48.15	23	18280
9	48.2	23	18291
9	48.25	24	18303
9	48.3	24	18317
9	48.306	25	18320
9	48.35	25	18338
9	48.4	13	18361
9	48.4364	15	18375
9	48.45	15	18379
9	48.5	15	18388
9	48.55	8	18398
9	48.5753	10	18407
9	48.6	5	18409
9	48.7	3	18418
9	48.7441	5	18422
9	48.75	2	18423
9	48.8	3	18426
9	48.8703	5	18430
9	48.9	2	18433
9	48.95	2	18438
9	48.9973	5	18445
9	49.05	3	18455
9	49.0817	5	18459
9	49.2479	10	18494
9	49.4749	15	18554
9	49.7381	20	18639
9	50.0375	25	18749
9	50.25	14	18837
9	50.25	14	18837
9	50.25	14	18837
9	50.25	14	18837
9	50.2838	15	18837
9	50.5524	20	18922
9	50.75	11	18982
9	50.8	13	18998
9	50.85	7	19015
9	50.9	4	19025
9	50.9296	5	19025
9	50.95	3	19031
9	51.0166	5	19035
9	51.05	2	19038
9	51.1	2	19042
9	51.1453	5	19049
9	51.15	2	19051
9	51.228	5	19058
9	51.25	2	19063
9	51.3115	5	19070
9	51.4445	10	19105
9	51.6457	15	19165
9	51.8208	20	19250
9	52.0166	25	19360
9	52.2964	30	19495
9	52.5975	35	19655
9	52.9474	40	19840
9	53	20	19870
9	53.05	22	19896
9	53.1	22	19906
9	53.15	23	19917
9	53.2	23	19930
9	53.25	24	19944
9	53.2956	25	19960
9	53.3	12	19966
9	53.35	14	19983
9	53.4243	15	19993
9	53.45	15	19999
9	53.5	8	20009
9	53.5335	10	20018
9	53.55	5	20020
9	53.6	6	20026
9	53.7	4	20035
9	53.7006	5	20035
9	53.75	3	20044
9	53.7876	5	20048
9	53.8	2	20049
9	53.8711	5	20056
9	53.9	2	20059
9	53.95	2	20065
9	53.9964	5	20072
9	54.1295	10	20107
9	55.3477	10	20170
9	55.393	15	20175
9	55.3973	20	20180
9	55.4426	25	20185
9	55.9889	30	20296
9	56.4	16	20381
9	56.4	16	20381
9	56.4	16	20381
9	56.4	16	20381
9	56.4	16	20381
9	56.4	16	20381
9	56.4	16	20381
9	56.4	16	20381
9	56.4	16	20381
9	56.4	16	20381
9	56.45	17	20391
9	56.45	17	20391
9	56.45	17	20391
9	56.45	17	20391
9	56.45	17	20391
9	56.45	17	20391
9	56.6	19	20432
9	56.6205	20	20435
9	56.7	10	20461
9	56.85	7	20498
9	56.9728	10	20515
9	57	5	20520
9	57.15	4	20543
9	57.1834	5	20543
9	57.3	3	20561
9	57.3146	5	20565
9	57.5277	10	20600
9	57.7408	15	20660
9	57.9538	20	20745
9	58.1793	25	20855
9	58.469	30	20990
9	58.8091	35	21150
9	59.1706	40	21335
9	59.2	20	21337
9	59.25	22	21361
9	59.35	23	21384
9	59.4	23	21394
9	59.45	24	21405
9	59.5	24	21418
9	59.5174	25	21427
9	59.55	12	21433
9	59.65	14	21453
9	59.7	14	21460
9	59.701	15	21460
9	59.75	15	21469
9	59.85	8	21491
9	59.883	10	21500
9	59.9	5	21501
9	60	3	21508
9	60.05	4	21511
9	60.0927	5	21512
9	60.15	2	21517
9	60.2	3	21520
9	60.264	5	21524
9	60.4814	10	21559
9	60.6979	15	21619
9	60.9145	20	21704
9	61.1589	25	21814
9	61.4443	30	21949
9	61.7904	35	22109
9	62.1	19	22251
9	62.1006	20	22251
9	62.2	21	22281
9	62.25	21	22289
9	62.3	22	22298
9	62.35	11	22316
9	62.4	12	22328
9	62.45	13	22331
9	62.55	13	22341
9	62.6	7	22347
9	62.65	8	22354
9	62.75	4	22362
9	62.7588	5	22362
9	62.8	5	22366
9	62.9	3	22371
9	62.95	2	22374
9	63.05	2	22378
9	63.1349	5	22385
9	63.3487	10	22420
9	63.5678	15	22480
9	63.786	20	22565
9	64.021	25	22675
9	64.3159	30	22810
9	64.662	35	22970
9	65	19	23121
9	65.0004	20	23121
9	65.05	21	23144
9	65.15	21	23158
9	65.2	22	23166
9	65.25	22	23176
9	65.3	23	23187
9	65.35	23	23207
9	65.4318	25	23231
9	65.45	12	23240
9	65.5	14	23256
9	65.55	14	23263
9	65.5679	15	23267
9	65.65	8	23284
9	65.6918	10	23293
9	65.7	5	23294
9	65.8	3	23301
9	65.85	4	23304
9	65.8927	5	23305
9	65.95	2	23310
9	66	3	23313
9	66.064	5	23317
9	66.2806	10	23352
9	66.4971	15	23412
9	66.7128	20	23497
9	66.9632	25	23607
9	67.2426	30	23742
9	67.5602	35	23902
9	67.8269	40	24087
9	67.9	20	24140
9	68	23	24188
9	68.05	23	24205
9	68.1	24	24226
9	68.1039	25	24230
9	68.15	12	24255
9	68.2	14	24276
9	68.2309	15	24282
9	68.25	15	24288
9	68.35	8	24317
9	68.3588	10	24326
9	68.5741	15	24386
9	68.7889	20	24471
9	69.0055	25	24581
9	69.2506	30	24716
9	69.5461	35	24876
9	69.8894	40	25061
9	70.15	21	25206
9	70.2	23	25233
9	70.3	23	25251
9	70.35	24	25261
9	70.3997	25	25275
9	70.4	25	25276
9	70.45	25	25295
9	70.5	13	25312
9	70.5361	15	25326
9	70.55	15	25328
9	70.65	8	25342
9	70.7	9	25350
9	70.7179	10	25351
9	70.75	5	25353
9	70.85	6	25358
9	70.9	3	25360
9	71	4	25364
9	71.0179	5	25364
9	71.05	2	25366
9	71.15	2	25373
9	71.2514	5	25380
9	71.4645	10	25415
9	71.6776	15	25475
9	71.8907	20	25560
9	72.1588	25	25670
9	72.4236	30	25805
9	72.7695	35	25965
9	73.1	19	26107
9	73.1	20	26107
9	73.2	21	26140
9	73.25	22	26152
9	73.3	22	26162
9	73.35	11	26173
9	73.4	12	26185
9	73.45	13	26188
9	73.55	7	26200
9	73.6	8	26206
9	73.65	8	26208
9	73.75	4	26215
9	73.7531	5	26215
9	73.8	5	26219
9	73.9	3	26224
9	73.95	2	26227
9	74.05	2	26231
9	74.1349	5	26238
9	74.348	10	26273
9	74.5628	15	26333
9	74.781	20	26418
9	75.0158	25	26528
9	75.3105	30	26663
9	75.6564	35	26823
9	76	19	26981
9	76.0006	20	26981
9	76.05	21	27005
9	76.1	21	27013
9	76.15	21	27022
9	76.25	23	27046
9	76.3	23	27064
9	76.35	12	27079
9	76.4	14	27094
9	76.4696	15	27106
9	76.5	7	27108
9	76.55	8	27116
9	76.6	9	27121
9	76.6418	10	27125
9	76.7	5	27133
9	76.75	6	27139
9	76.85	4	27148
9	76.8506	5	27148
9	76.9	3	27155
9	76.9358	5	27159
9	77.1489	10	27194
9	77.3636	15	27254
9	77.5818	20	27339
9	77.8132	25	27449
9	78.1027	30	27584
9	78.4426	35	27744
9	78.8039	40	27929
9	78.85	20	27950
9	78.9	22	27974
9	78.95	22	27982
9	79	22	27991
9	79.05	23	28001
9	79.15	24	28034
9	79.1824	25	28040
9	79.2	12	28049
9	79.25	14	28064
9	79.3	14	28070
9	79.3418	15	28076
9	79.4	15	28087
9	79.45	8	28099
9	79.4887	10	28108
9	79.55	5	28114
9	79.6	6	28119
9	79.7	3	28126
9	79.7452	5	28130
9	79.75	2	28131
9	79.85	2	28136
9	79.9617	5	28143
9	80.1808	10	28178
9	80.399	15	28238
9	80.6182	20	28323
9	80.8941	25	28433
9	81.1939	30	28568
9	81.5457	35	28728
9	81.8	19	28846
9	81.8003	20	28846
9	81.85	21	28869
9	81.9	21	28877
9	81.95	21	28886
9	82	22	28896
9	82.1	11	28929
9	82.15	13	28942
9	82.2	13	28947
9	82.3	7	28959
9	82.35	8	28966
9	82.4	4	28969
9	82.4006	5	28969
9	82.5	5	28974
9	82.55	3	28976
9	82.6253	5	28980
9	82.65	2	28982
9	82.7	3	28985
9	82.7523	5	28989
9	82.9654	10	29024
9	83.1784	15	29084
9	83.3915	20	29169
9	83.6186	25	29279
9	83.9081	30	29414
9	84.2481	35	29574
9	84.6093	40	29759
9	84.65	20	29773
9	84.7	22	29797
9	84.75	22	29805
9	84.85	23	29823
9	84.9	23	29834
9	84.95	24	29852
9	84.9905	25	29863
9	85	12	29870
9	85.05	14	29885
9	85.15	14	29897
9	85.1618	15	29897
9	85.2	15	29904
9	85.25	8	29919
9	85.2914	10	29928
9	85.35	5	29934
9	85.4	6	29939
9	85.5	3	29946
9	85.5436	5	29950
9	85.55	2	29951
9	85.65	2	29956
9	85.7533	5	29963
9	85.9664	10	29998
9	86.1794	15	30058
9	86.3925	20	30143
9	87.65	2	30249
9	87.65	2	30249
9	87.65	2	30249
9	87.65	2	30249
9	87.65	2	30249
9	87.65	2	30249
9	87.65	2	30249
9	87.65	2	30249
9	87.65	2	30249
9	87.65	2	30249
9	87.65	2	30249
9	87.65	2	30249
9	87.65	2	30249
9	87.65	2	30249
9	87.65	2	30249
9	87.65	2	30249
9	87.6892	5	30256
9	87.7953	10	30291
9	87.9492	15	30351
9	88.1171	20	30436
9	88.2948	25	30546
9	88.4704	30	30681
9	88.6601	35	30841
9	88.8459	40	31026
9	89.0377	45	31236
9	89.2384	50	31471
9	89.4606	55	31731
9	89.7041	60	32016
9	89.9689	65	32326
9	90.2552	70	32661
9	90.45	36	32890
9	90.5	38	32948
9	90.55	39	32973
9	90.6	39	33000
9	90.6094	40	33004
9	90.65	40	33031
9	90.7	41	33070
9	90.75	42	33110
9	90.8	43	33153
9	90.85	22	33190
9	90.9	24	33227
9	90.9232	25	33237
9	90.95	25	33246
9	91	26	33270
9	91.05	13	33301
9	91.0834	15	33315
9	91.1	15	33325
9	91.15	16	33339
9	91.2	8	33355
9	91.2147	10	33364
9	91.3	6	33388
9	91.35	4	33402
9	91.3506	5	33402
9	91.4	3	33412
9	91.4252	5	33416
9	91.45	2	33421
9	91.4704	5	33428
9	91.5999	10	33463
9	91.7661	15	33523
9	91.9349	20	33608
9	92.1088	25	33718
9	92.3005	30	33853
9	92.4804	35	34013
9	92.6671	40	34198
9	92.8589	45	34408
9	93.0596	50	34643
9	93.2818	55	34903
9	93.5253	60	35188
9	93.7902	65	35498
9	94.0764	70	35833
9	94.25	36	36037
9	94.3	38	36095
9	94.35	39	36121
9	94.4	39	36149
9	94.4067	40	36151
9	94.45	40	36182
9	94.5	41	36222
9	94.55	42	36264
9	94.6	43	36307
9	94.65	22	36345
9	94.7	24	36383
9	94.7213	25	36392
9	94.75	25	36403
9	94.8	26	36429
9	94.85	13	36461
9	94.8824	15	36475
9	94.95	16	36500
9	95	8	36516
9	95.0137	10	36525
9	95.05	10	36533
9	95.1	6	36551
9	95.15	4	36566
9	95.1588	5	36566
9	95.2	3	36577
9	95.2242	5	36581
9	95.352	10	36616
9	95.5157	15	36676
9	95.6827	20	36761
9	95.8541	25	36871
9	96.0305	30	37006
9	96.213	35	37166
9	96.4056	40	37351
9	96.5965	45	37561
9	96.7981	50	37796
9	97.0202	55	38056
9	97.2637	60	38341
9	97.5286	65	38651
9	97.8148	70	38986
9	98	36	39203
9	98.05	38	39261
9	98.1	39	39286
9	98.15	39	39313
9	98.1588	40	39317
9	98.2	40	39345
9	98.25	41	39383
9	98.3	42	39424
9	98.35	43	39466
9	98.4	22	39503
9	98.45	24	39540
9	98.4726	25	39550
9	98.5	25	39559
9	98.55	26	39583
9	98.6	13	39615
9	98.6336	15	39629
9	98.65	15	39639
9	98.7	16	39653
9	98.8	9	39688
9	98.8007	10	39688
9	98.85	5	39708
9	98.9	4	39722
9	98.9006	5	39722
9	98.95	3	39732
9	98.9746	5	39736
9	99	2	39741
9	99.0215	5	39748
9	99.1493	10	39783
9	99.3147	15	39843
9	99.4834	20	39928
9	99.6565	25	40038
9	99.844	30	40173
9	101.05	2	40332
9	101.05	2	40332
9	101.05	2	40332
9	101.05	2	40332
9	101.05	2	40332
9	101.05	2	40332
9	101.05	2	40332
9	101.05	2	40332
9	101.05	2	40332
9	101.05	2	40332
9	101.05	2	40332
9	101.05	2	40332
9	101.05	2	40332
9	101.05	2	40332
9	101.05	2	40332
9	101.05	2	40332
9	101.05	2	40332
9	101.05	2	40332
9	101.05	2	40332
9	101.088	5	40339
9	101.194	10	40374
9	101.346	15	40434
9	101.513	20	40519
9	101.694	25	40629
9	101.876	30	40764
9	102.083	35	40924
9	102.325	40	41109
9	102.602	45	41319
9	102.85	24	41510
9	102.85	24	41510
9	102.85	24	41510
9	102.851	25	41510
9	103.124	30	41645
9	103.2	15	41688
9	103.25	17	41711
9	103.3	18	41722
9	103.35	18	41737
9	103.4	9	41757
9	103.403	10	41757
9	103.45	11	41772
9	103.5	6	41781
9	103.55	4	41791
9	103.563	5	41791
9	103.65	3	41806
9	103.659	5	41810
9	103.7	2	41815
9	103.75	2	41822
9	103.8	2	41828
9	103.85	2	41835
9	103.869	5	41842
9	104.024	10	41877
9	104.161	15	41937
9	104.33	20	42022
9	104.519	25	42132
9	104.762	30	42267
9	105.052	35	42427
9	105.39	40	42612
9	105.5	20	42682
9	105.55	22	42710
9	105.6	22	42721
9	105.65	23	42733
9	105.7	23	42747
9	105.75	24	42762
9	105.761	25	42772
9	105.8	12	42785
9	105.85	14	42803
9	105.9	14	42812
9	105.92	15	42812
9	105.95	15	42822
9	106	8	42834
9	106.014	10	42843
9	106.1	5	42860
9	106.15	3	42869
9	106.182	5	42873
9	106.2	2	42875
9	106.25	2	42880
9	106.308	5	42887
9	106.35	3	42894
9	106.39	5	42898
9	106.4	3	42905
9	106.435	5	42909
9	106.45	2	42914
9	106.48	5	42921
9	106.61	10	42956
9	106.777	15	43016
9	106.95	20	43101
9	107.136	25	43211
9	107.375	30	43346
9	107.635	35	43506
9	107.967	40	43691
9	108.15	21	43800
9	108.2	23	43829
9	108.25	23	43841
9	108.3	24	43854
9	108.343	25	43869
9	108.35	25	43877
9	108.4	13	43898
9	108.437	15	43912
9	108.45	15	43916
9	108.5	15	43925
9	108.55	8	43935
9	108.576	10	43944
9	108.6	5	43946
9	108.65	6	43952
9	108.75	4	43964
9	108.751	5	43964
9	108.8	3	43970
9	108.833	5	43974
9	108.85	2	43975
9	108.9	2	43980
9	108.96	5	43987
9	109	2	43991
9	109.044	5	43998
9	109.05	3	44005
9	109.089	5	44009
9	109.15	3	44023
9	109.176	5	44027
9	109.306	10	44062
9	109.474	15	44122
9	109.645	20	44207
9	109.835	25	44317
9	110.078	30	44452
9	110.343	35	44612
9	110.68	40	44797
9	110.8	20	44871
9	110.85	22	44899
9	110.9	22	44910
9	110.95	23	44922
9	111	23	44936
9	111.05	24	44957
9	111.054	25	44961
9	111.1	12	44981
9	111.15	14	44999
9	111.2	14	45008
9	111.219	15	45008
9	111.25	15	45018
9	111.3	8	45030
9	111.31	10	45039
9	111.35	5	45044
9	111.45	4	45060
9	111.451	5	45060
9	111.5	3	45067
9	111.521	5	45071
9	111.55	2	45073
9	111.6	2	45079
9	111.645	5	45086
9	111.7	3	45101
9	111.732	5	45105
9	111.75	3	45111
9	111.775	5	45115
9	111.903	10	45150
9	112.067	15	45210
9	112.234	20	45295
9	112.415	25	45405
9	112.626	30	45540
9	112.906	35	45700
9	113.207	40	45885
9	113.5	22	46060
9	113.5	22	46060
9	113.55	24	46090
9	113.6	24	46104
9	113.603	25	46107
9	113.65	25	46125
9	113.7	26	46143
9	113.75	13	46161
9	113.777	15	46175
9	113.8	15	46180
9	113.85	15	46189
9	113.95	8	46219
9	113.989	10	46228
9	114	10	46231
9	114.05	10	46238
9	114.1	5	46246
9	114.15	3	46255
9	114.167	5	46259
9	114.25	3	46268
9	114.285	5	46272
9	114.3	2	46276
9	114.35	2	46282
9	114.411	5	46289
9	114.45	3	46295
9	114.456	5	46299
9	114.5	3	46310
9	114.537	5	46314
9	114.664	10	46349
9	114.801	15	46409
9	114.971	20	46494
9	115.186	25	46604
9	115.404	30	46739
9	115.695	35	46899
9	116.032	40	47084
9	116.15	20	47163
9	116.2	22	47191
9	116.25	22	47202
9	116.3	23	47214
9	116.35	23	47228
9	116.4	24	47243
9	116.41	25	47253
9	116.45	12	47269
9	116.5	14	47287
9	116.55	14	47296
9	116.57	15	47296
9	116.6	15	47306
9	116.65	8	47318
9	116.661	10	47327
9	116.7	5	47331
9	116.8	4	47348
9	116.801	5	47348
9	116.85	3	47355
9	116.872	5	47359
9	116.9	2	47362
9	116.95	2	47368
9	116.997	5	47375
9	117.05	3	47388
9	117.081	5	47392
9	117.1	3	47398
9	117.125	5	47402
9	117.253	10	47437
9	117.416	15	47497
9	117.584	20	47582
9	117.765	25	47692
9	118.004	30	47827
9	118.265	35	47987
9	118.596	40	48172
9	118.8	21	48295
9	118.85	23	48324
9	118.9	23	48336
9	118.95	24	48350
9	118.993	25	48364
9	119	25	48365
9	119.05	25	48382
9	119.1	13	48402
9	119.119	15	48416
9	119.15	15	48421
9	119.2	8	48433
9	119.238	10	48442
9	119.25	5	48444
9	119.3	6	48450
9	119.35	3	48454
9	119.384	5	48458
9	119.4	2	48459
9	119.469	5	48466
9	119.5	2	48468
9	119.55	2	48473
9	119.595	5	48480
9	119.6	2	48483
9	119.677	5	48490
9	119.7	3	48497
9	119.722	5	48501
9	119.75	2	48506
9	119.767	5	48513
9	119.897	10	48548
9	120.063	15	48608
9	120.232	20	48693
9	120.413	25	48803
9	120.647	30	48938
9	120.904	35	49098
9	121.205	40	49283
9	121.5	22	49461
9	121.55	24	49492
9	121.6	24	49505
9	121.6	24	49505
9	121.621	25	49508
9	121.65	25	49520
9	121.7	26	49537
9	121.75	13	49564
9	121.788	15	49578
9	121.8	15	49584
9	121.9	16	49605
9	121.95	8	49617
9	121.961	10	49626
9	122	10	49630
9	122.05	5	49642
9	122.1	3	49651
9	122.129	5	49655
9	122.15	2	49657
9	122.213	5	49664
9	122.25	2	49667
9	122.297	5	49674
9	122.3	2	49678
9	122.35	2	49685
9	122.421	5	49692
9	122.45	3	49700
9	122.466	5	49704
9	122.596	10	49739
9	122.764	15	49799
9	122.936	20	49884
9	123.125	25	49994
9	123.369	30	50129
9	123.633	35	50289
9	124.9	2	50415
9	124.9	2	50415
9	124.9	2	50415
9	124.9	2	50415
9	124.9	2	50415
9	124.9	2	50415
9	124.9	2	50415
9	124.931	5	50422
9	125.058	10	50457
9	125.221	15	50517
9	125.392	20	50602
9	125.586	25	50712
9	125.772	30	50847
9	125.968	35	51007
9	126.156	40	51192
9	126.352	45	51402
9	126.554	50	51637
9	126.6	25	51692
9	126.728	30	51802
9	126.934	35	51962
9	127.161	40	52147
9	127.437	45	52357
9	127.735	50	52592
9	127.95	26	52768
9	128	28	52807
9	128.05	28	52823
9	128.1	29	52840
9	128.123	30	52852
9	128.15	30	52859
9	128.2	31	52884
9	128.25	16	52915
9	128.3	18	52939
9	128.35	19	52951
9	128.4	19	52965
9	128.413	20	52969
9	128.45	10	52980
9	128.5	12	52996
9	128.55	6	53011
9	128.65	4	53029
9	128.667	5	53029
9	128.7	3	53037
9	128.715	5	53041
9	128.75	2	53043
9	128.797	5	53050
9	128.8	2	53053
9	128.843	5	53060
9	128.9	3	53069
9	128.925	5	53073
9	128.95	2	53078
9	128.97	5	53085
9	129.1	10	53120
9	129.266	15	53180
9	129.437	20	53265
9	129.625	25	53375
9	129.864	30	53510
9	130.125	35	53670
9	130.456	40	53855
9	130.65	21	53966
9	130.7	23	53995
9	130.75	23	54008
9	130.8	24	54028
9	130.836	25	54035
9	130.85	25	54045
9	130.9	13	54062
9	130.928	15	54076
9	130.95	15	54080
9	131	15	54089
9	131.05	8	54100
9	131.084	10	54109
9	131.1	5	54112
9	131.15	6	54118
9	131.25	4	54127
9	131.251	5	54127
9	131.3	3	54133
9	131.318	5	54137
9	131.35	2	54140
9	131.4	2	54145
9	131.473	5	54152
9	131.5	3	54158
9	131.519	5	54162
9	131.55	2	54166
9	131.57	5	54173
9	131.6	2	54174
9	131.612	5	54181
9	131.74	10	54216
9	131.908	15	54276
9	132.081	20	54361
9	132.27	25	54471
9	132.514	30	54606
9	132.804	35	54766
9	133.116	40	54951
9	133.25	20	55019
9	133.3	22	55047
9	133.35	22	55058
9	133.4	23	55071
9	133.45	23	55085
9	133.5	24	55100
9	133.512	25	55109
9	133.55	12	55122
9	133.6	14	55140
9	133.65	14	55149
9	133.659	15	55149
9	133.7	15	55159
9	133.75	8	55173
9	133.775	10	55182
9	133.85	5	55196
9	133.9	3	55205
9	133.926	5	55209
9	133.95	2	55211
9	134	2	55217
9	134.053	5	55224
9	134.1	3	55234
9	134.137	5	55238
9	134.15	2	55242
9	134.183	5	55249
9	134.25	3	55259
9	134.264	5	55263
9	134.392	10	55298
9	134.556	15	55358
9	134.723	20	55443
9	134.908	25	55553
9	135.123	30	55688
9	135.408	35	55848
9	135.714	40	56033
9	135.95	21	56164
9	136	23	56194
9	136.05	23	56206
9	136.05	23	56206
9	136.1	24	56220
9	136.134	25	56233
9	136.15	25	56236
9	136.2	25	56256
9	136.25	13	56283
9	136.288	15	56297
9	136.35	8	56313
9	136.376	10	56322
9	136.4	5	56324
9	136.45	6	56330
9	136.5	3	56334
9	136.534	5	56338
9	136.55	2	56341
9	136.6	2	56345
9	136.672	5	56352
9	136.7	2	56354
9	136.75	2	56360
9	136.796	5	56367
9	136.8	2	56372
9	136.842	5	56379
9	136.9	3	56389
9	136.925	5	56393
9	137.056	10	56428
9	137.224	15	56488
9	137.396	20	56573
9	137.584	25	56683
9	137.799	30	56818
9	138.084	35	56978
9	138.39	40	57163
9	138.6	21	57285
9	138.65	23	57314
9	138.7	23	57326
9	138.75	24	57339
9	138.75	24	57339
9	138.793	25	57354
9	138.8	25	57355
9	138.85	13	57381
9	138.889	15	57395
9	138.95	15	57409
9	139	8	57419
9	139.019	10	57428
9	139.05	5	57430
9	139.1	6	57436
9	139.15	3	57443
9	139.188	5	57447
9	139.2	2	57448
9	139.273	5	57455
9	139.3	2	57456
9	139.35	2	57461
9	139.398	5	57468
9	139.4	2	57470
9	139.443	5	57477
9	139.5	3	57486
9	139.525	5	57490
9	139.55	2	57495
9	139.571	5	57502
9	139.7	10	57537
9	139.866	15	57597
9	140.035	20	57682
9	140.216	25	57792
9	140.451	30	57927
9	140.707	35	58087
9	141.009	40	58272
9	141.3	22	58446
9	141.35	24	58477
9	141.4	24	58490
9	141.421	25	58493
9	141.45	25	58504
9	141.5	26	58520
9	141.55	13	58546
9	141.59	15	58560
9	141.6	15	58565
9	141.65	15	58574
9	141.7	16	58584
9	141.75	8	58596
9	141.763	10	58605
9	141.8	10	58609
9	141.85	5	58621
9	141.9	3	58630
9	141.93	5	58634
9	142	3	58641
9	142.016	5	58645
9	142.05	2	58647
9	142.098	5	58654
9	142.1	2	58656
9	142.143	5	58663
9	142.15	2	58665
9	142.187	5	58672
9	142.25	3	58682
9	142.269	5	58686
9	142.397	10	58721
9	142.56	15	58781
9	142.727	20	58866
9	142.915	25	58976
9	143.13	30	59111
9	143.415	35	59271
9	143.721	40	59456
9	143.95	21	59579
9	144	23	59608
9	144.05	23	59621
9	144.05	23	59621
9	144.1	24	59641
9	144.135	25	59648
9	144.15	25	59661
9	144.2	13	59679
9	144.229	15	59693
9	144.3	15	59707
9	144.35	8	59717
9	144.359	10	59726
9	144.4	5	59731
9	144.45	6	59737
9	144.5	3	59741
9	144.534	5	59745
9	144.55	2	59746
9	144.619	5	59753
9	144.65	2	59754
9	144.7	2	59759
9	144.744	5	59766
9	144.75	2	59770
9	144.827	5	59777
9	144.85	3	59784
9	144.872	5	59788
9	144.9	2	59793
9	144.917	5	59800
9	145.047	10	59835
9	145.213	15	59895
9	145.382	20	59980
9	145.569	25	60090
9	145.809	30	60225
9	146.069	35	60385
9	147.298	10	60502
9	147.3	5	60503
9	147.3	5	60503
9	147.3	5	60503
9	147.429	10	60533
9	147.619	15	60593
9	147.802	20	60678
9	148	25	60788
9	148.276	30	60923
9	148.58	35	61083
9	148.929	40	61268
9	149	20	61309
9	149	20	61309
9	149.05	22	61335
9	149.1	22	61345
9	149.15	23	61356
9	149.25	24	61391
9	149.287	25	61399
9	149.3	12	61408
9	149.35	14	61424
9	149.4	14	61431
9	149.421	15	61435
9	149.45	15	61439
9	149.55	8	61467
9	149.59	10	61476
9	149.6	10	61479
9	149.65	10	61486
9	149.75	6	61503
9	149.8	4	61513
9	149.8	5	61513
9	149.85	3	61523
9	149.886	5	61527
9	149.95	3	61537
9	149.972	5	61541
9	150	2	61544
9	150.054	5	61551
9	150.2	10	61586
9	150.388	15	61646
9	150.562	20	61731
9	150.755	25	61841
9	150.944	30	61976
9	151.144	35	62136
9	151.34	40	62321
9	151.537	45	62531
9	151.74	50	62766
9	151.962	55	63026
9	152.205	60	63311
9	152.47	65	63621
9	152.756	70	63956
9	153.05	37	64301
9	153.1	39	64359
9	153.138	40	64378
9	153.15	40	64384
9	153.2	40	64411
9	153.25	41	64443
9	153.3	42	64481
9	153.35	43	64522
9	153.4	44	64563
9	153.434	45	64588
9	153.45	22	64600
9	153.5	24	64637
9	153.523	25	64647
9	153.55	25	64655
9	153.6	26	64677
9	153.65	27	64708
9	153.7	14	64740
9	153.709	15	64740
9	153.8	8	64779
9	153.823	10	64788
9	153.85	10	64794
9	153.9	5	64804
9	153.95	3	64815
9	153.954	5	64819
9	154.05	3	64837
9	154.08	5	64841
9	154.246	10	64876
9	154.416	15	64936
9	154.591	20	65021
9	154.792	25	65131
9	154.976	30	65266
9	155.176	35	65426
9	155.376	40	65611
9	155.573	45	65821
9	155.776	50	66056
9	155.998	55	66316
9	156.242	60	66601
9	156.506	65	66911
9	156.792	70	67246
9	157.05	37	67549
9	157.1	39	67607
9	157.139	40	67626
9	157.15	40	67632
9	157.2	40	67659
9	157.25	41	67690
9	157.3	42	67729
9	157.35	43	67770
9	157.4	44	67811
9	157.434	45	67836
9	157.5	23	67889
9	157.521	25	67913
9	157.55	25	67927
9	157.6	26	67946
9	157.65	27	67975
9	157.7	14	68005
9	157.701	15	68005
9	157.75	16	68029
9	157.8	8	68043
9	157.823	10	68052
9	157.9	5	68067
9	157.95	3	68078
9	157.954	5	68082
9	158	3	68089
9	158.038	5	68093
9	158.05	2	68096
9	158.12	5	68103
9	158.253	10	68138
9	158.454	15	68198
9	158.628	20	68283
9	158.808	25	68393
9	159.009	30	68528
9	159.21	35	68688
9	159.402	40	68873
9	159.603	45	69083
9	159.806	50	69318
9	160.028	55	69578
9	160.271	60	69863
9	160.535	65	70173
9	160.821	70	70508
9	161.9	2	70581
9	161.9	2	70581
9	161.9	2	70581
9	161.9	2	70581
9	161.9	2	70581
9	161.9	2	70581
9	161.9	2	70581
9	161.9	2	70581
9	161.9	2	70581
9	161.9	2	70581
9	161.9	2	70581
9	161.9	2	70581
9	161.9	2	70581
9	161.9	2	70581
9	161.9	2	70581
9	161.9	2	70581
9	161.9	2	70581
9	161.9	2	70581
9	161.9	2	70581
9	161.9	2	70581
9	161.9	2	70581
9	161.9	2	70581
9	161.9	2	70581
9	161.9	2	70581
9	161.9	2	70581
9	161.9	2	70581
9	161.9	2	70581
9	161.9	2	70581
9	161.9	2	70581
9	161.9	2	70581
9	161.9	2	70581
9	161.9	2	70581
9	161.9	2	70581
9	161.9	2	70581
9	161.942	5	70588
9	162.027	10	70623
9	162.163	15	70683
9	162.334	20	70768
9	162.527	25	70878
9	162.702	30	71013
9	162.884	35	71173
9	163.076	40	71358
9	163.265	45	71568
9	163.466	50	71803
9	163.689	55	72063
9	163.933	60	72348
9	164.198	65	72658
9	164.485	70	72993
9	164.65	36	73187
9	164.7	38	73245
9	164.75	39	73271
9	164.8	39	73299
9	164.807	40	73301
9	164.85	40	73332
9	164.9	41	73372
9	164.95	42	73413
9	165	43	73457
9	165.05	22	73495
9	165.1	24	73533
9	165.122	25	73542
9	165.15	25	73553
9	165.2	26	73579
9	165.3	14	73646
9	165.301	15	73646
9	165.35	16	73672
9	165.4	8	73688
9	165.422	10	73697
9	165.45	10	73705
9	165.5	5	73717
9	165.55	4	73732
9	165.55	5	73732
9	165.65	4	73760
9	165.659	5	73760
9	165.768	10	73795
9	165.933	15	73855
9	166.102	20	73940
9	166.275	25	74050
9	166.453	30	74185
9	166.646	35	74345
9	166.832	40	74530
9	167.024	45	74740
9	167.225	50	74975
9	167.447	55	75235
9	167.691	60	75520
9	167.957	65	75830
9	168.243	70	76165
9	168.45	36	76407
9	168.45	36	76407
9	168.5	38	76465
9	168.55	39	76491
9	168.6	39	76519
9	168.607	40	76521
9	168.65	40	76552
9	168.7	41	76592
9	168.75	42	76634
9	168.8	43	76677
9	168.85	22	76715
9	168.921	25	76762
9	168.95	25	76772
9	169	26	76797
9	169.05	13	76829
9	169.084	15	76843
9	169.1	15	76853
9	169.15	16	76867
9	169.2	8	76883
9	169.215	10	76892
9	169.25	10	76900
9	169.35	6	76936
9	169.4	4	76951
9	169.424	5	76951
9	169.45	3	76962
9	169.471	5	76966
9	169.599	10	77001
9	169.763	15	77061
9	169.93	20	77146
9	170.101	25	77256
9	170.278	30	77391
9	170.46	35	77551
9	170.653	40	77736
9	170.844	45	77946
9	171.046	50	78181
9	171.268	55	78441
9	171.512	60	78726
9	171.777	65	79036
9	172.064	70	79371
9	172.25	36	79589
9	172.3	38	79647
9	172.35	39	79672
9	172.4	39	79699
9	172.41	40	79703
9	172.45	40	79730
9	172.5	41	79769
9	172.55	42	79809
9	172.6	43	79852
9	172.65	22	79889
9	172.7	24	79926
9	172.723	25	79936
9	172.75	25	79945
9	172.8	26	79968
9	172.85	13	80000
9	172.884	15	80014
9	172.9	15	80024
9	172.95	16	80038
9	173.05	9	80073
9	173.051	10	80073
9	173.1	5	80093
9	173.15	4	80107
9	173.151	5	80107
9	173.2	3	80117
9	173.225	5	80121
9	173.25	2	80126
9	173.271	5	80133
9	173.399	10	80168
9	173.565	15	80228
9	173.734	20	80313
9	173.907	25	80423
9	174.094	30	80558
9	175.25	2	80664
9	175.25	2	80664
9	175.25	2	80664
9	175.25	2	80664
9	175.25	2	80664
9	175.25	2	80664
9	175.25	2	80664
9	175.25	2	80664
9	175.25	2	80664
9	175.25	2	80664
9	175.25	2	80664
9	175.25	2	80664
9	175.25	2	80664
9	175.274	5	80671
9	175.4	10	80706
9	175.543	15	80766
9	175.71	20	80851
9	175.882	25	80961
9	176.072	30	81096
9	176.253	35	81256
9	176.445	40	81441
9	176.658	45	81651
9	176.905	50	81886
9	177.181	55	82146
9	177.482	60	82431
9	177.6	30	82546
9	177.65	32	82592
9	177.7	33	82611
9	177.75	33	82632
9	177.8	34	82654
9	177.834	35	82676
9	177.85	35	82686
9	177.9	36	82720
9	177.95	18	82753
9	177.982	20	82772
9	178	20	82782
9	178.05	21	82796
9	178.1	21	82812
9	178.15	22	82833
9	178.2	12	82860
9	178.25	14	82881
9	178.28	15	82887
9	178.3	7	82894
9	178.366	10	82911
9	178.4	5	82917
9	178.45	3	82928
9	178.454	5	82932
9	178.5	3	82941
9	178.538	5	82945
9	178.55	2	82949
9	178.583	5	82956
9	178.6	2	82957
9	178.626	5	82964
9	178.755	10	82999
9	178.921	15	83059
9	179.09	20	83144
9	179.274	25	83254
9	179.513	30	83389
9	179.774	35	83549
9	180.105	40	83734
9	180.3	21	83847
9	180.35	23	83876
9	180.4	23	83888
9	180.45	24	83909
9	180.486	25	83916
9	180.5	25	83924
9	180.55	25	83941
9	180.6	13	83959
9	180.616	15	83973
9	180.65	15	83978
9	180.7	8	83991
9	180.741	10	84000
9	180.75	5	84002
9	180.8	6	84008
9	180.9	4	84017
9	180.908	5	84017
9	180.95	3	84023
9	180.968	5	84027
9	181	2	84030
9	181.05	2	84035
9	181.119	5	84042
9	181.15	3	84048
9	181.165	5	84052
9	181.2	2	84056
9	181.22	5	84063
9	181.25	3	84069
9	181.288	5	84073
9	181.415	10	84108
9	181.568	15	84168
9	181.742	20	84253
9	181.929	25	84363
9	182.144	30	84498
9	182.429	35	84658
9	182.735	40	84843
9	182.95	21	84965
9	183	23	84994
9	183.05	23	85006
9	183.05	23	85006
9	183.1	24	85020
9	183.135	25	85034
9	183.15	25	85041
9	183.2	13	85066
9	183.238	15	85080
9	183.3	15	85094
9	183.35	8	85104
9	183.369	10	85113
9	183.4	5	85115
9	183.45	6	85121
9	183.5	3	85128
9	183.537	5	85132
9	183.55	2	85133
9	183.623	5	85140
9	183.65	2	85141
9	183.7	2	85146
9	183.748	5	85153
9	183.75	2	85156
9	183.83	5	85163
9	183.85	3	85170
9	183.875	5	85174
9	183.9	2	85179
9	183.92	5	85186
9	184.05	10	85221
9	184.216	15	85281
9	184.385	20	85366
9	184.571	25	85476
9	184.81	30	85611
9	185.07	35	85771
9	185.401	40	85956
9	185.6	21	86073
9	185.65	23	86102
9	185.7	23	86115
9	185.75	24	86129
9	185.786	25	86142
9	185.8	25	86144
9	185.85	25	86161
9	185.9	13	86181
9	185.918	15	86195
9	185.95	15	86200
9	186	8	86213
9	186.039	10	86222
9	186.05	5	86224
9	186.1	6	86230
9	186.15	3	86234
9	186.184	5	86238
9	186.25	3	86244
9	186.292	5	86248
9	186.3	2	86249
9	186.35	2	86254
9	186.418	5	86261
9	186.45	2	86266
9	186.5	2	86273
9	186.543	5	86280
9	186.55	3	86287
9	186.587	5	86291
9	186.717	10	86326
9	186.886	15	86386
9	187.057	20	86471
9	187.243	25	86581
9	187.457	30	86716
9	187.742	35	86876
9	188.048	40	87061
9	188.25	21	87182
9	188.3	23	87211
9	188.35	23	87223
9	188.4	24	87236
9	188.45	24	87251
9	188.459	25	87251
9	188.5	25	87267
9	188.55	13	87293
9	188.588	15	87307
9	188.6	15	87312
9	188.65	15	87322
9	188.7	8	87333
9	188.718	10	87342
9	188.75	5	87345
9	188.8	3	87352
9	188.819	5	87356
9	188.9	3	87362
9	188.935	5	87366
9	188.95	2	87369
9	189	2	87374
9	189.05	2	87379
9	189.103	5	87386
9	189.15	3	87395
9	189.157	5	87399
9	189.2	3	87409
9	189.238	5	87413
9	189.365	10	87448
9	189.529	15	87508
9	189.701	20	87593
9	189.883	25	87703
9	190.098	30	87838
9	190.383	35	87998
9	190.689	40	88183
9	190.9	21	88305
9	190.95	23	88334
9	191	23	88346
9	191	23	88346
9	191.05	24	88360
9	191.085	25	88374
9	191.1	25	88376
9	191.15	13	88402
9	191.189	15	88416
9	191.25	15	88430
9	191.3	8	88440
9	191.319	10	88449
9	191.35	5	88451
9	191.4	6	88457
9	191.45	3	88464
9	191.488	5	88468
9	191.5	2	88469
9	191.573	5	88476
9	191.6	2	88477
9	191.65	2	88482
9	191.698	5	88489
9	191.7	2	88491
9	191.743	5	88498
9	191.8	3	88507
9	191.825	5	88511
9	191.85	2	88516
9	191.87	5	88523
9	192	10	88558
9	192.166	15	88618
9	192.337	20	88703
9	192.52	25	88813
9	192.754	30	88948
9	193.01	35	89108
9	193.312	40	89293
9	193.6	22	89463
9	193.65	24	89494
9	193.7	24	89507
9	193.72	25	89510
9	193.75	25	89521
9	193.8	26	89537
9	193.85	26	89558
9	193.9	13	89585
9	193.938	15	89599
9	193.95	15	89605
9	194	16	89615
9	194.05	16	89627
9	194.1	8	89640
9	194.111	10	89649
9	194.15	10	89654
9	194.2	5	89667
9	194.3	4	89684
9	194.301	5	89684
9	194.35	3	89692
9	194.363	5	89696
9	194.4	2	89699
9	194.445	5	89706
9	194.5	3	89722
9	194.532	5	89726
9	194.55	3	89732
9	194.575	5	89736
9	194.705	10	89771
9	194.873	15	89831
9	195.045	20	89916
9	195.234	25	90026
9	195.478	30	90161
9	195.742	35	90321
9	196.08	40	90506
9	196.2	20	90579
9	196.25	22	90607
9	196.3	22	90618
9	196.35	23	90630
9	196.4	23	90644
9	196.45	24	90667
9	196.452	25	90669
9	196.5	12	90689
9	196.55	14	90707
9	196.6	14	90716
9	196.617	15	90716
9	196.65	15	90726
9	196.7	8	90738
9	197.75	7	90749
9	197.75	7	90749
9	197.753	10	90751
9	197.793	15	90756
9	197.797	20	90761
9	197.815	25	90766
9	198.033	30	90877
9	198.334	35	91037
9	198.683	40	91222
9	198.8	20	91286
9	198.8	20	91286
9	198.8	20	91286
9	198.95	23	91332
9	199	23	91344
9	199.05	24	91359
9	199.096	25	91376
9	199.1	12	91381
9	199.15	14	91397
9	199.225	15	91408
9	199.25	15	91411
9	199.3	15	91420
9	199.35	8	91434
9	199.391	10	91443
9	199.4	5	91445
9	199.5	3	91454
9	199.55	4	91458
9	199.559	5	91458
9	199.65	3	91469
9	199.687	5	91473
9	199.7	2	91474
9	199.771	5	91481
9	199.8	2	91484
9	199.854	5	91491
