7	0.216218	2
7	0.432435	3
7	0.648653	4
7	0.86487	2
7	0.90684	3
7	1.07956	4
7	1.10297	2
7	1.20852	3
7	1.35952	4
7	1.42491	5
7	1.59755	6
7	1.60064	2
7	1.72802	3
7	1.77018	4
7	1.94273	5
7	1.96461	6
7	2.11886	7
7	2.15903	2
7	2.20262	2
7	2.24448	3
7	2.2914	4
7	2.43893	5
7	2.46079	2
7	2.46404	3
7	2.48249	4
7	2.63667	5
7	2.65506	2
7	2.69871	3
7	2.7205	2
7	2.80931	3
7	2.81118	4
7	2.91493	2
7	2.96015	2
7	2.98194	3
7	2.98382	4
7	3.04398	5
7	3.15294	2
7	3.15466	3
7	3.15645	4
7	3.21661	2
7	3.21832	3
7	3.26183	4
7	3.32908	5
7	3.39095	6
7	3.45634	2
7	3.49993	3
7	3.50172	4
7	3.5236	5
7	3.60717	6
7	3.67605	7
7	3.73937	8
7	3.80159	2
7	3.80493	3
7	3.84698	4
7	3.85031	5
7	3.9107	2
7	3.91415	3
7	3.97432	2
7	4.02086	3
7	4.02303	4
7	4.04265	5
7	4.06455	2
7	4.10822	3
7	4.19557	4
7	4.21207	2
7	4.21528	3
7	4.21754	4
7	4.26068	2
7	4.28256	3
7	4.36821	4
7	4.39017	5
7	4.4317	6
7	4.45519	2
7	4.45972	3
7	4.51886	2
7	4.54093	3
7	4.5629	4
7	4.60414	2
7	4.60864	3
7	4.63128	4
7	4.65114	2
7	4.69332	3
7	4.71471	4
7	4.75806	2
7	4.7804	3
7	4.80416	4
7	4.82571	5
7	4.86413	2
7	4.88642	3
7	4.88798	4
7	4.90987	5
7	4.99507	6
7	5.01523	2
7	5.02013	3
7	5.05923	2
7	5.06062	3
7	5.0808	4
7	5.08688	5
7	5.10263	2
7	5.10549	3
7	5.15199	4
7	5.18949	5
7	5.21308	2
7	5.21749	3
7	5.23334	4
7	5.25513	5
7	5.29706	6
7	5.30181	2
7	5.32171	3
7	5.32633	4
7	5.38572	5
7	5.40606	6
7	5.42777	7
7	5.4697	8
7	5.56013	2
7	5.56434	3
7	5.58015	4
7	5.5838	5
7	5.6002	2
7	5.6021	3
7	5.60892	4
7	5.64233	5
7	5.65039	2
7	5.67016	3
7	5.68918	4
7	5.75303	2
7	5.75473	3
7	5.7573	4
7	5.77642	5
7	5.7941	6
7	5.81496	2
7	5.82022	3
7	5.84288	4
7	5.86182	2
7	5.86353	3
7	5.88003	4
7	5.90018	5
7	5.95078	6
7	5.97084	7
7	6.03445	2
7	6.03633	3
7	6.05102	2
7	6.05641	3
7	6.07281	4
7	6.10154	2
7	6.10324	3
7	6.12169	4
7	6.13021	5
7	6.16541	6
7	6.19209	7
7	6.25084	2
7	6.26867	3
7	6.27567	4
7	6.29432	5
7	6.30058	2
7	6.31764	3
7	6.33963	4
7	6.35643	2
7	6.3597	3
7	6.36154	4
7	6.4066	2
7	6.40817	3
7	6.43206	4
7	6.46323	5
7	6.48894	6
7	6.51167	2
7	6.51406	3
7	6.53593	4
7	6.55412	2
7	6.55596	3
7	6.57352	4
7	6.596	5
7	6.60049	2
7	6.62452	3
7	6.62961	4
7	6.64315	5
7	6.66289	2
7	6.66461	3
7	6.66631	4
7	6.69089	5
7	6.74684	6
7	6.75039	2
7	6.75208	3
7	6.77568	4
7	6.80224	2
7	6.8102	3
7	6.81903	4
7	6.8337	5
7	6.84083	6
7	6.86106	2
7	6.86277	3
7	6.87784	4
7	6.90719	2
7	6.92918	3
7	6.95161	4
7	6.98284	5
7	6.99167	6
7	7.01136	2
7	7.01176	3
7	7.01857	4
7	7.03552	5
7	7.05037	2
7	7.05316	3
7	7.0583	4
7	7.07566	5
7	7.10181	2
7	7.12081	3
7	7.1391	4
7	7.15547	5
7	7.16443	6
7	7.1893	7
7	7.20824	2
7	7.21533	3
7	7.22994	4
7	7.25273	2
7	7.25658	3
7	7.2729	4
7	7.2876	5
7	7.29706	6
7	7.30631	2
7	7.3281	3
7	7.3344	4
7	7.33711	5
7	7.35393	2
7	7.35877	3
7	7.36222	4
7	7.40671	5
7	7.43088	6
7	7.46963	7
7	7.50476	2
7	7.50974	3
7	7.51145	4
7	7.53158	5
7	7.53559	6
7	7.55792	2
7	7.57368	3
7	7.57934	4
7	7.60281	5
7	7.62701	6
7	7.64679	7
7	7.68408	8
7	7.7043	2
7	7.70823	3
7	7.71418	4
7	7.75095	2
7	7.75448	3
7	7.7728	4
7	7.77964	5
7	7.79735	6
7	7.80085	2
7	7.81322	3
7	7.81492	4
7	7.82003	5
7	7.844	6
7	7.85672	2
7	7.85741	3
7	7.86061	4
7	7.88031	5
7	7.90214	6
7	7.96254	7
7	7.99755	8
7	8.00868	2
7	8.01178	3
7	8.01535	4
7	8.02046	5
7	8.03672	6
7	8.05142	2
7	8.05464	3
7	8.05912	4
7	8.07473	5
7	8.08912	6
7	8.10189	2
7	8.1211	3
7	8.15696	2
7	8.16666	3
7	8.17188	4
7	8.18756	5
7	8.20369	2
7	8.20746	3
7	8.21051	4
7	8.21659	5
7	8.23346	6
7	8.24782	7
7	8.2522	2
7	8.25529	3
7	8.26382	4
7	8.29983	5
7	8.31261	2
7	8.3401	3
7	8.34619	4
7	8.36478	5
7	8.38084	6
7	8.38991	7
7	8.41157	8
7	8.433	9
7	8.45119	2
7	8.4538	3
7	8.46964	4
7	8.49816	5
7	8.50249	2
7	8.51562	3
7	8.52075	4
7	8.54221	5
7	8.55334	2
7	8.55733	3
7	8.55924	4
7	8.57702	5
7	8.582	6
7	8.60111	2
7	8.60374	3
7	8.60854	4
7	8.62049	5
7	8.64971	6
7	8.65295	2
7	8.66571	3
7	8.66988	4
7	8.69356	5
7	8.70836	2
7	8.71494	3
7	8.73688	4
7	8.75104	2
7	8.75367	3
7	8.75546	4
7	8.76641	5
7	8.77492	6
7	8.80275	2
7	8.80466	3
7	8.81784	4
7	8.8234	5
7	8.8443	6
7	8.86707	7
7	8.904	8
7	8.92576	9
7	8.9517	2
7	8.95493	3
7	8.96795	4
7	8.97444	5
7	8.99612	6
7	9.00014	2
7	9.00354	3
7	9.01516	4
7	9.01953	5
7	9.04873	6
7	9.05007	2
7	9.05726	3
7	9.06311	4
7	9.07661	5
7	9.08516	6
7	9.10077	2
7	9.104	3
7	9.11352	4
7	9.14198	5
7	9.16237	2
7	9.16539	3
7	9.16867	4
7	9.19316	5
7	9.2098	2
7	9.21225	3
7	9.21395	4
7	9.23395	5
7	9.25339	2
7	9.25509	3
7	9.2595	4
7	9.27107	5
7	9.27979	6
7	9.29274	7
7	9.30047	2
7	9.31533	3
7	9.31941	4
7	9.33939	5
7	9.3582	2
7	9.36309	3
7	9.36579	4
7	9.38503	5
7	9.40852	2
7	9.41014	3
7	9.41185	4
7	9.4326	5
7	9.44389	6
7	9.45031	2
7	9.45623	3
7	9.46411	4
7	9.46928	5
7	9.47609	6
7	9.5105	2
7	9.52984	3
7	9.53609	4
7	9.53929	5
7	9.55732	2
7	9.55902	3
7	9.57301	4
7	9.58456	5
7	9.60627	6
7	9.61706	7
7	9.63692	8
7	9.65128	2
7	9.65918	3
7	9.6655	4
7	9.67231	5
7	9.69594	6
7	9.70957	2
7	9.71193	3
7	9.71549	4
7	9.73563	5
7	9.75045	2
7	9.75361	3
7	9.75711	4
7	9.76955	5
7	9.78073	6
7	9.79775	7
7	9.80073	2
7	9.8031	3
7	9.81148	4
7	9.81489	5
7	9.83189	6
7	9.85628	7
7	9.88336	8
7	9.90561	2
7	9.91039	3
7	9.92673	4
7	9.93231	5
7	9.94231	6
7	9.95041	2
7	9.95211	3
7	9.95552	4
7	9.96075	5
7	9.9704	6
7	9.98599	7
