0	1.87941	10	128
0	1.87941	10	128
0	45.5945	10	10207
0	89.0527	10	20295
0	1.87941	10	128
0	1.87941	10	128
0	45.5945	10	10207
0	89.0527	10	20295
0	132.798	10	30373
0	176.25	10	40461
0	219.995	10	50539
0	263.459	10	60627
0	1.87941	10	128
0	1.87941	10	128
0	1.87941	10	128
0	1.87941	10	128
0	1.87941	10	128
0	1.87941	10	128
0	1.87941	10	128
0	1.87941	10	128
0	1.87941	10	128
0	1.87941	10	128
0	1.96317	10	141
0	1.92129	10	135
0	1.92129	10	135
0	1.92129	10	135
0	1.92129	10	135
0	1.92129	10	135
0	1.92129	10	135
0	1.71376	10	108
0	2.38471	15	303
0	2.96914	20	538
0	3.42978	25	770
0	4.14076	30	1221
0	4.64513	35	1613
0	5.27421	40	2166
0	5.81676	45	2696
0	6.44491	50	3403
0	6.90741	55	3976
0	7.53463	60	4815
0	8.16556	65	5752
0	8.74999	70	6682
0	9.38184	75	7786
0	9.75318	80	8441
0	1.71376	10	108
0	2.38471	15	303
0	2.96914	20	538
0	3.42978	25	770
0	4.14076	30	1221
0	4.64513	35	1613
0	5.27421	40	2166
0	5.81676	45	2696
0	6.44491	50	3403
0	6.90741	55	3976
0	7.53463	60	4815
0	8.16556	65	5752
0	8.74999	70	6682
0	9.38184	75	7786
0	9.75318	80	8441
0	10.3915	85	9712
0	12.3444	10	10218
0	13.0981	15	10446
0	13.3967	20	10591
0	13.8108	25	10783
0	14.5235	30	11226
0	15.2363	35	11783
0	15.6177	40	12143
0	15.9481	45	12450
0	16.6599	50	13225
0	17.3717	55	14111
0	17.8323	60	14750
0	18.0918	65	15142
0	18.7953	70	16224
0	19.5062	75	17439
0	20.0253	80	18433
0	20.3036	85	18948
0	22.982	10	20295
0	24.0705	15	20556
0	25.119	20	20942
0	26.2057	25	21456
0	27.2542	30	22095
0	28.3026	35	22862
0	29.3511	40	23754
0	30.435	45	24779
0	31.4844	50	25932
0	32.5338	55	27210
0	33.5832	60	28613
0	34.6634	65	30147
0	36.4663	10	30382
0	37.2198	15	30606
0	37.644	20	30805
0	37.9334	25	30940
0	38.6851	30	31385
0	39.3987	35	31934
0	40.0313	40	32523
0	40.329	45	32827
0	40.8258	50	33364
0	41.5739	55	34251
0	42.2874	60	35238
0	42.7116	65	35899
0	43.001	70	36337
0	43.7145	75	37542
0	44.4281	80	38856
0	45.0671	85	40131
0	47.1418	10	40555
0	47.6014	15	40691
0	48.3969	20	41012
0	48.8993	25	41279
0	49.5282	30	41669
0	50.492	35	42409
0	51.0344	40	42889
0	51.6651	45	43529
0	52.2987	50	44249
0	52.8374	55	44891
0	53.7138	60	46058
0	54.4329	65	47154
0	54.9307	70	47930
0	55.6981	75	49264
0	56.1429	80	50043
0	58.4139	10	50544
0	59.5027	15	50805
0	60.5515	20	51191
0	61.6384	25	51705
0	62.6872	30	52344
0	63.736	35	53111
0	64.7848	40	54003
0	65.8689	45	55028
0	66.9186	50	56181
0	67.9683	55	57459
0	69.018	60	58862
0	70.0985	65	60396
0	71.9012	10	60631
0	72.6547	15	60855
0	73.0788	20	61054
0	73.3682	25	61189
0	74.1198	30	61634
0	74.8333	35	62183
0	75.4658	40	62772
0	75.7634	45	63076
0	76.2602	50	63613
0	77.0082	55	64500
0	77.7216	60	65487
0	78.1457	65	66148
0	78.4351	70	66586
0	79.1485	75	67791
0	79.862	80	69105
0	80.5009	85	70380
0	82.5748	10	70802
0	83.0345	15	70935
0	83.831	20	71261
0	84.3325	25	71523
0	84.9624	30	71918
0	85.9264	35	72658
0	86.4679	40	73133
0	87.0997	45	73778
0	87.7324	50	74496
0	88.2721	55	75140
0	89.1486	60	76309
0	89.8651	65	77393
0	90.3657	70	78181
0	91.1295	75	79507
0	91.5781	80	80294
0	93.8482	10	80793
0	94.937	15	81054
0	95.9858	20	81440
0	97.0727	25	81954
0	98.1215	30	82593
0	99.1703	35	83360
0	100.219	40	84252
0	101.303	45	85277
0	102.353	50	86430
0	103.403	55	87708
0	104.452	60	89111
0	105.533	65	90645
0	107.336	10	90880
0	108.089	15	91104
0	108.514	20	91303
0	108.803	25	91438
0	109.555	30	91883
0	110.269	35	92432
0	110.901	40	93021
0	111.199	45	93325
0	111.696	50	93862
0	112.444	55	94749
0	113.158	60	95736
0	113.582	65	96397
0	113.871	70	96835
0	114.585	75	98040
0	115.299	80	99354
0	115.938	85	100629
0	118.012	10	101051
0	118.472	15	101184
0	119.268	20	101510
0	119.77	25	101772
0	120.4	30	102167
0	121.364	35	102907
0	121.905	40	103382
0	122.537	45	104027
0	123.17	50	104745
0	123.71	55	105389
0	124.586	60	106558
0	125.303	65	107642
0	125.804	70	108430
0	126.568	75	109756
0	127.016	80	110543
0	129.286	10	111042
0	130.375	15	111303
0	131.424	20	111689
0	132.51	25	112203
0	133.559	30	112842
0	134.608	35	113609
0	135.656	40	114501
0	136.74	45	115526
0	137.79	50	116679
0	138.839	55	117957
0	139.889	60	119360
0	140.969	65	120894
0	142.772	10	121129
0	143.526	15	121353
0	143.95	20	121552
0	144.239	25	121687
0	144.991	30	122132
0	145.704	35	122681
0	146.337	40	123270
0	146.634	45	123574
0	147.131	50	124111
0	147.879	55	124998
0	148.592	60	125985
0	149.017	65	126646
0	149.306	70	127084
0	150.019	75	128289
0	150.733	80	129603
0	151.372	85	130878
0	153.446	10	131300
0	153.905	15	131433
0	154.702	20	131759
0	155.204	25	132021
0	155.834	30	132416
0	156.798	35	133156
0	157.339	40	133631
0	157.971	45	134276
0	158.604	50	134994
0	159.144	55	135638
0	160.02	60	136807
0	160.737	65	137891
0	161.238	70	138679
0	162.002	75	140005
0	162.45	80	140792
0	164.614	10	141292
0	165.492	15	141538
0	166.308	20	141888
0	167.103	25	142351
0	167.854	30	142915
0	168.587	35	143565
0	169.194	40	144216
0	169.639	45	144706
0	170.158	50	145323
0	170.911	55	146332
0	171.684	60	147469
0	172.411	65	148697
0	173.059	70	149878
0	175.507	10	151377
0	176.261	15	151601
0	176.723	20	151809
0	176.979	25	151939
0	177.727	30	152380
0	178.441	35	152928
0	179.08	40	153524
0	179.406	45	153847
0	179.868	50	154356
0	180.616	55	155240
0	181.33	60	156227
0	181.793	65	156934
0	182.084	70	157378
0	182.758	75	158527
0	183.471	80	159838
0	184.156	85	161200
0	185.936	10	161531
0	186.773	15	161760
0	187.737	20	162170
0	188.285	25	162469
0	188.913	30	162869
0	189.873	35	163566
0	190.711	40	164308
0	191.421	45	165000
0	192.476	50	166221
0	193.063	55	166951
0	193.682	60	167766
0	194.521	65	168985
0	195.451	70	170489
0	197.749	10	171546
0	198.462	15	171765
0	198.801	20	171920
0	199.215	25	172112
0	199.928	30	172556
0	200.596	35	173065
0	201.023	40	173476
0	201.353	45	173783
0	202.065	50	174560
0	202.691	55	175329
0	203.237	60	176088
0	203.498	65	176484
0	204.2	70	177562
0	204.879	75	178757
0	205.431	80	179780
0	205.711	85	180309
0	208.214	10	181621
0	209.051	15	181877
0	209.803	20	182237
0	210.514	25	182692
0	211.228	30	183263
0	211.916	35	183935
0	212.648	40	184741
0	213.073	45	185279
0	213.508	50	185869
0	214.196	55	186893
0	214.784	60	187885
0	215.453	65	189104
0	216.095	70	190395
0	216.568	75	191418
0	218.687	10	191701
0	219.734	15	191951
0	220.781	20	192321
0	221.827	25	192816
0	222.873	30	193434
0	223.882	35	194177
0	224.927	40	195037
0	225.972	45	196025
0	226.982	50	197133
0	228.026	55	198366
0	229.069	60	199722
0	230.081	65	201200
0	232.423	10	201784
0	233.47	15	202034
0	234.517	20	202404
0	235.563	25	202899
0	236.609	30	203517
0	237.618	35	204260
0	238.663	40	205120
0	239.707	45	206108
0	240.717	50	207216
0	241.761	55	208449
0	242.804	60	209805
0	243.816	65	211283
0	246.074	10	211964
0	246.533	15	212099
0	247.287	20	212402
0	247.793	25	212686
0	248.335	30	213009
0	249.422	35	213826
0	249.893	40	214283
0	250.471	45	214842
0	251.18	50	215624
0	251.568	55	216114
0	252.607	60	217490
0	253.278	65	218505
0	253.694	70	219148
0	254.537	75	220615
0	254.958	80	221385
0	257.045	10	222038
0	257.395	15	222131
0	258.217	20	222462
0	258.594	25	222649
0	259.552	30	223250
0	260.148	35	223729
0	260.681	40	224178
0	261.316	45	224825
0	261.771	50	225310
0	262.832	55	226639
0	263.242	60	227206
0	263.952	65	228249
0	264.388	70	228964
0	265.078	75	230110
0	265.933	80	231707
0	268.091	10	232033
0	269.139	15	232283
0	270.185	20	232653
0	271.232	25	233148
0	272.278	30	233763
0	273.287	35	234503
0	274.333	40	235368
0	275.378	45	236353
0	276.422	50	237463
0	277.434	55	238697
0	278.477	60	240052
0	279.52	65	241527
0	281.526	10	242195
0	282.363	15	242424
0	283.287	20	242823
0	283.871	25	243122
0	284.462	30	243512
0	285.462	35	244234
0	286.222	40	244927
0	286.972	45	245659
0	287.983	50	246819
0	288.566	55	247537
0	289.159	60	248355
0	290.069	65	249649
0	290.916	70	251025
0	293.587	10	252199
0	294.635	15	252449
0	295.681	20	252819
0	296.728	25	253314
0	297.774	30	253934
0	298.82	35	254674
0	299.831	40	255543
0	300.875	45	256528
0	301.92	50	257638
0	302.965	55	258873
0	303.977	60	260232
0	305.021	65	261712
0	307.026	10	262361
0	307.862	15	262590
0	308.787	20	262992
0	309.37	25	263288
0	309.961	30	263678
0	310.96	35	264400
0	311.722	40	265099
0	312.47	45	265825
0	313.482	50	266991
0	314.066	55	267709
0	314.656	60	268521
0	315.566	65	269815
0	316.416	70	271200
0	319.084	10	272365
0	320.131	15	272615
0	321.178	20	272985
0	322.225	25	273480
0	323.271	30	274100
0	324.317	35	274840
0	325.327	40	275705
0	326.372	45	276690
0	327.417	50	277800
0	328.462	55	279035
0	329.474	60	280390
0	330.518	65	281870
0	332.565	10	282459
0	333.278	15	282678
0	333.654	20	282837
0	333.991	25	283011
0	334.703	30	283446
0	335.415	35	283991
0	335.882	40	284433
0	336.167	45	284679
0	336.838	50	285416
0	337.549	55	286290
0	338.113	60	287099
0	338.4	65	287527
0	338.939	70	288370
0	339.646	75	289556
0	340.356	80	290869
0	340.634	85	291440
0	341.069	90	292313
0	343.076	10	292628
0	343.537	15	292768
0	344.289	20	293066
0	344.834	25	293354
0	345.378	30	293686
0	346.427	35	294494
0	346.937	40	294973
0	347.514	45	295522
0	348.228	50	296327
0	348.646	55	296823
0	349.65	60	298169
0	350.334	65	299227
0	350.752	70	299886
0	351.619	75	301345
0	352.041	80	302128
0	354.312	10	302619
0	355.4	15	302882
0	356.449	20	303270
0	357.535	25	303787
0	358.584	30	304433
0	359.632	35	305204
0	360.681	40	306104
0	361.764	45	307133
0	362.812	50	308291
0	363.861	55	309574
0	364.909	60	310986
0	365.958	65	312523
0	367.54	10	312770
0	368.356	15	313037
0	369.108	20	313387
0	369.612	25	313683
0	370.135	30	314046
0	371.163	35	314903
0	371.721	40	315423
0	372.745	45	316571
0	373.277	50	317256
0	373.815	55	317961
0	374.316	60	318709
0	375.357	65	320398
0	375.882	70	321296
0	378.67	10	322785
0	379.758	15	323048
0	380.807	20	323436
0	381.893	25	323953
0	382.942	30	324599
0	383.99	35	325370
0	385.039	40	326270
0	386.122	45	327299
0	387.17	50	328457
0	388.219	55	329740
0	389.267	60	331152
0	390.316	65	332689
0	391.716	10	332921
0	392.281	15	333084
0	392.778	20	333269
0	393.393	25	333590
0	394.208	30	334115
0	394.694	35	334498
0	395.211	40	334958
0	395.674	45	335408
0	396.337	50	336141
0	397.132	55	337127
0	397.634	60	337820
0	398.109	65	338541
0	398.603	70	339310
0	399.298	75	340492
0	400.022	80	341820
0	402.279	10	342954
0	403.032	15	343178
0	403.494	20	343386
0	403.75	25	343516
0	404.498	30	343957
0	405.211	35	344505
0	405.851	40	345101
0	406.176	45	345424
0	406.639	50	345933
0	407.387	55	346817
0	408.1	60	347804
0	408.563	65	348511
0	408.854	70	348955
0	409.528	75	350104
0	410.241	80	351415
0	410.926	85	352777
0	412.229	10	353097
0	412.668	15	353267
0	413.018	20	353452
0	413.361	25	353706
0	413.816	30	354090
0	414.153	35	354428
0	414.486	40	354815
0	414.984	45	355478
0	415.286	50	355935
0	415.635	55	356526
0	416.015	60	357254
0	416.298	65	357823
0	416.727	70	358758
0	417.021	75	359435
0	417.342	80	360212
0	417.801	85	361352
0	418.143	90	362230
0	420.477	10	363112
0	421.523	15	363357
0	422.57	20	363727
0	423.578	25	364220
0	424.623	30	364830
0	425.631	35	365568
0	426.675	40	366423
0	427.684	45	367401
0	428.727	50	368504
0	429.737	55	369727
0	430.778	60	371073
0	431.788	65	372541
0	434.173	10	373195
0	435.22	15	373440
0	436.266	20	373810
0	437.274	25	374303
0	438.319	30	374913
0	439.328	35	375651
0	440.372	40	376506
0	441.38	45	377484
0	442.423	50	378584
0	443.433	55	379807
0	444.474	60	381150
0	445.485	65	382618
0	447.87	10	383278
0	448.917	15	383523
0	449.964	20	383893
0	450.971	25	384386
0	452.016	30	384996
0	453.025	35	385734
0	454.069	40	386589
0	455.077	45	387567
0	456.12	50	388667
0	457.13	55	389890
0	458.171	60	391233
0	459.182	65	392701
0	461.567	10	393361
0	462.614	15	393606
0	463.66	20	393976
0	464.668	25	394466
0	465.713	30	395076
0	466.721	35	395811
0	467.765	40	396666
0	468.773	45	397641
0	469.816	50	398741
0	470.826	55	399961
0	471.867	60	401301
0	472.877	65	402766
0	474.877	10	403460
0	475.297	15	403594
0	475.694	20	403744
0	476.217	25	404010
0	476.769	30	404377
0	477.118	35	404638
0	477.609	40	405068
0	478.186	45	405639
0	478.54	50	406045
0	479.078	55	406712
0	479.484	60	407257
0	479.927	65	407922
0	480.465	70	408770
0	480.782	75	409304
0	481.382	80	410400
0	481.811	85	411247
0	482.222	90	412085
0	482.714	95	413160
0	484.803	10	413547
0	485.767	15	413834
0	486.73	20	414253
0	487.671	25	414836
0	488.34	30	415339
0	488.912	35	415826
0	489.578	40	416472
0	490.52	45	417513
0	491.167	50	418310
0	491.695	55	419049
0	492.364	60	420068
0	493.323	65	421580
0	494.228	70	423233
0	496.415	10	423610
0	497.462	15	423855
0	498.509	20	424225
0	499.517	25	424715
0	500.562	30	425325
0	501.57	35	426060
0	502.615	40	426915
0	503.623	45	427890
0	504.666	50	428990
0	505.676	55	430210
0	506.718	60	431550
0	507.728	65	433015
0	509.253	10	433676
0	509.649	15	433806
0	509.811	20	433880
0	510.085	25	434061
0	510.42	30	434325
0	510.542	35	434432
0	510.828	40	434742
0	511.164	45	435140
0	511.276	50	435289
0	511.581	55	435721
0	511.943	60	436264
0	512.068	65	436454
0	512.433	70	437064
0	512.76	75	437603
0	512.981	80	437980
0	513.491	85	438864
0	513.601	90	439066
0	514.183	95	440125
0	514.367	100	440449
0	514.957	105	441584
0	515.124	110	441910
0	515.752	115	443176
0	517.836	10	443795
0	518.883	15	444109
0	519.533	20	444368
0	520.369	25	444813
0	521.165	30	445351
0	521.983	35	446006
0	522.761	40	446739
0	523.575	45	447604
0	524.357	50	448548
0	525.059	55	449488
0	525.832	60	450617
0	526.592	65	451851
0	527.333	70	453140
0	529.7	10	453876
0	530.748	15	454142
0	531.795	20	454540
0	532.842	25	455064
0	533.888	30	455723
0	534.934	35	456509
0	535.861	40	457345
0	536.817	45	458271
0	537.824	50	459404
0	538.83	55	460662
0	539.837	60	462043
0	540.844	65	463549
0	543.102	10	463947
0	544.19	15	464208
0	545.239	20	464595
0	546.326	25	465111
0	547.374	30	465755
0	548.423	35	466524
0	549.472	40	467418
0	550.555	45	468444
0	551.603	50	469595
0	552.652	55	470874
0	553.701	60	472278
0	554.749	65	473810
0	556.915	10	474030
0	558.003	15	474291
0	559.051	20	474678
0	560.138	25	475194
0	561.186	30	475838
0	562.235	35	476607
0	563.283	40	477501
0	564.366	45	478527
0	565.414	50	479678
0	566.463	55	480957
0	567.511	60	482361
0	568.559	65	483893
0	570.725	10	484113
0	571.814	15	484374
0	572.862	20	484761
0	573.949	25	485277
0	574.998	30	485921
0	576.046	35	486690
0	577.095	40	487584
0	578.178	45	488610
0	579.227	50	489761
0	580.275	55	491040
0	581.324	60	492444
0	582.373	65	493976
0	584.538	10	494196
0	585.626	15	494457
0	586.674	20	494844
0	587.761	25	495360
0	588.809	30	496004
0	589.857	35	496773
0	590.906	40	497667
0	591.989	45	498693
0	593.037	50	499844
0	594.085	55	501123
0	595.134	60	502527
0	596.182	65	504059
0	598.348	10	504279
0	599.437	15	504540
0	600.485	20	504927
0	601.572	25	505443
0	602.621	30	506087
0	603.669	35	506856
0	604.718	40	507750
0	605.801	45	508776
0	606.85	50	509927
0	607.898	55	511206
0	608.947	60	512610
0	609.996	65	514142
0	611.826	10	514361
0	612.726	15	514627
0	613.606	20	515022
0	614.336	25	515453
0	615.091	30	516018
0	615.824	35	516677
0	616.595	40	517473
0	617.201	45	518206
0	617.936	50	519181
0	618.629	55	520211
0	619.217	60	521184
0	619.835	65	522287
0	620.404	70	523400
0	620.839	75	524288
0	622.935	10	524445
0	624.023	15	524708
0	625.072	20	525096
0	626.159	25	525613
0	627.207	30	526259
0	628.256	35	527030
0	629.305	40	527930
0	630.388	45	528959
0	631.436	50	530117
0	632.485	55	531400
0	633.534	60	532812
0	634.582	65	534349
0	636.334	10	534602
0	637.17	15	534831
0	638.133	20	535236
0	638.68	25	535534
0	639.307	30	535929
0	640.269	35	536632
0	641.07	40	537360
0	641.778	45	538048
0	642.864	50	539265
0	643.42	55	539991
0	644.044	60	540829
0	644.875	65	542012
0	645.804	70	543515
0	648.326	10	544643
0	648.89	15	544850
0	649.268	20	545063
0	649.687	25	545366
0	650.021	30	545651
0	650.421	35	546093
0	650.648	40	546363
0	651.051	45	546951
0	651.256	50	547272
0	651.632	55	547893
0	651.872	60	548339
0	652.201	65	548959
0	652.534	70	549619
0	652.896	75	550371
0	653.147	80	550897
0	653.641	85	551982
0	653.838	90	552437
0	654.293	95	553491
0	656.751	10	554736
0	657.841	15	555060
0	658.718	20	555447
0	659.578	25	555957
0	660.313	30	556498
0	661.067	35	557119
0	661.99	40	558004
0	662.744	45	558830
0	663.498	50	559750
0	664.309	55	560841
0	665.374	60	562461
0	666.045	65	563582
0	666.636	70	564641
0	668.726	10	564777
0	669.815	15	565040
0	670.864	20	565428
0	671.951	25	565945
0	673	30	566591
0	674.048	35	567362
0	675.097	40	568262
0	676.18	45	569291
0	677.229	50	570449
0	678.278	55	571732
0	679.327	60	573144
0	680.375	65	574681
0	682.127	10	574934
0	682.964	15	575163
0	683.927	20	575568
0	684.474	25	575866
0	685.101	30	576261
0	686.062	35	576964
0	686.865	40	577695
0	687.572	45	578380
0	688.66	50	579604
0	689.246	55	580333
0	689.838	60	581156
0	690.671	65	582349
0	691.603	70	583857
0	694.269	10	584943
0	695.357	15	585206
0	696.406	20	585594
0	697.492	25	586111
0	698.541	30	586757
0	699.589	35	587528
0	700.638	40	588427
0	701.721	45	589456
0	702.769	50	590613
0	703.818	55	591896
0	704.866	60	593307
0	705.915	65	594844
0	707.708	10	595032
0	708.421	15	595251
0	708.798	20	595414
0	709.175	25	595599
0	709.846	30	596017
0	710.557	35	596561
0	711.025	40	597003
0	711.313	45	597272
0	711.98	50	597984
0	712.691	55	598857
0	713.254	60	599664
0	713.54	65	600090
0	714.091	70	600946
0	714.788	75	602119
0	715.496	80	603419
0	715.772	85	603994
0	718.01	10	605115
0	718.723	15	605334
0	719.1	20	605497
0	719.477	25	605682
0	720.148	30	606105
0	720.859	35	606644
0	721.327	40	607086
0	721.615	45	607355
0	722.283	50	608072
0	722.993	55	608940
0	723.556	60	609747
0	723.841	65	610171
0	724.391	70	611026
0	725.09	75	612201
0	725.783	80	613499
0	726.071	85	614074
0	727.893	10	615225
0	728.359	15	615375
0	728.732	20	615574
0	729.191	25	615869
0	729.549	30	616166
0	729.965	35	616563
0	730.347	40	617004
0	730.749	45	617513
0	731.17	50	618108
0	731.544	55	618716
0	731.967	60	619446
0	732.371	65	620197
0	732.773	70	621038
0	733.18	75	621932
0	733.61	80	622936
0	734.02	85	623943
0	734.447	90	625068
0	736.273	10	625289
0	737.151	15	625613
0	737.843	20	626004
0	738.367	25	626382
0	739.035	30	626970
0	739.726	35	627703
0	740.267	40	628349
0	741.001	45	629374
0	741.615	50	630377
0	742.067	55	631160
0	742.633	60	632229
0	743.245	65	633503
0	743.864	70	634877
0	746.138	10	635397
0	747.204	15	635729
0	748.103	20	636145
0	748.815	25	636577
0	749.508	30	637062
0	750.405	35	637819
0	751.492	40	638908
0	752.27	45	639812
0	752.96	50	640673
0	753.648	55	641613
0	754.359	60	642645
0	755.063	65	643757
0	757.992	10	645436
0	759.04	15	645686
0	760.087	20	646056
0	761.133	25	646551
0	762.179	30	647169
0	763.189	35	647912
0	764.234	40	648772
0	765.279	45	649760
0	766.289	50	650868
0	767.333	55	652101
0	768.376	60	653457
0	769.388	65	654935
0	771.73	10	655519
0	772.778	15	655769
0	773.825	20	656139
0	774.871	25	656634
0	775.917	30	657249
0	776.927	35	657989
0	777.972	40	658849
0	779.017	45	659834
0	780.027	50	660939
0	781.071	55	662169
0	782.114	60	663519
0	783.127	65	664994
0	785.21	10	665613
0	785.923	15	665832
0	786.299	20	665995
0	786.676	25	666180
0	787.348	30	666603
0	788.059	35	667142
0	788.529	40	667585
0	788.815	45	667852
0	789.483	50	668569
0	790.194	55	669442
0	790.781	60	670257
0	791.048	65	670673
0	791.617	70	671529
0	792.292	75	672705
0	793.001	80	674005
0	793.298	85	674610
0	795.807	10	675693
0	796.855	15	675971
0	797.901	20	676379
0	798.947	25	676926
0	799.953	30	677615
0	800.998	35	678460
0	801.984	40	679403
0	802.722	45	680220
0	803.468	50	681072
0	804.168	55	681978
0	805.144	60	683345
0	806.154	65	684899
0	808.447	10	685802
0	809.014	15	686032
0	809.387	20	686242
0	809.704	25	686483
0	810.059	30	686817
0	810.413	35	687205
0	810.73	40	687642
0	811.023	45	688082
0	811.316	50	688584
0	811.592	55	689098
0	811.893	60	689681
0	812.157	65	690210
0	812.465	70	690829
0	812.798	75	691533
0	813.099	80	692206
0	813.513	85	693131
0	813.905	90	694057
0	814.124	95	694585
0	816.63	10	695851
0	817.678	15	696101
0	818.725	20	696471
0	819.772	25	696966
0	820.818	30	697581
0	821.828	35	698321
0	822.873	40	699181
0	823.918	45	700166
0	824.929	50	701271
0	825.973	55	702501
0	827.016	60	703851
0	828.028	65	705326
0	830.111	10	705945
0	830.782	15	706149
0	831.206	20	706338
0	831.579	25	706515
0	832.291	30	706953
0	832.921	35	707446
0	833.505	40	707959
0	833.766	45	708232
0	834.429	50	708950
0	835.094	55	709752
0	835.642	60	710519
0	836.06	65	711131
0	836.607	70	712008
0	837.191	75	712997
0	837.75	80	714041
0	838.323	85	715145
0	840.73	10	716017
0	841.778	15	716267
0	842.824	20	716637
0	843.871	25	717132
0	844.917	30	717747
0	845.927	35	718487
0	846.972	40	719347
0	848.017	45	720332
0	849.028	50	721437
0	850.072	55	722667
0	851.116	60	724022
0	852.129	65	725497
0	854.211	10	726111
0	854.923	15	726330
0	855.299	20	726489
0	855.636	25	726663
0	856.348	30	727098
0	857.06	35	727643
0	857.526	40	728084
0	857.783	45	728329
0	858.483	50	729070
0	859.193	55	729944
0	859.747	60	730746
0	860.034	65	731146
0	860.58	70	732010
0	861.29	75	733212
0	861.965	80	734486
0	862.257	85	735060
0	862.678	90	735926
0	864.801	10	736183
0	865.849	15	736433
0	866.896	20	736803
0	867.943	25	737298
0	868.989	30	737913
0	869.999	35	738653
0	871.045	40	739518
0	872.09	45	740503
0	873.135	50	741613
0	874.146	55	742847
0	875.19	60	744202
0	876.234	65	745677
0	878.241	10	746345
0	879.078	15	746574
0	880.041	20	746979
0	880.588	25	747277
0	881.215	30	747672
0	882.176	35	748375
0	882.978	40	749103
0	883.686	45	749791
0	884.741	50	751003
0	885.326	55	751729
0	885.945	60	752541
0	886.783	65	753760
0	887.708	70	755244
0	890.339	10	756349
0	891.386	15	756599
0	892.433	20	756969
0	893.48	25	757464
0	894.525	30	758079
0	895.535	35	758819
0	896.581	40	759684
0	897.625	45	760669
0	898.67	50	761779
0	899.681	55	763012
0	900.725	60	764367
0	901.768	65	765842
0	904.111	10	766432
0	905.159	15	766682
0	906.205	20	767052
0	907.252	25	767547
0	908.298	30	768162
0	909.307	35	768902
0	910.353	40	769767
0	911.398	45	770752
0	912.443	50	771862
0	913.455	55	773095
0	914.499	60	774450
0	915.542	65	775925
0	917.884	10	776515
0	918.932	15	776765
0	919.979	20	777135
0	921.026	25	777630
0	922.072	30	778245
0	923.082	35	778985
0	924.128	40	779850
0	925.173	45	780835
0	926.218	50	781945
0	927.229	55	783178
0	928.274	60	784533
0	929.317	65	786008
0	931.659	10	786598
0	932.707	15	786848
0	933.754	20	787218
0	934.8	25	787713
0	935.846	30	788328
0	936.855	35	789068
0	937.901	40	789933
0	938.946	45	790918
0	939.991	50	792028
0	941.002	55	793261
0	942.046	60	794616
0	943.089	65	796091
0	944.907	10	796681
0	945.954	15	796931
0	947	20	797304
0	948.006	25	797802
0	949.01	30	798411
0	950.019	35	799156
0	951.001	40	800032
0	952.008	45	801018
0	953.011	50	802119
0	953.994	55	803352
0	955.016	60	804710
0	956.022	65	806190
0	958.323	10	806764
0	959.371	15	807014
0	960.418	20	807384
0	961.465	25	807879
0	962.511	30	808494
0	963.52	35	809234
0	964.566	40	810099
0	965.611	45	811084
0	966.656	50	812194
0	967.667	55	813424
0	968.711	60	814779
0	969.754	65	816254
0	971.805	10	816858
0	972.517	15	817077
0	972.893	20	817236
0	973.23	25	817410
0	973.942	30	817845
0	974.653	35	818390
0	975.12	40	818832
0	975.377	45	819077
0	976.076	50	819817
0	976.787	55	820692
0	977.345	60	821495
0	977.631	65	821915
0	978.173	70	822753
0	978.883	75	823955
0	979.57	80	825253
0	979.858	85	825830
0	980.272	90	826672
0	982.395	10	826930
0	983.443	15	827180
0	984.489	20	827550
0	985.536	25	828045
0	986.583	30	828665
0	987.629	35	829405
0	988.639	40	830274
0	989.684	45	831259
0	990.729	50	832369
0	991.774	55	833604
0	992.786	60	834963
0	993.83	65	836443
0	995.835	10	837092
0	996.672	15	837321
0	997.635	20	837726
0	998.182	25	838024
0	998.809	30	838419
0	999.771	35	839122
0	1000.57	40	839850
0	1001.28	45	840538
0	1002.34	50	841753
0	1002.92	55	842479
0	1003.54	60	843293
0	1004.38	65	844507
0	1005.3	70	845996
0	1007.93	10	847096
0	1008.98	15	847346
0	1010.03	20	847716
0	1011.08	25	848211
0	1012.12	30	848831
0	1013.17	35	849571
0	1014.18	40	850439
0	1015.22	45	851424
0	1016.27	50	852534
0	1017.31	55	853769
0	1018.32	60	855127
0	1019.37	65	856607
0	1021.71	10	857179
0	1022.76	15	857429
0	1023.8	20	857799
0	1024.85	25	858294
0	1025.9	30	858914
0	1026.94	35	859654
0	1027.95	40	860522
0	1029	45	861507
0	1030.04	50	862617
0	1031.09	55	863852
0	1032.1	60	865210
0	1033.15	65	866690
0	1035.36	10	867296
0	1036.22	15	867591
0	1037.01	20	867987
0	1037.85	25	868553
0	1038.54	30	869153
0	1039.06	35	869658
0	1039.76	40	870450
0	1040.44	45	871325
0	1041.05	50	872204
0	1041.64	55	873156
0	1042.27	60	874283
0	1042.88	65	875427
0	1043.46	70	876628
0	1045.78	10	877345
0	1046.83	15	877595
0	1047.88	20	877965
0	1048.92	25	878460
0	1049.97	30	879080
0	1051.02	35	879820
0	1052.03	40	880689
0	1053.07	45	881674
0	1054.12	50	882784
0	1055.16	55	884019
0	1056.18	60	885378
0	1057.22	65	886858
0	1059.22	10	887507
0	1060.06	15	887736
0	1061.02	20	888141
0	1061.57	25	888439
0	1062.2	30	888834
0	1063.16	35	889537
0	1063.96	40	890265
0	1064.67	45	890953
0	1065.73	50	892168
0	1066.31	55	892894
0	1066.93	60	893708
0	1067.77	65	894922
0	1068.69	70	896416
0	1071.32	10	897511
0	1072.37	15	897761
0	1073.42	20	898131
0	1074.47	25	898626
0	1075.51	30	899246
0	1076.56	35	899986
0	1077.57	40	900854
0	1078.61	45	901839
0	1079.66	50	902949
0	1080.7	55	904184
0	1081.72	60	905542
0	1082.76	65	907022
0	1085.1	10	907594
0	1086.15	15	907844
0	1087.19	20	908214
0	1088.24	25	908709
0	1089.29	30	909329
0	1090.33	35	910069
0	1091.34	40	910937
0	1092.39	45	911922
0	1093.43	50	913032
0	1094.48	55	914267
0	1095.49	60	915625
0	1096.53	65	917105
0	1098.87	10	917677
0	1099.92	15	917927
0	1100.97	20	918297
0	1102.02	25	918792
0	1103.06	30	919412
0	1104.11	35	920152
0	1105.12	40	921017
0	1106.16	45	922002
0	1107.21	50	923112
0	1108.25	55	924347
0	1109.26	60	925702
0	1110.31	65	927182
0	1112.65	10	927760
0	1113.7	15	928010
0	1114.74	20	928380
0	1115.79	25	928875
0	1116.84	30	929495
0	1117.88	35	930235
0	1118.89	40	931100
0	1119.94	45	932085
0	1120.98	50	933195
0	1122.03	55	934430
0	1123.04	60	935785
0	1124.09	65	937265
0	1125.72	10	937856
0	1125.92	15	937928
0	1126.24	20	938121
0	1126.47	25	938290
0	1126.71	30	938510
0	1126.99	35	938812
0	1127.14	40	939013
0	1127.46	45	939494
0	1127.67	50	939820
0	1127.89	55	940194
0	1128.16	60	940657
0	1128.39	65	941066
0	1128.74	70	941695
0	1129.02	75	942218
0	1129.36	80	942897
0	1129.63	85	943429
0	1129.99	90	944178
0	1130.24	95	944725
0	1130.72	100	945782
0	1131.05	105	946577
0	1131.37	110	947317
0	1133.43	10	947966
0	1134.19	15	948226
0	1134.98	20	948648
0	1135.76	25	949200
0	1136.47	30	949836
0	1136.97	35	950349
0	1137.52	40	950991
0	1138.19	45	951889
0	1138.82	50	952817
0	1139.5	55	953971
0	1139.9	60	954680
0	1140.46	65	955790
0	1141.08	70	957077
0	1143.48	10	958013
0	1144.52	15	958267
0	1145.57	20	958645
0	1146.62	25	959150
0	1147.66	30	959782
0	1148.67	35	960527
0	1149.72	40	961410
0	1150.76	45	962423
0	1151.81	50	963563
0	1152.85	55	964831
0	1153.9	60	966228
0	1154.91	65	967725
0	1156.83	10	968103
0	1157.54	15	968322
0	1157.92	20	968485
0	1158.3	25	968670
0	1158.97	30	969093
0	1159.68	35	969632
0	1160.15	40	970074
0	1160.43	45	970343
0	1161.1	50	971060
0	1161.81	55	971928
0	1162.37	60	972735
0	1162.66	65	973160
0	1163.21	70	974016
0	1163.91	75	975184
0	1164.62	80	976489
0	1164.89	85	977064
0	1167.09	10	978254
0	1167.93	15	978483
0	1168.89	20	978888
0	1169.44	25	979186
0	1170.06	30	979581
0	1171.03	35	980284
0	1171.83	40	981009
0	1172.53	45	981700
0	1173.59	50	982906
0	1174.17	55	983629
0	1174.76	60	984441
0	1175.59	65	985632
0	1176.52	70	987133
0	1179.18	10	988258
0	1180.23	15	988508
0	1181.28	20	988878
0	1182.33	25	989373
0	1183.37	30	989988
0	1184.38	35	990728
0	1185.43	40	991588
0	1186.47	45	992573
0	1187.48	50	993678
0	1188.53	55	994908
0	1189.57	60	996258
0	1190.58	65	997733
0	1192.6	10	998363
0	1193	15	998492
0	1193.31	20	998604
0	1193.98	25	998950
0	1194.48	30	999279
0	1194.69	35	999427
0	1195.36	40	1000007
0	1195.95	45	1000602
0	1196.16	50	1000844
0	1196.71	55	1001515
0	1197.41	60	1002458
0	1197.65	65	1002822
0	1198.09	70	1003504
0	1198.76	75	1004662
0	1199.12	80	1005329
0	1199.43	85	1005938
0	1200.1	90	1007323
0	1202.33	10	1008444
0	1203.16	15	1008752
0	1203.77	20	1009093
0	1204.44	25	1009613
0	1204.98	30	1010131
0	1205.51	35	1010692
0	1206.03	40	1011351
0	1206.47	45	1011985
0	1207.1	50	1012958
0	1207.73	55	1014099
0	1208.24	60	1015084
0	1208.72	65	1016104
0	1209.15	70	1017084
0	1211.72	10	1018507
0	1212.76	15	1018757
0	1213.81	20	1019127
0	1214.86	25	1019617
0	1215.87	30	1020236
0	1216.91	35	1020971
0	1217.96	40	1021831
0	1218.96	45	1022815
0	1220.01	50	1023920
0	1221.02	55	1025149
0	1222.06	60	1026499
0	1223.07	65	1027973
0	1225.45	10	1028590
0	1226.5	15	1028840
0	1227.55	20	1029210
0	1228.59	25	1029700
0	1229.6	30	1030319
0	1230.65	35	1031054
0	1231.69	40	1031914
0	1232.7	45	1032898
0	1233.75	50	1034003
0	1234.76	55	1035232
0	1235.8	60	1036582
0	1236.81	65	1038056
0	1238.89	10	1038701
0	1239.48	15	1038924
0	1240.13	20	1039306
0	1240.63	25	1039699
0	1241.09	30	1040142
0	1241.61	35	1040764
0	1241.93	40	1041195
0	1242.47	45	1042000
0	1242.87	50	1042705
0	1243.2	55	1043316
0	1243.69	60	1044315
0	1244.17	65	1045394
0	1244.65	70	1046557
0	1244.93	75	1047309
0	1245.36	80	1048515
0	1247.45	10	1048756
0	1248.5	15	1049001
0	1249.5	20	1049366
0	1250.55	25	1049856
0	1251.56	30	1050466
0	1252.6	35	1051196
0	1253.61	40	1052046
0	1254.65	45	1053021
0	1255.66	50	1054116
0	1256.67	55	1055331
0	1257.71	60	1056671
0	1258.72	65	1058131
0	1260.85	10	1058850
0	1261.56	15	1059069
0	1261.94	20	1059226
0	1262.32	25	1059416
0	1263.03	30	1059860
0	1263.7	35	1060376
0	1264.17	40	1060815
0	1264.46	45	1061086
0	1265.17	50	1061861
0	1265.83	55	1062672
0	1266.39	60	1063474
0	1266.68	65	1063889
0	1267.3	70	1064856
0	1267.93	75	1065925
0	1268.62	80	1067219
0	1268.9	85	1067790
0	1271.32	10	1069014
0	1271.74	15	1069142
0	1272.58	20	1069465
0	1273	25	1069709
0	1273.67	30	1070101
0	1274.64	35	1070868
0	1275.09	40	1071256
0	1275.76	45	1071940
0	1276.31	50	1072571
0	1276.85	55	1073215
0	1277.9	60	1074623
0	1278.37	65	1075356
0	1278.95	70	1076263
0	1279.62	75	1077411
0	1280.08	80	1078219
0	1282.46	10	1079005
0	1283.51	15	1079250
0	1284.56	20	1079620
0	1285.56	25	1080114
0	1286.61	30	1080724
0	1287.62	35	1081463
0	1288.66	40	1082318
0	1289.67	45	1083297
0	1290.71	50	1084397
0	1291.72	55	1085621
0	1292.76	60	1086965
0	1293.77	65	1088434
0	1295.28	10	1089152
0	1295.63	15	1089317
0	1295.99	20	1089537
0	1296.26	25	1089771
0	1296.6	30	1090117
0	1296.97	35	1090564
0	1297.24	40	1090943
0	1297.57	45	1091478
0	1297.9	50	1092081
0	1298.17	55	1092632
0	1298.46	60	1093248
0	1298.8	65	1094018
0	1299.09	70	1094760
0	1299.42	75	1095594
0	1299.73	80	1096388
0	1300.05	85	1097295
0	1300.42	90	1098324
0	1302.31	10	1099182
0	1303	15	1099468
0	1303.63	20	1099859
0	1304.25	25	1100393
0	1304.71	30	1100878
0	1305.21	35	1101495
0	1305.68	40	1102159
0	1306.15	45	1102933
0	1306.6	50	1103732
0	1307.1	55	1104729
0	1307.4	60	1105391
0	1307.92	65	1106628
0	1308.4	70	1107865
0	1308.81	75	1109011
0	1310.9	10	1109254
0	1311.95	15	1109499
0	1312.95	20	1109864
0	1314	25	1110349
0	1315.01	30	1110954
0	1316.01	35	1111679
0	1317.02	40	1112524
0	1318.06	45	1113489
0	1319.07	50	1114574
0	1320.07	55	1115779
0	1321.08	60	1117104
0	1322.09	65	1118549
0	1323.86	10	1119352
0	1324.04	15	1119436
0	1324.39	20	1119664
0	1324.63	25	1119878
0	1324.93	30	1120187
0	1325.13	35	1120438
0	1325.5	40	1120958
0	1325.77	45	1121411
0	1326.02	50	1121867
0	1326.33	55	1122519
0	1326.58	60	1123062
0	1326.92	65	1123921
0	1327.15	70	1124479
0	1327.51	75	1125493
0	1327.72	80	1126075
0	1328.11	85	1127243
0	1328.38	90	1128106
0	1328.72	95	1129191
0	1330.8	10	1129420
0	1331.84	15	1129671
0	1332.85	20	1130042
0	1333.89	25	1130536
0	1334.9	30	1131153
0	1335.91	35	1131890
0	1336.91	40	1132747
0	1337.95	45	1133730
0	1338.96	50	1134833
0	1339.97	55	1136064
0	1340.98	60	1137415
0	1341.98	65	1138889
0	1344.34	10	1139506
0	1345.39	15	1139761
0	1346.39	20	1140128
0	1347.44	25	1140634
0	1348.44	30	1141248
0	1349.49	35	1142010
0	1350.5	40	1142871
0	1351.5	45	1143851
0	1352.54	50	1144994
0	1353.55	55	1146221
0	1354.56	60	1147572
0	1355.57	65	1149043
0	1356.95	10	1149563
0	1357.28	15	1149692
0	1357.53	20	1149819
0	1357.61	25	1149882
0	1357.92	30	1150140
0	1358.19	35	1150414
0	1358.35	40	1150597
0	1358.52	45	1150824
0	1358.8	50	1151230
0	1359.05	55	1151588
0	1359.25	60	1151893
0	1359.55	65	1152352
0	1359.86	70	1152849
0	1360.12	75	1153266
0	1360.42	80	1153747
0	1360.8	85	1154396
0	1361.11	90	1154928
0	1361.46	95	1155564
0	1361.8	100	1156205
0	1362.2	105	1156977
0	1362.57	110	1157711
0	1363.04	115	1158660
0	1363.35	120	1159305
0	1365.5	10	1159669
0	1366.55	15	1159920
0	1367.56	20	1160291
0	1368.6	25	1160785
0	1369.61	30	1161402
0	1370.62	35	1162139
0	1371.62	40	1162999
0	1372.66	45	1163982
0	1373.67	50	1165088
0	1374.68	55	1166314
0	1375.68	60	1167663
0	1376.69	65	1169132
0	1379.07	10	1169752
0	1380.12	15	1170003
0	1381.12	20	1170374
0	1382.17	25	1170868
0	1383.17	30	1171485
0	1384.18	35	1172222
0	1385.19	40	1173082
0	1386.23	45	1174065
0	1387.24	50	1175171
0	1388.24	55	1176397
0	1389.25	60	1177746
0	1390.26	65	1179220
0	1392.63	10	1179835
0	1393.68	15	1180086
0	1394.69	20	1180457
0	1395.73	25	1180951
0	1396.74	30	1181568
0	1397.75	35	1182305
0	1398.75	40	1183165
0	1399.8	45	1184148
0	1400.8	50	1185254
0	1401.81	55	1186480
0	1402.82	60	1187829
0	1403.82	65	1189303
0	1405.87	10	1189951
0	1406.58	15	1190293
0	1407.21	20	1190735
0	1407.68	25	1191158
0	1408.19	30	1191698
0	1408.65	35	1192293
0	1409.21	40	1193095
0	1409.76	45	1194041
0	1410.15	50	1194758
0	1410.74	55	1195948
0	1411.26	60	1197121
0	1411.8	65	1198470
0	1412.3	70	1199844
0	1414.36	10	1200001
0	1415.41	15	1200252
0	1416.41	20	1200623
0	1417.46	25	1201117
0	1418.46	30	1201734
0	1419.47	35	1202471
0	1420.48	40	1203331
0	1421.52	45	1204314
0	1422.53	50	1205420
0	1423.53	55	1206646
0	1424.54	60	1207995
0	1425.55	65	1209464
0	1427.92	10	1210084
0	1428.97	15	1210335
0	1429.98	20	1210706
0	1431.02	25	1211200
0	1432.03	30	1211817
0	1433.03	35	1212554
0	1434.04	40	1213414
0	1435.08	45	1214397
0	1436.09	50	1215503
0	1437.1	55	1216729
0	1438.1	60	1218078
0	1439.11	65	1219547
0	1441.32	10	1220167
0	1442.32	15	1220412
0	1443.31	20	1220774
0	1444.21	25	1221258
0	1445.19	30	1221863
0	1446.18	35	1222592
0	1447.16	40	1223444
0	1448.15	45	1224416
0	1449.11	50	1225497
0	1450.09	55	1226742
0	1451.04	60	1228063
0	1451.97	65	1229508
0	1453.36	10	1230223
0	1453.63	15	1230358
0	1453.79	20	1230453
0	1453.93	25	1230580
0	1454.18	30	1230857
0	1454.31	35	1231034
0	1454.46	40	1231266
0	1454.67	45	1231622
0	1454.85	50	1231915
0	1455.05	55	1232260
0	1455.3	60	1232725
0	1455.51	65	1233126
0	1455.75	70	1233620
0	1456.04	75	1234238
0	1456.26	80	1234717
0	1456.64	85	1235568
0	1456.81	90	1236015
0	1457.12	95	1236788
0	1457.48	100	1237761
0	1457.65	105	1238218
0	1458.06	110	1239404
0	1459.92	10	1240343
0	1460.5	15	1240597
0	1461.11	20	1241016
0	1461.57	25	1241439
0	1462.1	30	1242034
0	1462.62	35	1242732
0	1463.08	40	1243474
0	1463.62	45	1244444
0	1464.11	50	1245414
0	1464.52	55	1246336
0	1464.92	60	1247314
0	1465.42	65	1248600
0	1465.84	70	1249790
0	1468.05	10	1250416
0	1469.1	15	1250667
0	1470.11	20	1251038
0	1471.15	25	1251532
0	1472.16	30	1252149
0	1473.16	35	1252886
0	1474.17	40	1253746
0	1475.21	45	1254729
0	1476.22	50	1255835
0	1477.23	55	1257064
0	1478.23	60	1258413
0	1479.24	65	1259885
0	1481.62	10	1260499
0	1482.67	15	1260750
0	1483.67	20	1261121
0	1484.72	25	1261615
0	1485.72	30	1262232
0	1486.73	35	1262969
0	1487.74	40	1263829
0	1488.78	45	1264812
0	1489.79	50	1265918
0	1490.79	55	1267147
0	1491.8	60	1268496
0	1492.81	65	1269968
0	1495.18	10	1270592
0	1496.19	15	1270843
0	1497.2	20	1271221
0	1498.2	25	1271723
0	1499.21	30	1272349
0	1500.21	35	1273102
0	1501.22	40	1273979
0	1502.16	45	1274931
0	1503.04	50	1275917
0	1503.96	55	1277035
0	1504.9	60	1278316
0	1505.87	65	1279737
0	1508.43	10	1280665
0	1509.48	15	1280916
0	1510.49	20	1281287
0	1511.53	25	1281781
0	1512.54	30	1282398
0	1513.54	35	1283135
0	1514.55	40	1283995
0	1515.59	45	1284978
0	1516.6	50	1286084
0	1517.61	55	1287313
0	1518.61	60	1288662
0	1519.62	65	1290134
0	1522	10	1290748
0	1523.04	15	1290999
0	1524.05	20	1291370
0	1525.1	25	1291864
0	1526.1	30	1292481
0	1527.11	35	1293218
0	1528.12	40	1294078
0	1529.16	45	1295061
0	1530.17	50	1296167
0	1531.17	55	1297396
0	1532.18	60	1298745
0	1533.19	65	1300217
0	1535.04	10	1300831
0	1535.56	15	1301082
0	1536.07	20	1301453
0	1536.59	25	1301947
0	1537.11	30	1302567
0	1538.12	35	1303307
0	1539.12	40	1304170
0	1540.15	45	1305153
0	1541.07	50	1306259
0	1542	55	1307485
0	1542.98	60	1308840
0	1543.99	65	1310312
0	1546.35	10	1310914
0	1547.39	15	1311165
0	1548.4	20	1311536
0	1549.44	25	1312030
0	1550.45	30	1312647
0	1551.46	35	1313384
0	1552.46	40	1314244
0	1553.51	45	1315227
0	1554.51	50	1316333
0	1555.52	55	1317559
0	1556.53	60	1318908
0	1557.53	65	1320377
0	1559.91	10	1320997
0	1560.96	15	1321248
0	1561.96	20	1321619
0	1563.01	25	1322113
0	1564.01	30	1322730
0	1565.02	35	1323467
0	1566.03	40	1324327
0	1567.07	45	1325310
0	1568.08	50	1326416
0	1569.08	55	1327642
0	1570.09	60	1328991
0	1571.1	65	1330460
0	1573.22	10	1331104
0	1574.27	15	1331376
0	1575.27	20	1331771
0	1576.32	25	1332311
0	1577.3	30	1332950
0	1578.14	35	1333613
0	1579.02	40	1334381
0	1579.86	45	1335227
0	1580.74	50	1336182
0	1581.58	55	1337211
0	1582.45	60	1338352
0	1583.44	65	1339795
0	1586.28	10	1341163
0	1587.33	15	1341414
0	1588.33	20	1341785
0	1589.38	25	1342279
0	1590.39	30	1342896
0	1591.39	35	1343633
0	1592.4	40	1344493
0	1593.44	45	1345476
0	1594.45	50	1346582
0	1595.45	55	1347808
0	1596.46	60	1349157
0	1597.47	65	1350626
0	1599.36	10	1351256
0	1600.01	15	1351555
0	1600.64	20	1352007
0	1601.1	25	1352438
0	1601.65	30	1353085
0	1602.09	35	1353677
0	1602.52	40	1354346
0	1603.04	45	1355258
0	1603.55	50	1356273
0	1604.09	55	1357479
0	1604.49	60	1358466
0	1605.07	65	1360015
0	1607.52	10	1361329
0	1608.57	15	1361580
0	1609.58	20	1361951
0	1610.62	25	1362445
0	1611.63	30	1363062
0	1612.64	35	1363799
0	1613.64	40	1364659
0	1614.68	45	1365642
0	1615.69	50	1366748
0	1616.7	55	1367974
0	1617.7	60	1369323
0	1618.71	65	1370792
0	1621.09	10	1371412
0	1622.14	15	1371663
0	1623.14	20	1372034
0	1624.19	25	1372528
0	1625.19	30	1373145
0	1626.2	35	1373882
0	1627.21	40	1374742
0	1628.25	45	1375725
0	1629.25	50	1376831
0	1630.26	55	1378057
0	1631.27	60	1379406
0	1632.27	65	1380875
0	1634.65	10	1381495
0	1635.7	15	1381746
0	1636.71	20	1382117
0	1637.75	25	1382611
0	1638.76	30	1383228
0	1639.77	35	1383965
0	1640.77	40	1384825
0	1641.81	45	1385808
0	1642.82	50	1386914
0	1643.83	55	1388140
0	1644.83	60	1389489
0	1645.84	65	1390958
0	1648.22	10	1391578
0	1649.27	15	1391829
0	1650.27	20	1392200
0	1651.32	25	1392694
0	1652.32	30	1393311
0	1653.33	35	1394048
0	1654.34	40	1394908
0	1655.38	45	1395891
0	1656.39	50	1396997
0	1657.39	55	1398223
0	1658.4	60	1399572
0	1659.41	65	1401041
0	1661.79	10	1401661
0	1662.83	15	1401912
0	1663.84	20	1402283
0	1664.88	25	1402777
0	1665.89	30	1403394
0	1666.9	35	1404131
0	1667.91	40	1404991
0	1668.95	45	1405974
0	1669.95	50	1407080
0	1670.96	55	1408306
0	1671.97	60	1409655
0	1672.97	65	1411124
0	1675.35	10	1411747
0	1676.4	15	1412002
0	1677.45	20	1412409
0	1678.49	25	1412939
0	1679.54	30	1413626
0	1680.59	35	1414534
0	1681.62	40	1415580
0	1682.45	45	1416547
0	1683.29	50	1417607
0	1684.14	55	1418756
0	1684.95	60	1420006
0	1685.78	65	1421361
0	1687.7	10	1421833
0	1688.38	15	1422046
0	1688.67	20	1422174
0	1689.17	25	1422411
0	1689.79	30	1422799
0	1690.46	35	1423327
0	1690.8	40	1423631
0	1691.26	45	1424098
0	1691.81	50	1424702
0	1692.51	55	1425556
0	1692.89	60	1426092
0	1693.36	65	1426792
0	1693.86	70	1427564
0	1694.53	75	1428719
0	1694.99	80	1429559
0	1695.45	85	1430495
0	1695.91	90	1431390
0	1698.06	10	1431945
0	1699.11	15	1432230
0	1699.99	20	1432576
0	1700.95	25	1433080
0	1701.96	30	1433726
0	1702.92	35	1434484
0	1703.84	40	1435309
0	1704.6	45	1436086
0	1705.35	50	1436933
0	1706.36	55	1438159
0	1707.37	60	1439548
0	1708.36	65	1441022
0	1710.92	10	1441993
0	1711.97	15	1442244
0	1712.98	20	1442615
0	1714.02	25	1443109
0	1715.03	30	1443726
0	1716.04	35	1444463
0	1717.04	40	1445320
0	1718.08	45	1446303
0	1719.09	50	1447406
0	1720.1	55	1448637
0	1721.11	60	1449988
0	1722.11	65	1451462
0	1724.49	10	1452076
0	1725.54	15	1452327
0	1726.55	20	1452698
0	1727.59	25	1453192
0	1728.6	30	1453809
0	1729.6	35	1454546
0	1730.61	40	1455403
0	1731.65	45	1456386
0	1732.66	50	1457489
0	1733.67	55	1458720
0	1734.68	60	1460071
0	1735.68	65	1461545
0	1737.83	10	1462171
0	1738.5	15	1462403
0	1739	20	1462662
0	1739.34	25	1462891
0	1739.82	30	1463291
0	1740.15	35	1463624
0	1740.52	40	1464045
0	1740.86	45	1464509
0	1741.22	50	1465058
0	1741.54	55	1465563
0	1741.88	60	1466141
0	1742.26	65	1466833
0	1742.57	70	1467432
0	1742.92	75	1468167
0	1743.34	80	1469080
0	1743.67	85	1469805
0	1744.11	90	1470790
0	1744.45	95	1471607
0	1746.47	10	1472256
0	1747.17	15	1472515
0	1747.55	20	1472738
0	1747.86	25	1472952
0	1748.28	30	1473323
0	1748.63	35	1473708
0	1748.99	40	1474177
0	1749.28	45	1474588
0	1749.59	50	1475092
0	1749.89	55	1475608
0	1750.22	60	1476240
0	1750.48	65	1476749
0	1750.83	70	1477452
0	1751.21	75	1478251
0	1751.47	80	1478818
0	1751.9	85	1479790
0	1752.2	90	1480509
0	1752.55	95	1481338
0	1754.94	10	1482325
0	1755.99	15	1482570
0	1757	20	1482935
0	1758.04	25	1483420
0	1759.05	30	1484025
0	1760.05	35	1484750
0	1761.06	40	1485595
0	1762.1	45	1486560
0	1763.11	50	1487645
0	1764.12	55	1488850
0	1765.12	60	1490175
0	1766.13	65	1491620
0	1768.31	10	1492419
0	1769.02	15	1492638
0	1769.36	20	1492793
0	1769.77	25	1492985
0	1770.48	30	1493429
0	1771.15	35	1493948
0	1771.58	40	1494351
0	1771.91	45	1494659
0	1772.62	50	1495430
0	1773.25	55	1496229
0	1773.8	60	1496987
0	1774.06	65	1497358
0	1774.75	70	1498428
0	1775.44	75	1499629
0	1775.99	80	1500653
0	1776.27	85	1501209
0	1778.6	10	1502502
0	1779.32	15	1502721
0	1779.69	20	1502877
0	1780.07	25	1503067
0	1780.78	30	1503510
0	1781.45	35	1504025
0	1781.92	40	1504465
0	1782.21	45	1504734
0	1782.92	50	1505506
0	1783.6	55	1506358
0	1784.17	60	1507129
0	1784.44	65	1507546
0	1785.06	70	1508495
0	1785.77	75	1509714
0	1786.36	80	1510834
0	1786.69	85	1511455
0	1789.21	10	1512574
0	1790.25	15	1512819
0	1791.26	20	1513184
0	1792.31	25	1513669
0	1793.31	30	1514274
0	1794.32	35	1514999
0	1795.33	40	1515844
0	1796.37	45	1516809
0	1797.38	50	1517894
0	1798.38	55	1519099
0	1799.39	60	1520424
0	1800.4	65	1521869
0	1802.57	10	1522668
0	1803.28	15	1522887
0	1803.66	20	1523043
0	1804.04	25	1523233
0	1804.75	30	1523676
0	1805.42	35	1524191
0	1805.89	40	1524631
0	1806.18	45	1524900
0	1806.89	50	1525672
0	1807.56	55	1526522
0	1808.14	60	1527289
0	1808.41	65	1527710
0	1809.02	70	1528660
0	1809.73	75	1529879
0	1810.36	80	1531039
0	1810.64	85	1531604
0	1813.18	10	1532740
0	1814.22	15	1532985
0	1815.23	20	1533350
0	1816.27	25	1533835
0	1817.28	30	1534440
0	1818.29	35	1535165
0	1819.29	40	1536010
0	1820.34	45	1536975
0	1821.34	50	1538060
0	1822.35	55	1539265
0	1823.36	60	1540590
0	1824.36	65	1542035
0	1825.79	10	1542791
0	1826.07	15	1542915
0	1826.28	20	1543055
0	1826.45	25	1543209
0	1826.54	30	1543299
0	1826.69	35	1543496
0	1826.88	40	1543759
0	1827.1	45	1544067
0	1827.35	50	1544403
0	1827.47	55	1544563
0	1827.78	60	1545016
0	1828.05	65	1545419
0	1828.32	70	1545805
0	1828.58	75	1546218
0	1828.92	80	1546742
0	1829.19	85	1547184
0	1829.59	90	1547833
0	1829.89	95	1548365
0	1830.23	100	1548957
0	1830.69	105	1549796
0	1830.94	110	1550260
0	1831.42	115	1551178
0	1831.75	120	1551839
0	1832.19	125	1552765
0	1834.24	10	1552906
0	1835.29	15	1553157
0	1836.29	20	1553528
0	1837.34	25	1554022
0	1838.34	30	1554636
0	1839.35	35	1555373
0	1840.39	40	1556238
0	1841.4	45	1557224
0	1842.41	50	1558332
0	1843.42	55	1559560
0	1844.46	60	1560911
0	1845.46	65	1562386
0	1847.47	10	1563063
0	1848.27	15	1563286
0	1849.19	20	1563685
0	1849.74	25	1563973
0	1850.36	30	1564360
0	1851.29	35	1565043
0	1852.09	40	1565763
0	1852.79	45	1566444
0	1853.81	50	1567620
0	1854.39	55	1568331
0	1854.98	60	1569131
0	1855.81	65	1570312
0	1856.7	70	1571764
0	1857.28	75	1572734
0	1859.14	10	1573159
0	1859.5	15	1573277
0	1860.16	20	1573575
0	1860.62	25	1573849
0	1861.34	30	1574372
0	1861.81	35	1574787
0	1862.46	40	1575459
0	1862.85	45	1575894
0	1863.53	50	1576776
0	1864.16	55	1577656
0	1864.73	60	1578561
0	1865.15	65	1579284
0	1865.75	70	1580364
0	1866.46	75	1581745
0	1867.05	80	1583001
0	1869.12	10	1583155
0	1870.16	15	1583400
0	1871.17	20	1583765
0	1872.21	25	1584250
0	1873.22	30	1584855
0	1874.23	35	1585580
0	1875.23	40	1586425
0	1876.28	45	1587390
0	1877.28	50	1588475
0	1878.29	55	1589680
0	1879.3	60	1591005
0	1880.3	65	1592450
0	1882.48	10	1593247
0	1883.23	15	1593471
0	1883.66	20	1593670
0	1883.95	25	1593805
0	1884.7	30	1594250
0	1885.41	35	1594799
0	1886.04	40	1595388
0	1886.34	45	1595692
0	1886.84	50	1596229
0	1887.59	55	1597116
0	1888.3	60	1598103
0	1888.73	65	1598774
0	1889.01	70	1599208
0	1889.73	75	1600417
0	1890.44	80	1601736
0	1891.09	85	1603005
0	1893.11	10	1603413
0	1893.53	15	1603541
0	1894.33	20	1603861
0	1894.79	25	1604099
0	1895.41	30	1604490
0	1896.38	35	1605246
0	1896.8	40	1605629
0	1897.55	45	1606358
0	1898.05	50	1606919
0	1898.6	55	1607592
0	1899.56	60	1608897
0	1900.07	65	1609682
0	1900.73	70	1610699
0	1901.29	75	1611699
0	1901.78	80	1612549
0	1904.2	10	1613404
0	1905.25	15	1613649
0	1906.26	20	1614014
0	1907.3	25	1614499
0	1908.31	30	1615104
0	1909.32	35	1615829
0	1910.32	40	1616674
0	1911.36	45	1617639
0	1912.37	50	1618724
0	1913.38	55	1619929
0	1914.38	60	1621254
0	1915.39	65	1622699
0	1917.48	10	1623500
0	1918.14	15	1623701
0	1918.43	20	1623817
0	1919.01	25	1624107
0	1919.62	30	1624495
0	1920.23	35	1624976
0	1920.49	40	1625196
0	1921.19	45	1625889
0	1921.67	50	1626442
0	1922.29	55	1627203
0	1922.65	60	1627692
0	1923.31	65	1628671
0	1923.76	70	1629386
0	1924.31	75	1630339
0	1924.83	80	1631279
0	1925.37	85	1632349
0	1925.82	90	1633273
0	1927.95	10	1633570
0	1928.99	15	1633815
0	1930	20	1634180
0	1931.04	25	1634665
0	1932.05	30	1635270
0	1933.06	35	1635995
0	1934.06	40	1636840
0	1935.11	45	1637805
0	1936.11	50	1638890
0	1937.12	55	1640095
0	1938.13	60	1641420
0	1939.13	65	1642865
0	1941.25	10	1643672
0	1941.82	15	1643853
0	1942.04	20	1643947
0	1942.67	25	1644251
0	1943.36	30	1644697
0	1943.8	35	1645053
0	1944.09	40	1645289
0	1944.77	45	1645957
0	1945.46	50	1646729
0	1945.77	55	1647118
0	1946.19	60	1647691
0	1946.86	65	1648674
0	1947.47	70	1649655
0	1947.71	75	1650072
0	1948.29	80	1651114
0	1948.93	85	1652372
0	1949.43	90	1653414
0	1951.57	10	1653736
0	1952.62	15	1653981
0	1953.62	20	1654346
0	1954.67	25	1654831
0	1955.67	30	1655436
0	1956.68	35	1656161
0	1957.69	40	1657006
0	1958.73	45	1657971
0	1959.74	50	1659056
0	1960.74	55	1660261
0	1961.75	60	1661586
0	1962.76	65	1663031
0	1964.93	10	1663828
0	1965.69	15	1664052
0	1966.11	20	1664251
0	1966.4	25	1664386
0	1967.15	30	1664831
0	1967.87	35	1665380
0	1968.5	40	1665969
0	1968.8	45	1666273
0	1969.29	50	1666810
0	1970.04	55	1667697
0	1970.76	60	1668684
0	1971.18	65	1669355
0	1971.47	70	1669793
0	1972.19	75	1670998
0	1972.9	80	1672317
0	1973.54	85	1673585
0	1975.36	10	1673976
0	1976.15	15	1674199
0	1977.08	20	1674601
0	1977.66	25	1674892
0	1978.25	30	1675283
0	1979.17	35	1675945
0	1980.01	40	1676684
0	1980.68	45	1677340
0	1981.73	50	1678552
0	1982.31	55	1679258
0	1982.9	60	1680060
0	1983.69	65	1681204
0	1984.62	70	1682713
0	1985.2	75	1683675
0	1987.34	10	1683985
0	1988.39	15	1684230
0	1989.39	20	1684595
0	1990.44	25	1685080
0	1991.45	30	1685685
0	1992.45	35	1686410
0	1993.46	40	1687255
0	1994.5	45	1688220
0	1995.51	50	1689305
0	1996.51	55	1690510
0	1997.52	60	1691835
0	1998.53	65	1693280
0	1.04188	10	4
0	1.08468	15	14
0	1.12748	20	29
0	1.17029	25	49
0	1.21309	30	74
0	1.25589	35	104
0	1.2987	40	139
0	1.3415	45	179
0	1.3843	50	224
0	1.42711	55	274
0	1.46991	60	329
0	1.51271	65	389
0	1.55552	70	454
0	1.59832	75	524
0	1.64112	80	599
0	1.68392	85	679
0	1.72673	90	764
0	1.76953	95	854
0	1.81233	100	949
0	1.85514	105	1049
0	1.89794	110	1154
0	1.94074	115	1264
0	1.98355	120	1379
0	2.02635	125	1499
0	2.06915	130	1624
0	2.11196	135	1754
0	2.15476	140	1889
0	2.19756	145	2029
0	2.24037	150	2174
0	2.28317	155	2324
0	2.32597	160	2479
0	2.36878	165	2639
0	2.41158	170	2804
0	2.45438	175	2974
0	2.49719	180	3149
0	2.53999	185	3329
0	2.58279	190	3514
0	2.6256	195	3704
0	2.6684	200	3899
0	2.7112	205	4099
0	2.754	210	4304
0	2.79681	215	4514
0	2.83961	220	4729
0	2.88241	225	4949
0	2.92522	230	5174
0	2.96802	235	5404
0	3.01156	240	5639
0	3.05603	245	5879
0	3.10142	250	6124
0	3.14774	255	6374
0	3.19499	260	6629
0	3.24316	265	6889
0	3.29226	270	7154
0	3.34229	275	7424
0	3.39324	280	7699
0	3.44512	285	7979
0	3.49792	290	8264
0	3.55165	295	8554
0	3.60631	300	8849
0	3.66189	305	9149
0	3.7184	310	9454
0	3.77584	315	9764
0	3.8342	320	10079
0	4.0656	10	10097
0	4.27957	15	10137
0	4.49355	20	10202
0	4.70753	25	10292
0	4.877	30	10382
0	4.9198	35	10415
0	4.96259	40	10453
0	5.00539	45	10496
0	5.04818	50	10544
0	5.09098	55	10597
0	5.13377	60	10655
0	5.17657	65	10718
0	5.21936	70	10786
0	5.26216	75	10859
0	5.30495	80	10937
0	5.34775	85	11020
0	5.39054	90	11108
0	5.43334	95	11201
0	5.47613	100	11299
0	5.51893	105	11402
0	5.56172	110	11510
0	5.60452	115	11623
0	5.64731	120	11741
0	5.69011	125	11864
0	5.73291	130	11992
0	5.7757	135	12125
0	5.8185	140	12263
0	5.86129	145	12405
0	5.90409	150	12551
0	5.94688	155	12702
0	5.98968	160	12856
0	6.03247	165	13014
0	6.07527	170	13177
0	6.11806	175	13343
0	6.16086	180	13513
0	6.20365	185	13687
0	6.24645	190	13866
0	6.28924	195	14049
0	1.04276	10	4
0	1.08553	15	9
0	1.08645	20	14
0	1.12918	25	21
0	1.1301	30	26
0	2.19236	35	793
0	3.35284	40	1716
0	4.15	37	2213
0	4.25	35	2274
0	5.3	38	3063
0	5.59541	40	3298
0	7.35	42	4697
0	7.35	37	4697
0	7.7819	40	4995
0	10.795	45	7312
0	11.4	47	7785
0	11.7443	50	8034
0	13.2812	55	9410
0	14.9671	10	10087
0	15.0094	15	10092
0	15.0116	20	10097
0	15.0523	25	10104
0	15.056	30	10114
0	16.15	29	10840
0	16.1532	30	10840
0	17.1557	35	11604
0	17.8733	40	12189
0	19.15	42	13240
0	19.2	41	13282
0	19.3	37	13377
0	19.55	38	13582
0	19.75	34	13762
0	19.7563	35	13766
0	20.4923	40	14414
0	21.3181	45	15189
0	22.2357	50	15994
0	22.35	41	16102
0	22.6	39	16287
0	22.6077	40	16292
0	22.75	36	16396
0	22.85	32	16457
0	22.9	30	16488
0	23	29	16553
0	23.0017	30	16556
0	23.1	22	16612
0	23.15	22	16640
0	23.35	22	16743
0	23.4	17	16766
0	23.9368	20	16999
0	24.7511	25	17412
0	25.7294	30	17931
0	26.05	28	18082
0	26.1569	30	18124
0	26.3	28	18181
0	26.4138	30	18231
0	26.45	29	18244
0	26.4898	30	18262
0	26.6	22	18306
0	26.65	18	18329
0	26.75	15	18357
0	26.9	13	18388
0	26.9	11	18388
0	26.95	11	18398
0	27	11	18406
0	27.1	12	18421
0	27.2	11	18448
0	27.45	11	18507
0	27.8	13	18604
0	28.0187	15	18671
0	29.2607	20	19056
0	29.3	14	19069
0	29.3026	15	19069
0	29.5	12	19124
0	29.75	12	19186
0	29.8	11	19197
0	30	12	19249
0	30.1991	15	19312
0	31.3642	20	19771
0	31.9931	25	20066
0	33.2122	10	20170
0	33.2536	15	20177
0	33.255	20	20184
0	33.2963	25	20200
0	33.2982	30	20211
0	34.5849	35	21278
0	34.6	32	21295
0	34.7289	35	21404
0	35.35	34	22021
0	35.35	32	22021
0	35.4707	35	22147
0	35.6	32	22285
0	35.65	31	22342
0	35.768	35	22472
0	36.136	40	22922
0	36.25	37	23080
0	36.3108	40	23162
0	36.5762	45	23539
0	36.75	45	23785
0	36.8	45	23857
0	37	48	24130
0	37.0284	50	24169
0	37.2845	55	24525
0	37.5864	60	24936
0	37.8	37	25222
0	37.85	38	25274
0	37.9	38	25303
0	38	39	25376
0	38.05	39	25414
0	38.1	39	25459
0	38.15	39	25502
0	38.2	39	25548
0	38.25	39	25599
0	38.3	39	25649
0	38.35	39	25706
0	38.4	37	25765
0	38.45	39	25821
0	38.4963	40	25878
0	38.5	40	25883
0	38.55	26	25946
0	38.6	27	25994
0	38.6	25	25994
0	38.65	26	26040
0	38.75	27	26124
0	38.8	19	26174
0	38.8006	20	26174
0	38.95	20	26289
0	39.1317	25	26436
0	39.3426	30	26656
0	39.5303	35	26893
0	39.7256	40	27155
0	39.9432	45	27444
0	40.1812	50	27760
0	40.4387	55	28106
0	40.7183	60	28480
0	40.9	36	28721
0	40.95	37	28772
0	41	37	28799
0	41.05	37	28833
0	41.1	37	28870
0	41.15	37	28904
0	41.2	37	28947
0	41.25	37	28988
0	41.3	37	29032
0	41.35	37	29081
0	41.4	37	29128
0	41.45	37	29180
0	41.5	38	29236
0	41.55	39	29292
0	41.5917	40	29343
0	41.6	40	29355
0	41.65	25	29419
0	41.7	27	29465
0	41.75	27	29505
0	41.8	18	29553
0	41.85	19	29585
0	41.9	19	29613
0	41.9614	20	29650
0	42.2056	25	29845
0	42.4086	30	30053
0	43.6088	10	30253
0	43.6507	15	30258
0	43.6521	20	30263
0	43.6926	25	30268
0	43.6957	30	30281
0	44.75	29	30894
0	44.7887	30	30919
0	44.8	28	30921
0	45.2887	30	31149
0	45.75	31	31346
0	46.9735	35	31909
0	47.75	38	32330
0	48.2803	40	32617
0	49.5841	45	33387
0	50.9999	50	34367
0	51.8	54	34975
0	51.8	48	34975
0	51.8	44	34975
0	51.8	44	34975
0	51.8	44	34975
0	51.8	44	34975
0	51.8001	45	34975
0	51.85	45	35021
0	51.85	44	35021
0	51.85	44	35021
0	51.85	35	35021
0	51.85	35	35021
0	51.85	26	35021
0	51.85	26	35021
0	51.9	29	35058
0	51.9	26	35058
0	51.9	21	35058
0	51.95	20	35085
0	52.7494	25	35463
0	53.4	27	35830
0	53.5937	30	35951
0	54	32	36232
0	54.1599	35	36351
0	54.7468	40	36745
0	55.2	39	37031
0	55.2357	40	37053
0	55.3	39	37095
0	55.3212	40	37114
0	55.35	39	37125
0	55.35	37	37125
0	55.4094	40	37164
0	55.45	25	37186
0	55.55	26	37245
0	55.6	26	37266
0	55.65	26	37287
0	55.75	26	37336
0	55.95	28	37444
0	56.1	20	37532
0	56.3	21	37627
0	56.95	23	37953
0	56.995	25	37976
0	57.6254	30	38342
0	57.95	30	38538
0	58.4488	35	38867
0	58.65	28	39005
0	58.7823	30	39087
0	58.9	25	39149
0	59.4158	30	39431
0	59.45	22	39441
0	59.65	19	39548
0	59.6503	20	39548
0	59.7	19	39571
0	59.72	20	39586
0	60.4488	25	39940
0	61.05	27	40264
0	62.2022	10	40336
0	62.2443	15	40341
0	62.2467	20	40346
0	62.2869	25	40353
0	62.2897	30	40362
0	63.35	28	40907
0	63.4	27	40927
0	64.3213	30	41220
0	64.35	29	41229
0	64.7336	30	41346
0	66.4	34	41936
0	66.6408	35	42031
0	68.2576	40	42683
0	69.9755	45	43491
0	70.45	47	43730
0	70.45	43	43730
0	70.45	43	43730
0	70.45	43	43730
0	70.45	38	43730
0	70.45	38	43730
0	70.4867	40	43749
0	70.5	39	43754
0	70.5	38	43754
0	70.5	35	43754
0	70.5	30	43754
0	70.5	28	43754
0	70.5	18	43754
0	70.5	18	43754
0	70.5	18	43754
0	70.5	18	43754
0	70.5	18	43754
0	70.5054	20	43756
0	70.55	19	43776
0	70.55	17	43776
0	70.6	17	43797
0	70.6	17	43797
0	70.6	17	43797
0	70.65	18	43812
0	70.9739	20	43925
0	71.1	19	43969
0	71.1276	20	43982
0	71.9853	25	44271
0	72.1	25	44311
0	72.6956	30	44559
0	73.2223	35	44843
0	73.6957	40	45137
0	74.15	44	45436
0	74.15	25	45436
0	74.15	25	45436
0	74.2	27	45471
0	74.2	27	45471
0	74.25	27	45493
0	74.25	27	45493
0	74.3	27	45522
0	74.3	27	45522
0	74.3	26	45522
0	74.5954	30	45693
0	75.04	35	45990
0	75.1	21	46041
0	75.15	22	46074
0	75.3	22	46141
0	75.4882	25	46244
0	76.0701	30	46534
0	76.5905	35	46826
0	76.6	34	46832
0	76.6152	35	46834
0	76.75	22	46927
0	76.85	16	46981
0	76.9	16	47000
0	76.95	12	47015
0	77.1	10	47056
0	77.2	9	47078
0	77.2243	10	47082
0	78.2	13	47320
0	78.3717	15	47368
0	79.15	15	47604
0	79.3	17	47645
0	79.7836	20	47805
0	79.95	19	47865
0	79.9691	20	47873
0	80.2	20	47955
0	80.2	16	47955
0	80.6214	20	48101
0	81	20	48250
0	81.25	21	48357
0	81.55	19	48514
0	81.5542	20	48514
0	82.2798	25	48881
0	82.95	28	49222
0	82.9894	30	49239
0	83.45	22	49483
0	83.5	22	49509
0	83.65	24	49562
0	83.7141	25	49596
0	83.85	25	49642
0	84	25	49706
0	84.2	25	49792
0	84.25	25	49817
0	84.4	26	49890
0	84.7	26	50041
0	84.75	22	50072
0	85.0037	25	50208
0	85.35	24	50403
0	85.362	25	50403
0	86.4242	10	50419
0	86.4662	15	50424
0	86.4672	20	50429
0	86.5082	25	50434
0	86.5108	30	50446
0	87.6	31	51126
0	87.65	31	51162
0	88.6	32	51783
0	88.9821	35	52036
0	89.9044	40	52705
0	90.65	42	53299
0	90.8508	45	53477
0	92.0823	50	54549
0	92.9112	55	55335
0	93.7959	60	56154
0	94.65	64	57105
0	94.65	59	57105
0	94.65	53	57105
0	94.65	42	57105
0	94.65	32	57105
0	94.65	32	57105
0	94.6614	35	57110
0	94.7	34	57156
0	94.7	32	57156
0	94.7	28	57156
0	94.7	28	57156
0	94.7	28	57156
0	94.7244	30	57175
0	94.75	30	57188
0	94.75	30	57188
0	95.4299	35	57681
0	96.2233	40	58318
0	96.4	39	58459
0	96.4143	40	58462
0	97.1283	45	59013
0	97.25	36	59118
0	97.3	27	59156
0	97.55	23	59291
0	97.6	24	59319
0	97.7	24	59359
0	97.85	21	59437
0	97.9	22	59459
0	98.2	17	59605
0	98.6166	20	59772
0	99.3	22	60079
0	99.6586	25	60261
0	99.75	25	60304
0	101.141	10	60502
0	101.162	15	60507
0	101.183	20	60518
0	101.225	25	60547
0	101.231	30	60566
0	102.15	35	61488
0	102.6	34	62000
0	102.623	35	62032
0	102.75	36	62194
0	103.03	40	62578
0	103.464	45	63250
0	103.8	48	63840
0	103.91	50	64047
0	104.231	55	64687
0	104.534	60	65292
0	104.929	65	66075
0	105.24	70	66706
0	105.547	75	67358
0	105.824	80	67983
0	105.85	81	68042
0	106.108	85	68671
0	106.414	90	69439
0	106.791	95	70381
0	107.927	10	70585
0	107.968	15	70590
0	107.97	20	70595
0	108.011	25	70600
0	108.012	30	70609
0	109.3	31	71414
0	109.4	31	71478
0	110.483	35	72172
0	110.5	34	72187
0	110.904	35	72409
0	111.953	40	72940
0	112.55	42	73274
0	113.034	45	73552
0	113.845	50	74104
0	114.717	55	74799
0	115.261	60	75291
0	115.857	65	75899
0	116.472	70	76566
0	116.6	71	76704
0	116.6	64	76704
0	116.6	59	76704
0	116.6	59	76704
0	116.6	55	76704
0	116.6	55	76704
0	116.6	53	76704
0	116.617	55	76726
0	116.65	54	76761
0	116.65	54	76761
0	116.65	54	76761
0	116.65	52	76761
0	116.7	52	76813
0	116.7	52	76813
0	116.7	52	76813
0	116.81	55	76929
0	117.13	60	77296
0	117.462	65	77688
0	117.818	70	78108
0	118.197	75	78554
0	118.599	80	79026
0	119.024	85	79526
0	119.15	86	79675
0	119.472	90	80055
0	119.948	95	80614
0	121.032	10	80668
0	121.074	15	80673
0	121.076	20	80678
0	121.116	25	80683
0	121.119	30	80694
0	122.539	35	81703
0	123.55	34	82449
0	123.571	35	82458
0	123.6	33	82482
0	123.92	35	82701
0	124.65	36	83195
0	125.893	40	84071
0	126.7	44	84739
0	126.983	45	84977
0	128.083	50	85913
0	129.22	55	86896
0	129.957	60	87650
0	130.75	63	88423
0	131.059	65	88707
0	132.402	70	89964
0	134.165	10	90751
0	134.207	15	90756
0	134.209	20	90761
0	134.249	25	90767
0	134.252	30	90777
0	135.3	31	91389
0	135.35	30	91422
0	136.4	32	92102
0	136.76	35	92363
0	137.708	40	93070
0	138.5	44	93736
0	138.915	45	94095
0	139.823	50	94930
0	140.675	55	95759
0	141.74	60	96902
0	142.55	63	97820
0	142.55	53	97820
0	142.55	43	97820
0	142.55	43	97820
0	142.55	37	97820
0	142.55	32	97820
0	142.555	35	97828
0	142.6	37	97876
0	142.6	37	97876
0	142.6	37	97876
0	142.6	33	97876
0	143.007	35	98168
0	143.3	30	98396
0	143.55	28	98584
0	143.593	30	98615
0	144.297	35	99132
0	145.254	40	99750
0	145.3	28	99777
0	145.5	29	99857
0	145.7	29	99934
0	145.7	28	99934
0	145.75	25	99953
0	145.8	24	99978
0	145.9	24	100018
0	145.95	22	100039
0	146.244	25	100170
0	146.848	30	100481
0	146.95	29	100547
0	146.978	30	100559
0	148.477	10	100834
0	148.52	15	100839
0	148.521	20	100844
0	148.563	25	100849
0	148.565	30	100854
0	149.65	30	101374
0	149.65	27	101374
0	149.7	27	101399
0	149.7	25	101399
0	150.516	30	101837
0	150.65	30	101922
0	150.7	29	101953
0	150.978	30	102125
0	151.491	35	102466
0	152.364	40	103056
0	152.7	42	103320
0	152.75	42	103364
0	153.024	45	103599
0	153.715	50	104289
0	154.637	55	105262
0	155.343	60	105939
0	156.294	65	106987
0	156.8	69	107612
0	156.842	70	107667
0	156.95	70	107823
0	156.95	59	107823
0	156.95	59	107823
0	156.95	47	107823
0	156.992	50	107878
0	157	50	107882
0	157	39	107882
0	157	39	107882
0	157.008	40	107882
0	157.05	40	107925
0	157.05	40	107925
0	157.05	40	107925
0	157.1	40	107966
0	157.1	40	107966
0	157.989	45	108813
0	158.75	41	109569
0	159.242	45	110015
0	159.7	38	110472
0	159.75	39	110520
0	159.824	40	110581
0	161.244	10	110917
0	161.286	15	110922
0	161.287	20	110927
0	161.327	25	110932
0	161.332	30	110945
0	162.942	35	112077
0	163.738	40	112760
0	164.595	45	113567
0	165.895	50	114897
0	166.7	47	115799
0	166.946	50	116063
0	167.25	45	116396
0	167.716	50	116879
0	168	45	117193
0	168.684	50	117916
0	169.05	44	118301
0	169.051	45	118301
0	169.3	41	118542
0	169.6	41	118811
0	169.65	40	118852
0	170	43	119143
0	170.128	45	119258
0	170.5	44	119592
0	170.503	45	119594
0	170.6	44	119693
0	170.627	45	119716
0	170.991	50	120087
0	171.3	35	120428
0	171.7	35	120749
0	171.75	34	120789
0	171.766	35	120807
0	171.8	34	120828
0	171.822	35	120844
0	173.056	10	121000
0	173.097	15	121008
0	173.099	20	121015
0	173.142	25	121033
0	173.143	30	121042
0	174.2	29	121719
0	174.202	30	121720
0	174.25	29	121755
0	174.254	30	121763
0	174.3	28	121792
0	174.436	30	121872
0	175.35	30	122445
0	175.45	29	122503
0	175.802	30	122703
0	176.875	35	123340
0	176.9	35	123359
0	176.9	29	123359
0	176.915	30	123362
0	178.087	35	124090
0	179.136	40	124695
0	179.15	40	124703
0	180.094	45	125232
0	181.116	50	125920
0	182.092	55	126623
0	183.108	60	127348
0	183.2	60	127427
0	183.2	52	127427
0	183.2	52	127427
0	183.2	51	127427
0	183.2	51	127427
0	183.2	46	127427
0	183.2	46	127427
0	183.2	46	127427
0	183.242	50	127455
0	183.25	47	127474
0	183.25	47	127474
0	183.25	47	127474
0	183.536	50	127689
0	184.112	55	128183
0	184.773	60	128706
0	185.446	65	129248
0	186.014	70	129793
0	186.59	75	130354
0	186.7	76	130463
0	186.7	46	130463
0	186.7	46	130463
0	186.7	41	130463
0	186.7	41	130463
0	186.7	41	130463
0	186.7	41	130463
0	186.75	44	130510
0	186.75	42	130510
0	186.75	42	130510
0	186.75	42	130510
0	186.8	43	130537
0	186.8	43	130537
0	186.8	40	130537
0	186.85	41	130566
0	186.85	41	130566
0	186.85	40	130566
0	186.9	41	130595
0	186.9	41	130595
0	186.95	41	130627
0	186.95	41	130627
0	187	41	130663
0	187	41	130663
0	187.05	41	130702
0	187.05	41	130702
0	187.1	41	130739
0	187.499	45	131037
0	187.5	45	131038
0	188.592	10	131083
0	188.635	15	131088
0	188.636	20	131093
0	188.678	25	131100
0	188.679	30	131107
0	189.75	31	131760
0	189.8	30	131794
0	190.75	33	132248
0	191.418	35	132521
0	192.8	39	133115
0	192.931	40	133183
0	194.341	45	133917
0	195.656	50	134640
0	196.8	54	135403
0	196.8	50	135403
0	196.8	48	135403
0	196.8	47	135403
0	196.8	41	135403
0	196.85	43	135436
0	196.85	39	135436
0	196.85	39	135436
0	196.85	37	135436
0	196.85	37	135436
0	196.85	36	135436
0	197.093	40	135593
0	197.611	45	135939
0	198.177	50	136313
0	198.3	50	136387
0	198.3	49	136387
0	198.3	49	136387
0	198.3	49	136387
0	198.315	50	136396
0	198.757	55	136735
0	199	57	136959
0	199	34	136959
0	199	34	136959
0	199	31	136959
0	199	29	136959
0	199	29	136959
0	199.008	30	136959
0	199.05	32	136999
0	199.05	32	136999
0	199.1	32	137024
0	199.15	32	137047
0	199.2	32	137075
0	199.25	32	137109
0	199.3	32	137138
0	199.35	32	137171
0	199.4	32	137200
0	199.4	31	137200
0	199.45	32	137233
0	199.5	32	137273
0	199.737	35	137445
