1	1.04642	10	4
1	1.08915	15	9
1	1.09377	20	14
1	1.13274	25	19
1	1.31893	30	130
1	1.55079	35	290
1	1.77951	40	475
1	2.00335	45	685
1	2.1	23	782
1	2.1	23	782
1	2.12691	25	806
1	2.34089	30	941
1	2.55486	35	1101
1	2.76884	40	1286
1	2.98866	45	1496
1	3.22908	50	1731
1	3.49195	55	1991
1	3.7824	60	2276
1	4.09595	65	2586
1	4.3	34	2788
1	4.30067	35	2788
1	4.35	36	2837
1	4.4	36	2858
1	4.45	37	2879
1	4.5	38	2902
1	4.55	38	2934
1	4.60604	40	2973
1	4.65	40	3003
1	4.7	20	3034
1	4.75	22	3064
1	4.8	22	3077
1	4.85	23	3091
1	4.93724	25	3124
1	4.95	12	3137
1	5	14	3155
1	5.05	14	3164
1	5.06926	15	3164
1	5.1	15	3174
1	5.2	8	3205
1	5.23766	10	3214
1	5.25	10	3219
1	5.3	5	3228
1	5.45349	10	3258
1	5.66746	15	3318
1	5.88144	20	3403
1	6.09542	25	3513
1	6.30939	30	3648
1	6.52337	35	3808
1	6.73843	40	3993
1	6.96589	45	4203
1	7.21522	50	4438
1	7.48826	55	4698
1	7.7696	60	4983
1	8.08119	65	5293
1	8.2	33	5414
1	8.23518	35	5448
1	8.25	35	5465
1	8.3	36	5487
1	8.35	36	5511
1	8.54136	40	5633
1	8.55	20	5642
1	8.6	22	5671
1	8.7	23	5697
1	8.75	24	5713
1	8.79527	25	5732
1	8.8	12	5738
1	8.85	14	5756
1	8.9	14	5765
1	8.92084	15	5765
1	9	8	5786
1	9.0129	10	5795
1	9.05	5	5798
1	9.1	3	5807
1	9.13944	5	5811
1	9.15	2	5812
1	9.22503	5	5819
1	9.43901	10	5854
1	9.65298	15	5914
1	9.86696	20	5999
1	10.0809	25	6109
1	10.2949	30	6244
1	10.5089	35	6404
1	10.7229	40	6589
1	10.9438	45	6799
1	11.1887	50	7034
1	11.4616	55	7294
1	11.7576	60	7579
1	12.0767	65	7889
1	12.2	33	8011
1	12.2372	35	8045
1	12.25	35	8059
1	12.3	35	8080
1	12.4	37	8123
1	12.45	38	8154
1	12.5	38	8187
1	12.55	39	8222
1	12.5739	40	8230
1	12.6	20	8252
1	12.65	22	8282
1	12.7	23	8296
1	12.8	24	8336
1	12.8174	25	8342
1	12.85	12	8360
1	12.9	14	8379
1	12.9329	15	8387
1	12.95	15	8389
1	13.05	8	8413
1	13.0594	10	8422
1	13.1	5	8428
1	13.15	3	8437
1	13.1841	5	8441
1	13.398	10	8476
1	13.612	15	8536
1	13.826	20	8621
1	14.04	25	8731
1	14.2539	30	8866
1	14.4679	35	9026
1	14.6819	40	9211
1	14.8959	45	9421
1	15.1212	50	9656
1	15.3795	55	9916
1	16.55	2	10083
1	16.55	2	10083
1	16.55	2	10083
1	16.55	2	10083
1	16.55	2	10083
1	16.55	2	10083
1	16.55	2	10083
1	16.55	2	10083
1	16.55	2	10083
1	16.55	2	10083
1	16.55	2	10083
1	16.55	2	10083
1	16.55	2	10083
1	16.55	2	10083
1	16.55	2	10083
1	16.55	2	10083
1	16.55	2	10083
1	16.55	2	10083
1	16.55	2	10083
1	16.55	2	10083
1	16.55	2	10083
1	16.55	2	10083
1	16.55	2	10083
1	16.55	2	10083
1	16.55	2	10083
1	16.55	2	10083
1	16.55	2	10083
1	16.55	2	10083
1	16.55	2	10083
1	16.55	2	10083
1	16.55	2	10083
1	16.55	2	10083
1	16.55	2	10083
1	16.55	2	10083
1	16.55	2	10083
1	16.55	2	10083
1	16.55	2	10083
1	16.55	2	10083
1	16.55	2	10083
1	16.55	2	10083
1	16.55	2	10083
1	16.55	2	10083
1	16.55	2	10083
1	16.5918	5	10090
1	16.6572	10	10125
1	16.8221	15	10185
1	16.9905	20	10270
1	17.1634	25	10380
1	17.3428	30	10515
1	17.534	35	10675
1	17.7307	40	10860
1	17.9607	45	11070
1	18.2135	50	11305
1	18.4893	55	11565
1	18.7954	60	11850
1	18.9	30	11950
1	18.95	32	11998
1	19	33	12019
1	19.05	33	12042
1	19.1	34	12066
1	19.1136	35	12080
1	19.15	35	12100
1	19.2	36	12136
1	19.25	18	12174
1	19.2821	20	12193
1	19.3	20	12205
1	19.35	21	12221
1	19.4	22	12239
1	19.45	11	12262
1	19.5	13	12283
1	19.5488	15	12301
1	19.55	7	12302
1	19.627	10	12319
1	19.65	5	12327
1	19.7	3	12338
1	19.7162	5	12342
1	19.85	4	12376
1	19.8809	5	12376
1	19.9	3	12388
1	19.9292	5	12392
1	20.0574	10	12427
1	20.2212	15	12487
1	20.3886	20	12572
1	20.5607	25	12682
1	20.7382	30	12817
1	20.9222	35	12977
1	21.1173	40	13162
1	21.3257	45	13372
1	21.5602	50	13607
1	21.8175	55	13867
1	22.0996	60	14152
1	22.4001	65	14462
1	22.45	32	14515
1	22.5	34	14567
1	22.5339	35	14582
1	22.55	35	14592
1	22.6	36	14618
1	22.65	36	14650
1	22.7	37	14687
1	22.75	38	14725
1	22.8	39	14765
1	22.802	40	14767
1	22.85	20	14805
1	22.9	22	14841
1	22.95	23	14861
1	23.009	25	14895
1	23.05	12	14918
1	23.1	14	14942
1	23.1245	15	14945
1	23.2	8	14973
1	23.2144	10	14982
1	23.25	5	14990
1	23.3	4	15004
1	23.3001	5	15004
1	23.4294	10	15039
1	23.45	5	15046
1	23.555	10	15076
1	23.6926	15	15136
1	23.8637	20	15221
1	24.0555	25	15331
1	24.2321	30	15466
1	24.4152	35	15626
1	24.6061	40	15811
1	24.802	45	16021
1	25.0185	50	16256
1	25.2575	55	16516
1	25.5195	60	16801
1	25.8044	65	17111
1	26.1	34	17433
1	26.1004	35	17433
1	26.15	36	17487
1	26.2	37	17514
1	26.25	37	17541
1	26.3	38	17572
1	26.35	39	17609
1	26.3589	40	17618
1	26.4	40	17648
1	26.45	41	17690
1	26.5	21	17732
1	26.55	23	17769
1	26.6	24	17789
1	26.6193	25	17801
1	26.65	25	17811
1	26.7	13	17843
1	26.7174	15	17857
1	26.75	15	17868
1	26.85	9	17908
1	26.8511	10	17908
1	26.9	5	17927
1	26.95	3	17940
1	26.9641	5	17944
1	27	3	17950
1	27.0104	5	17954
1	27.1378	10	17989
1	27.2999	15	18049
1	27.4673	20	18134
1	27.6394	25	18244
1	27.8169	30	18379
1	28.0009	35	18539
1	28.1927	40	18724
1	28.3886	45	18934
1	28.6052	50	19169
1	28.8442	55	19429
1	29.1062	60	19714
1	29.3911	65	20024
1	30.55	2	20166
1	30.55	2	20166
1	30.55	2	20166
1	30.55	2	20166
1	30.55	2	20166
1	30.55	2	20166
1	30.55	2	20166
1	30.55	2	20166
1	30.55	2	20166
1	30.55	2	20166
1	30.55	2	20166
1	30.55	2	20166
1	30.55	2	20166
1	30.55	2	20166
1	30.55	2	20166
1	30.55	2	20166
1	30.55	2	20166
1	30.55	2	20166
1	30.55	2	20166
1	30.55	2	20166
1	30.55	2	20166
1	30.55	2	20166
1	30.55	2	20166
1	30.5835	5	20173
1	30.6899	10	20208
1	30.828	15	20268
1	30.9999	20	20353
1	31.1781	25	20463
1	31.3652	30	20598
1	31.5474	35	20758
1	31.7477	40	20943
1	31.9651	45	21153
1	32.2129	50	21388
1	32.4533	55	21648
1	32.7159	60	21933
1	32.95	32	22187
1	33	34	22242
1	33.0297	35	22254
1	33.05	35	22271
1	33.1	36	22301
1	33.15	37	22339
1	33.2	38	22381
1	33.2716	40	22439
1	33.4951	45	22649
1	33.6	23	22754
1	33.6254	25	22778
1	33.65	25	22800
1	33.7	26	22825
1	33.75	27	22852
1	33.8	14	22890
1	33.8003	15	22890
1	33.85	17	22922
1	33.9	9	22947
1	33.9009	10	22947
1	34.0474	15	23007
1	34.2149	20	23092
1	34.3869	25	23202
1	34.5645	30	23337
1	34.7488	35	23497
1	34.9455	40	23682
1	35.1568	45	23892
1	35.3923	50	24127
1	35.649	55	24387
1	35.9295	60	24672
1	36.2268	65	24982
1	36.25	32	25008
1	36.3	34	25060
1	36.3357	35	25075
1	36.35	35	25085
1	36.4	36	25111
1	36.45	36	25141
1	36.5	37	25178
1	36.55	38	25217
1	36.6	39	25258
1	36.6025	40	25260
1	36.65	20	25298
1	36.75	23	25353
1	36.8119	25	25388
1	36.85	12	25406
1	36.9	14	25429
1	36.9264	15	25433
1	36.95	15	25444
1	37.1	9	25505
1	37.1003	10	25505
1	37.15	11	25525
1	37.2	6	25539
1	37.25	4	25555
1	37.2612	5	25555
1	37.3602	10	25590
1	37.5226	15	25650
1	37.6919	20	25735
1	37.8658	25	25845
1	38.0452	30	25980
1	38.237	35	26140
1	38.4248	40	26325
1	38.6215	45	26535
1	38.8381	50	26770
1	39.0777	55	27030
1	39.3404	60	27315
1	39.6261	65	27625
1	39.9	34	27923
1	39.9007	35	27923
1	39.95	36	27977
1	40	37	28008
1	40.05	38	28037
1	40.1	39	28070
1	40.1487	40	28108
1	40.2	41	28152
1	40.25	21	28194
1	40.3	23	28231
1	40.35	24	28251
1	40.371	25	28263
1	40.4	25	28273
1	40.55	14	28372
1	40.5511	15	28372
1	40.6	16	28400
1	40.65	17	28417
1	40.7	9	28436
1	40.704	10	28436
1	40.75	5	28456
1	40.8443	10	28486
1	40.85	5	28492
1	40.969	10	28522
1	41.1065	15	28582
1	41.2777	20	28667
1	41.4695	25	28777
1	41.6462	30	28912
1	41.8293	35	29072
1	42.0202	40	29257
1	42.2161	45	29467
1	42.4328	50	29702
1	42.6724	55	29962
1	42.935	60	30247
1	43.95	5	30249
1	43.95	5	30249
1	43.95	5	30249
1	43.95	5	30249
1	43.95	5	30249
1	43.95	5	30249
1	43.95	5	30249
1	43.95	5	30249
1	43.95	5	30249
1	43.95	5	30249
1	43.95	5	30249
1	43.95	5	30249
1	43.95	5	30249
1	43.95	5	30249
1	43.95	5	30249
1	43.95	5	30249
1	43.95	5	30249
1	43.95	5	30249
1	43.95	5	30249
1	43.95	5	30249
1	43.95	5	30249
1	43.95	5	30249
1	43.95	5	30249
1	43.95	5	30249
1	43.95	5	30249
1	43.95	5	30249
1	43.95	5	30249
1	43.95	5	30249
1	43.95	5	30249
1	43.95	5	30249
1	43.95	5	30249
1	43.95	5	30249
1	43.95	5	30249
1	43.95	5	30249
1	43.95	5	30249
1	43.95	5	30249
1	43.95	5	30249
1	43.95	5	30249
1	43.95	5	30249
1	43.95	5	30249
1	43.9745	10	30253
1	43.9815	15	30258
1	43.9954	20	30263
1	43.9998	25	30268
1	44.1432	30	30379
1	44.334	35	30539
1	44.5239	40	30724
1	44.737	45	30934
1	44.9661	50	31169
1	45.2103	55	31429
1	45.4743	60	31714
1	45.7615	65	32024
1	45.85	33	32120
1	45.8819	35	32154
1	45.9	35	32174
1	46.05	38	32284
1	46.1107	40	32339
1	46.334	45	32549
1	46.55	24	32775
1	46.5508	25	32775
1	46.6	26	32823
1	46.65	27	32849
1	46.7	28	32879
1	46.7433	30	32910
1	46.75	15	32918
1	46.8	17	32951
1	46.85	9	32975
1	46.8505	10	32975
1	46.9955	15	33035
1	47.163	20	33120
1	47.3352	25	33230
1	47.5129	30	33365
1	47.6971	35	33525
1	47.8888	40	33710
1	48.0848	45	33920
1	48.3025	50	34155
1	48.5434	55	34415
1	48.8074	60	34700
1	49.0946	65	35010
1	49.4049	70	35345
1	49.45	35	35394
1	49.5	37	35448
1	49.55	38	35474
1	49.6	38	35500
1	49.65	39	35529
1	49.6641	40	35544
1	49.7	40	35567
1	49.75	41	35607
1	49.8	42	35648
1	49.85	21	35687
1	49.9	23	35724
1	49.95	24	35742
1	49.9738	25	35756
1	50	25	35762
1	50.05	13	35791
1	50.0641	15	35805
1	50.1	15	35815
1	50.15	8	35834
1	50.175	10	35843
1	50.2	5	35850
1	50.25	3	35861
1	50.2754	5	35865
1	50.3	2	35870
1	50.3382	5	35877
1	50.4	3	35886
1	50.4062	5	35890
1	50.45	3	35901
1	50.4666	5	35905
1	50.6103	10	35940
1	50.7588	15	36000
1	50.9263	20	36085
1	51.0984	25	36195
1	51.285	30	36330
1	51.4673	35	36490
1	51.6582	40	36675
1	51.8539	45	36885
1	52.0716	50	37120
1	52.3124	55	37380
1	52.5764	60	37665
1	52.8636	65	37975
1	53.174	70	38310
1	53.25	35	38393
1	53.3	37	38447
1	53.35	38	38481
1	53.4508	40	38543
1	53.7	22	38742
1	53.7	22	38742
1	53.75	24	38780
1	53.7724	25	38789
1	53.8	25	38799
1	53.85	26	38825
1	53.9	13	38854
1	53.9309	15	38868
1	53.95	15	38879
1	54	16	38893
1	54.05	8	38909
1	54.063	10	38918
1	54.1	10	38927
1	54.15	6	38944
1	54.2	4	38960
1	54.2047	5	38960
1	54.25	3	38973
1	54.2752	5	38977
1	54.4027	10	39012
1	54.5464	15	39072
1	54.7139	20	39157
1	54.9033	25	39267
1	55.0801	30	39402
1	55.2651	35	39562
1	55.4542	40	39747
1	55.6519	45	39957
1	55.8696	50	40192
1	57	2	40332
1	57	2	40332
1	57	2	40332
1	57	2	40332
1	57	2	40332
1	57	2	40332
1	57	2	40332
1	57	2	40332
1	57	2	40332
1	57	2	40332
1	57	2	40332
1	57	2	40332
1	57	2	40332
1	57	2	40332
1	57	2	40332
1	57	2	40332
1	57	2	40332
1	57	2	40332
1	57	2	40332
1	57	2	40332
1	57	2	40332
1	57	2	40332
1	57	2	40332
1	57	2	40332
1	57	2	40332
1	57	2	40332
1	57	2	40332
1	57	2	40332
1	57	2	40332
1	57	2	40332
1	57	2	40332
1	57	2	40332
1	57	2	40332
1	57	2	40332
1	57	2	40332
1	57	2	40332
1	57	2	40332
1	57	2	40332
1	57	2	40332
1	57	2	40332
1	57	2	40332
1	57	2	40332
1	57	2	40332
1	57	2	40332
1	57	2	40332
1	57	2	40332
1	57	2	40332
1	57	2	40332
1	57	2	40332
1	57	2	40332
1	57	2	40332
1	57	2	40332
1	57	2	40332
1	57.0446	5	40339
1	57.1119	10	40374
1	57.2564	15	40434
1	57.4253	20	40519
1	57.5988	25	40629
1	57.7843	30	40764
1	57.9696	35	40924
1	58.1563	40	41109
1	58.3495	45	41319
1	58.5585	50	41554
1	58.7894	55	41814
1	59.0425	60	42099
1	59.3178	65	42409
1	59.6153	70	42744
1	59.9349	75	43104
1	60.05	38	43234
1	60.085	40	43273
1	60.1	40	43290
1	60.15	41	43328
1	60.2	42	43361
1	60.25	42	43396
1	60.3	44	43440
1	60.3473	45	43483
1	60.35	45	43486
1	60.4	23	43534
1	60.4	23	43534
1	60.4274	25	43558
1	60.45	25	43577
1	60.5	26	43600
1	60.55	27	43625
1	60.6	14	43661
1	60.6008	15	43661
1	60.65	16	43690
1	60.7	9	43712
1	60.7001	10	43712
1	60.75	5	43733
1	60.8525	10	43763
1	61.0197	15	43823
1	61.05	7	43838
1	61.0816	10	43855
1	61.247	15	43915
1	61.416	20	44000
1	61.5894	25	44110
1	61.7681	30	44245
1	61.9603	35	44405
1	62.147	40	44590
1	62.3462	45	44800
1	62.5694	50	45035
1	62.8071	55	45295
1	63.0643	60	45580
1	63.3436	65	45890
1	63.5	33	46067
1	63.531	35	46101
1	63.7	38	46218
1	63.75	39	46258
1	63.7889	40	46286
1	63.8	40	46299
1	63.85	20	46342
1	63.9	22	46379
1	63.95	23	46399
1	64	24	46421
1	64.0121	25	46432
1	64.05	12	46452
1	64.1	14	46477
1	64.1037	15	46479
1	64.15	8	46499
1	64.1749	10	46508
1	64.2	5	46517
1	64.3127	10	46547
1	64.35	5	46557
1	64.4407	10	46587
1	64.5955	15	46647
1	64.7627	20	46732
1	64.9405	25	46842
1	65.1166	30	46977
1	65.3034	35	47137
1	65.4901	40	47322
1	65.6822	45	47532
1	65.8908	50	47767
1	66.1217	55	48027
1	66.3748	60	48312
1	66.6501	65	48622
1	66.9476	70	48957
1	67.1	36	49129
1	67.15	38	49185
1	67.2	39	49212
1	67.25	39	49239
1	67.2594	40	49243
1	67.3	40	49270
1	67.35	41	49309
1	67.4	42	49351
1	67.45	43	49392
1	67.5	22	49432
1	67.55	24	49470
1	67.5742	25	49479
1	67.6	25	49489
1	67.65	26	49511
1	67.7	13	49543
1	67.7334	15	49557
1	67.75	15	49568
1	67.8	16	49583
1	67.85	8	49599
1	67.8659	10	49608
1	67.9	10	49617
1	68	6	49653
1	68.05	4	49668
1	68.054	5	49668
1	68.1	3	49680
1	68.1229	5	49684
1	68.2501	10	49719
1	68.3946	15	49779
1	68.5627	20	49864
1	68.7499	25	49974
1	68.926	30	50109
1	69.11	35	50269
1	70.3	2	50415
1	70.3	2	50415
1	70.3	2	50415
1	70.3	2	50415
1	70.3	2	50415
1	70.3	2	50415
1	70.3	2	50415
1	70.3	2	50415
1	70.3	2	50415
1	70.3	2	50415
1	70.3	2	50415
1	70.3231	5	50422
1	70.4506	10	50457
1	70.5939	15	50517
1	70.7613	20	50602
1	70.9511	25	50712
1	71.1278	30	50847
1	71.3109	35	51007
1	71.5018	40	51192
1	71.6979	45	51402
1	71.9148	50	51637
1	72.1544	55	51897
1	72.4171	60	52182
1	72.7028	65	52492
1	73	34	52815
1	73.0005	35	52815
1	73.05	36	52869
1	73.1	37	52896
1	73.15	37	52923
1	73.2	38	52953
1	73.25	39	52990
1	73.2592	40	53000
1	73.3	40	53030
1	73.35	41	53072
1	73.4	21	53114
1	73.5	24	53170
1	73.5206	25	53183
1	73.55	25	53191
1	73.6	13	53222
1	73.6255	15	53236
1	73.65	15	53246
1	73.7	8	53264
1	73.7238	10	53273
1	73.8	5	53291
1	73.85	3	53303
1	73.8541	5	53307
1	73.9	3	53316
1	73.9359	5	53320
1	74	3	53338
1	74.0233	5	53342
1	74.1516	10	53377
1	74.3154	15	53437
1	74.4828	20	53522
1	74.6549	25	53632
1	74.8325	30	53767
1	75.0168	35	53927
1	75.2084	40	54112
1	75.4044	45	54322
1	75.6214	50	54557
1	75.861	55	54817
1	76.1236	60	55102
1	76.4093	65	55412
1	76.7	34	55728
1	76.7006	35	55728
1	76.75	36	55782
1	76.8	37	55809
1	76.85	37	55836
1	76.9	38	55866
1	76.95	39	55904
1	76.9586	40	55913
1	77	40	55944
1	77.05	41	55985
1	77.1	21	56027
1	77.15	23	56064
1	77.2	24	56084
1	77.2199	25	56096
1	77.25	25	56107
1	77.3	13	56139
1	77.3255	15	56153
1	77.4	8	56181
1	77.4219	10	56190
1	77.45	5	56197
1	77.55	4	56220
1	77.5502	5	56220
1	77.6	3	56233
1	77.6321	5	56237
1	77.7	3	56254
1	77.7186	5	56258
1	77.8469	10	56293
1	78.0107	15	56353
1	78.1782	20	56438
1	78.3502	25	56548
1	78.5278	30	56683
1	78.7119	35	56843
1	78.907	40	57028
1	79.1161	45	57238
1	79.3506	50	57473
1	79.6083	55	57733
1	79.8926	60	58018
1	80.2	65	58328
1	80.25	32	58379
1	80.3	34	58430
1	80.3392	35	58446
1	80.35	35	58452
1	80.4	35	58476
1	80.45	36	58505
1	80.5	37	58536
1	80.55	38	58573
1	80.6	39	58612
1	80.6315	40	58631
1	80.65	20	58647
1	80.7	22	58681
1	80.75	23	58699
1	80.8	24	58719
1	80.8173	25	58737
1	80.85	12	58749
1	80.9	14	58772
1	80.9255	15	58776
1	81	8	58803
1	81.0157	10	58812
1	81.05	5	58819
1	81.1	3	58831
1	81.1041	5	58835
1	81.15	3	58844
1	81.1859	5	58848
1	81.2	3	58854
1	81.2296	5	58858
1	81.3579	10	58893
1	81.5217	15	58953
1	81.6892	20	59038
1	81.8613	25	59148
1	82.0389	30	59283
1	82.2276	35	59443
1	82.4516	40	59628
1	82.7001	45	59838
1	82.9716	50	60073
1	83.2771	55	60333
1	83.45	28	60477
1	84.5141	10	60502
1	84.556	15	60507
1	84.5606	20	60512
1	84.5978	25	60517
1	84.7745	30	60628
1	84.9885	35	60788
1	85.2162	40	60973
1	85.4637	45	61183
1	85.6876	50	61418
1	85.9278	55	61678
1	86.1911	60	61963
1	86.35	31	62135
1	86.4	33	62190
1	86.4771	35	62234
1	86.7301	40	62419
1	86.9685	45	62629
1	87.1	23	62752
1	87.1274	25	62776
1	87.15	25	62795
1	87.2	26	62817
1	87.3	28	62873
1	87.35	14	62909
1	87.3506	15	62909
1	87.5516	20	62994
1	87.7656	25	63104
1	87.9796	30	63239
1	88.1936	35	63399
1	88.4083	40	63584
1	88.6355	45	63794
1	88.8848	50	64029
1	89.1632	55	64289
1	89.4648	60	64574
1	89.7895	65	64884
1	89.85	32	64943
1	89.9	34	64990
1	89.95	34	65010
1	89.969	35	65010
1	90	35	65030
1	90.05	36	65052
1	90.15	37	65114
1	90.2	38	65148
1	90.25	39	65178
1	90.2767	40	65195
1	90.3	20	65209
1	90.35	22	65240
1	90.4	23	65255
1	90.4973	25	65299
1	90.5	12	65301
1	90.55	14	65320
1	90.5838	15	65328
1	90.6	15	65330
1	90.7	8	65354
1	90.7103	10	65363
1	90.75	5	65368
1	90.8	3	65378
1	90.8368	5	65382
1	91.0508	10	65417
1	91.2648	15	65477
1	91.4787	20	65562
1	91.6927	25	65672
1	91.9067	30	65807
1	92.1216	35	65967
1	92.3523	40	66152
1	92.6174	45	66362
1	92.8942	50	66597
1	93.2022	55	66857
1	93.5481	60	67142
1	93.55	30	67145
1	93.6	32	67186
1	93.65	32	67203
1	93.7	33	67220
1	93.75	33	67239
1	93.8	34	67262
1	93.8129	35	67275
1	93.85	35	67291
1	94	18	67377
1	94.0241	20	67396
1	94.05	20	67403
1	94.1	20	67414
1	94.15	21	67429
1	94.2	22	67449
1	94.25	11	67466
1	94.3	13	67483
1	94.35	7	67492
1	94.45	4	67508
1	94.451	5	67508
1	94.5	3	67514
1	94.55	2	67518
1	94.6388	5	67525
1	94.8528	10	67560
1	95.0668	15	67620
1	95.2818	20	67705
1	95.4965	25	67815
1	95.7107	30	67950
1	95.9275	35	68110
1	96.1627	40	68295
1	96.434	45	68505
1	96.7153	50	68740
1	97.0271	55	69000
1	97.3	29	69218
1	97.3001	30	69218
1	97.35	31	69260
1	97.4	31	69277
1	97.45	32	69295
1	97.5	33	69323
1	97.55	34	69347
1	97.6033	35	69378
1	97.65	17	69405
1	97.75	19	69440
1	97.7672	20	69442
1	97.8	20	69451
1	97.85	21	69465
1	97.95	11	69506
1	98	13	69523
1	98.05	7	69532
1	98.15	4	69548
1	98.1549	5	69548
1	98.2	3	69554
1	98.25	2	69558
1	98.3366	5	69565
1	98.5506	10	69600
1	98.7646	15	69660
1	98.9785	20	69745
1	99.1925	25	69855
1	99.4065	30	69990
1	99.6205	35	70150
1	99.8428	40	70335
1	100.09	45	70545
1	101.15	2	70581
1	101.15	2	70581
1	101.15	2	70581
1	101.15	2	70581
1	101.15	2	70581
1	101.15	2	70581
1	101.15	2	70581
1	101.15	2	70581
1	101.15	2	70581
1	101.15	2	70581
1	101.15	2	70581
1	101.15	2	70581
1	101.15	2	70581
1	101.15	2	70581
1	101.15	2	70581
1	101.15	2	70581
1	101.15	2	70581
1	101.15	2	70581
1	101.15	2	70581
1	101.15	2	70581
1	101.15	2	70581
1	101.15	2	70581
1	101.15	2	70581
1	101.15	2	70581
1	101.15	2	70581
1	101.15	2	70581
1	101.15	2	70581
1	101.15	2	70581
1	101.15	2	70581
1	101.15	2	70581
1	101.15	2	70581
1	101.15	2	70581
1	101.15	2	70581
1	101.192	5	70588
1	101.277	10	70623
1	101.431	15	70683
1	101.599	20	70768
1	101.778	25	70878
1	101.955	30	71013
1	102.138	35	71173
1	102.329	40	71358
1	102.524	45	71568
1	102.741	50	71803
1	102.982	55	72063
1	103.245	60	72348
1	103.531	65	72658
1	103.8	34	72949
1	103.8	35	72949
1	103.85	36	73003
1	103.9	37	73029
1	103.95	37	73055
1	104	38	73084
1	104.05	39	73122
1	104.061	40	73134
1	104.1	40	73162
1	104.15	41	73204
1	104.2	21	73242
1	104.3	24	73297
1	104.321	25	73311
1	104.35	25	73318
1	104.4	13	73348
1	104.431	15	73362
1	104.45	15	73372
1	104.5	8	73388
1	104.523	10	73397
1	104.55	5	73404
1	104.6	3	73415
1	104.621	5	73419
1	104.7	3	73433
1	104.712	5	73437
1	104.75	3	73443
1	104.758	5	73447
1	104.8	3	73456
1	104.822	5	73460
1	104.949	10	73495
1	105.111	15	73555
1	105.278	20	73640
1	105.451	25	73750
1	105.628	30	73885
1	105.812	35	74045
1	106.004	40	74230
1	106.2	45	74440
1	106.417	50	74675
1	106.657	55	74935
1	106.93	60	75220
1	107.218	65	75530
1	107.5	34	75835
1	107.5	35	75835
1	107.55	36	75889
1	107.6	37	75913
1	107.65	37	75938
1	107.7	38	75966
1	107.75	39	76003
1	107.766	40	76020
1	107.85	41	76082
1	107.85	41	76082
1	107.9	21	76118
1	107.9	21	76118
1	107.9	21	76118
1	107.9	21	76118
1	107.9	21	76118
1	107.9	21	76118
1	107.9	21	76118
1	107.9	21	76118
1	107.9	21	76118
1	107.9	21	76118
1	107.9	21	76118
1	107.9	21	76118
1	108.004	25	76187
1	108.187	30	76322
1	108.371	35	76482
1	108.562	40	76667
1	108.775	45	76877
1	109.01	50	77112
1	109.268	55	77372
1	109.55	60	77657
1	109.858	65	77967
1	109.9	32	78010
1	109.95	34	78060
1	109.99	35	78077
1	110	35	78083
1	110.05	35	78107
1	110.1	36	78132
1	110.15	37	78167
1	110.2	38	78204
1	110.25	39	78241
1	110.281	40	78262
1	110.3	20	78278
1	110.35	22	78312
1	110.4	23	78330
1	110.45	24	78351
1	110.469	25	78368
1	110.5	12	78379
1	110.55	14	78402
1	110.567	15	78406
1	110.65	8	78435
1	110.666	10	78444
1	110.7	5	78451
1	110.75	3	78463
1	110.762	5	78467
1	110.8	2	78472
1	110.834	5	78479
1	110.9	3	78497
1	110.931	5	78501
1	111.059	10	78536
1	111.222	15	78596
1	111.389	20	78681
1	111.562	25	78791
1	111.74	30	78926
1	111.927	35	79086
1	112.128	40	79271
1	112.351	45	79481
1	112.6	50	79716
1	112.875	55	79976
1	113.176	60	80261
1	113.35	31	80429
1	113.4	33	80477
1	113.4	33	80477
1	113.45	34	80501
1	113.5	34	80526
1	113.51	35	80528
1	113.55	35	80552
1	113.6	36	80588
1	114.7	5	80664
1	114.7	5	80664
1	114.7	5	80664
1	114.7	5	80664
1	114.7	5	80664
1	114.7	5	80664
1	114.7	5	80664
1	114.7	5	80664
1	114.7	5	80664
1	114.7	5	80664
1	114.7	5	80664
1	114.7	5	80664
1	114.7	5	80664
1	114.7	5	80664
1	114.7	5	80664
1	114.7	5	80664
1	114.7	5	80664
1	114.7	5	80664
1	114.7	5	80664
1	114.7	5	80664
1	114.7	5	80664
1	114.7	5	80664
1	114.7	5	80664
1	114.7	5	80664
1	114.7	5	80664
1	114.7	5	80664
1	114.7	5	80664
1	114.7	5	80664
1	114.7	5	80664
1	114.7	5	80664
1	114.7	5	80664
1	114.724	10	80668
1	114.743	15	80673
1	114.748	20	80678
1	114.752	25	80683
1	114.907	30	80794
1	115.094	35	80954
1	115.295	40	81139
1	115.511	45	81349
1	115.755	50	81584
1	116.03	55	81844
1	116.313	60	82129
1	116.5	31	82327
1	116.55	33	82381
1	116.6	34	82409
1	116.628	35	82426
1	116.65	35	82438
1	116.7	36	82474
1	116.75	37	82515
1	116.8	19	82558
1	116.8	20	82558
1	116.85	21	82594
1	116.9	22	82615
1	116.95	11	82638
1	117	13	82662
1	117.042	15	82677
1	117.05	7	82686
1	117.092	10	82703
1	117.261	15	82763
1	117.4	9	82828
1	117.402	10	82828
1	117.551	15	82888
1	117.718	20	82973
1	117.89	25	83083
1	118.068	30	83218
1	118.259	35	83378
1	118.444	40	83563
1	118.636	45	83773
1	118.844	50	84008
1	119.075	55	84268
1	119.327	60	84553
1	119.602	65	84863
1	119.899	70	85198
1	120	35	85312
1	120.05	37	85369
1	120.1	38	85395
1	120.15	38	85422
1	120.2	39	85453
1	120.208	40	85462
1	120.25	40	85493
1	120.3	41	85534
1	120.35	42	85577
1	120.4	21	85616
1	120.45	23	85654
1	120.5	24	85673
1	120.518	25	85685
1	120.55	25	85695
1	120.65	13	85760
1	120.682	15	85774
1	120.7	15	85785
1	120.75	16	85801
1	120.8	8	85818
1	120.814	10	85827
1	120.85	10	85837
1	120.95	7	85877
1	121	4	85894
1	121.002	5	85894
1	121.121	10	85929
1	121.283	15	85989
1	121.451	20	86074
1	121.625	25	86184
1	121.808	30	86319
1	121.995	35	86479
1	122.187	40	86664
1	122.392	45	86874
1	122.621	50	87109
1	122.854	55	87369
1	123.107	60	87654
1	123.381	65	87964
1	123.678	70	88299
1	123.75	35	88380
1	123.961	40	88530
1	124.15	21	88657
1	124.2	23	88689
1	124.25	23	88702
1	124.3	24	88716
1	124.309	25	88726
1	124.35	25	88741
1	124.4	13	88765
1	124.436	15	88779
1	124.45	15	88784
1	124.5	8	88795
1	124.537	10	88804
1	124.55	5	88807
1	124.6	6	88813
1	124.6	6	88813
1	124.65	3	88820
1	124.65	3	88820
1	124.684	5	88824
1	124.7	2	88828
1	124.7	2	88828
1	124.747	5	88835
1	124.75	2	88836
1	124.75	2	88836
1	124.79	5	88843
1	124.917	10	88878
1	125.07	15	88938
1	125.239	20	89023
1	125.417	25	89133
1	125.593	30	89268
1	125.784	35	89428
1	125.97	40	89613
1	126.162	45	89823
1	126.37	50	90058
1	126.601	55	90318
1	126.854	60	90603
1	128	2	90747
1	128	2	90747
1	128	2	90747
1	128	2	90747
1	128	2	90747
1	128	2	90747
1	128	2	90747
1	128	2	90747
1	128	2	90747
1	128	2	90747
1	128	2	90747
1	128	2	90747
1	128	2	90747
1	128	2	90747
1	128	2	90747
1	128	2	90747
1	128	2	90747
1	128	2	90747
1	128	2	90747
1	128	2	90747
1	128	2	90747
1	128	2	90747
1	128	2	90747
1	128	2	90747
1	128	2	90747
1	128	2	90747
1	128	2	90747
1	128	2	90747
1	128	2	90747
1	128	2	90747
1	128	2	90747
1	128	2	90747
1	128	2	90747
1	128	2	90747
1	128	2	90747
1	128.042	5	90754
1	128.127	10	90789
1	128.265	15	90849
1	128.436	20	90934
1	128.628	25	91044
1	128.805	30	91179
1	128.988	35	91339
1	129.179	40	91524
1	129.374	45	91734
1	129.591	50	91969
1	129.832	55	92229
1	130.095	60	92514
1	130.381	65	92824
1	130.65	34	93115
1	130.65	35	93115
1	130.7	36	93169
1	130.75	37	93195
1	130.8	37	93221
1	130.85	38	93250
1	130.9	39	93288
1	130.911	40	93300
1	130.95	40	93328
1	131	41	93370
1	131.05	21	93408
1	131.15	24	93463
1	131.171	25	93477
1	131.2	25	93484
1	131.25	13	93515
1	131.284	15	93529
1	131.3	15	93539
1	131.35	8	93554
1	131.374	10	93563
1	131.4	5	93570
1	131.45	3	93581
1	131.463	5	93585
1	131.55	3	93601
1	131.567	5	93605
1	131.6	3	93611
1	131.63	5	93615
1	131.65	3	93621
1	131.673	5	93625
1	131.802	10	93660
1	131.966	15	93720
1	132.133	20	93805
1	132.305	25	93915
1	132.483	30	94050
1	132.667	35	94210
1	132.859	40	94395
1	133.054	45	94605
1	133.271	50	94840
1	133.512	55	95100
1	133.775	60	95385
1	134.061	65	95695
1	134.35	34	96008
1	134.351	35	96008
1	134.4	36	96060
1	134.45	37	96082
1	134.5	37	96105
1	134.55	38	96130
1	134.6	39	96164
1	134.644	40	96193
1	134.65	40	96200
1	134.7	41	96237
1	134.75	41	96273
1	134.8	21	96309
1	134.85	23	96344
1	134.9	24	96361
1	134.927	25	96378
1	135	13	96410
1	135.035	15	96424
1	135.05	15	96431
1	135.1	8	96444
1	135.125	10	96453
1	135.2	5	96466
1	135.3	4	96485
1	135.304	5	96485
1	135.35	3	96492
1	135.35	3	96492
1	135.35	3	96492
1	135.35	3	96492
1	135.35	3	96492
1	135.382	5	96496
1	135.51	10	96531
1	135.674	15	96591
1	135.842	20	96676
1	136.014	25	96786
1	136.197	30	96921
1	136.38	35	97081
1	136.581	40	97266
1	136.808	45	97476
1	137.062	50	97711
1	137.341	55	97971
1	137.653	60	98256
1	137.75	30	98350
1	137.8	32	98397
1	137.85	33	98417
1	137.9	33	98439
1	137.95	34	98462
1	137.968	35	98480
1	138	35	98495
1	138.05	36	98530
1	138.1	18	98565
1	138.133	20	98584
1	138.15	20	98595
1	138.2	21	98610
1	138.25	22	98627
1	138.3	11	98648
1	138.35	13	98668
1	138.409	15	98687
1	138.45	7	98700
1	138.5	9	98714
1	138.521	10	98717
1	138.55	5	98724
1	138.6	3	98735
1	138.608	5	98739
1	138.7	3	98757
1	138.709	5	98761
1	138.75	3	98769
1	138.775	5	98773
1	138.904	10	98808
1	139.068	15	98868
1	139.235	20	98953
1	139.407	25	99063
1	139.586	30	99198
1	139.785	35	99358
1	140.006	40	99543
1	140.255	45	99753
1	140.534	50	99988
1	140.84	55	100248
1	141	28	100386
1	141.032	30	100415
1	141.05	30	100428
1	141.1	31	100447
1	141.15	31	100467
1	141.2	32	100491
1	141.25	33	100515
1	141.3	34	100547
1	141.345	35	100575
1	141.35	17	100581
1	141.4	19	100609
1	141.432	20	100618
1	141.45	20	100623
1	141.5	21	100639
1	141.55	21	100658
1	141.6	11	100685
1	141.7	7	100718
1	141.75	4	100731
1	141.763	5	100731
1	141.8	3	100740
1	141.812	5	100744
1	141.85	2	100747
1	141.894	5	100754
1	141.95	3	100770
1	141.981	5	100774
1	142	3	100780
1	142.025	5	100784
1	142.153	10	100819
1	143.2	2	100830
1	143.2	2	100830
1	143.2	2	100830
1	143.2	2	100830
1	143.2	2	100830
1	143.2	2	100830
1	143.2	2	100830
1	143.2	2	100830
1	143.2	2	100830
1	143.2	2	100830
1	143.2	2	100830
1	143.2	2	100830
1	143.2	2	100830
1	143.2	2	100830
1	143.242	5	100837
1	143.355	10	100872
1	143.516	15	100932
1	143.686	20	101017
1	143.865	25	101127
1	144.05	30	101262
1	144.253	35	101422
1	144.49	40	101607
1	144.754	45	101817
1	145.051	50	102052
1	145.3	26	102249
1	145.35	28	102288
1	145.4	29	102306
1	145.45	29	102325
1	145.468	30	102333
1	145.5	30	102345
1	145.55	31	102372
1	145.6	16	102404
1	145.65	18	102429
1	145.7	19	102442
1	145.76	20	102458
1	145.8	10	102472
1	145.85	12	102489
1	145.9	6	102505
1	145.95	4	102516
1	145.977	5	102516
1	146	3	102523
1	146.024	5	102527
1	146.1	3	102535
1	146.109	5	102539
1	146.15	2	102544
1	146.193	5	102551
1	146.2	2	102556
1	146.239	5	102563
1	146.25	2	102564
1	146.282	5	102571
1	146.412	10	102606
1	146.579	15	102666
1	146.748	20	102751
1	146.923	25	102861
1	147.119	30	102996
1	147.327	35	103156
1	147.557	40	103341
1	147.766	45	103551
1	147.983	50	103786
1	148.222	55	104046
1	148.3	28	104131
1	148.327	30	104160
1	148.35	30	104186
1	148.4	31	104217
1	148.45	32	104251
1	148.533	35	104320
1	148.727	40	104505
1	148.944	45	104715
1	149.183	50	104950
1	149.25	25	105018
1	149.3	27	105068
1	149.405	30	105128
1	149.614	35	105288
1	149.824	40	105473
1	150.046	45	105683
1	150.1	23	105737
1	150.123	25	105761
1	150.15	25	105784
1	150.2	26	105812
1	150.25	14	105846
1	150.25	15	105846
1	150.402	20	105931
1	150.576	25	106041
1	150.756	30	106176
1	150.948	35	106336
1	151.151	40	106521
1	151.385	45	106731
1	151.643	50	106966
1	151.922	55	107226
1	152.228	60	107511
1	152.25	30	107528
1	152.3	32	107574
1	152.35	33	107596
1	152.4	33	107619
1	152.45	34	107646
1	152.467	35	107658
1	152.5	35	107674
1	152.55	36	107709
1	152.6	18	107747
1	152.633	20	107766
1	152.65	20	107778
1	152.7	21	107794
1	152.85	12	107862
1	152.9	14	107883
1	152.93	15	107889
1	152.95	7	107896
1	153	9	107910
1	153.017	10	107913
1	153.05	5	107920
1	153.15	4	107948
1	153.151	5	107948
1	153.2	3	107959
1	153.231	5	107963
1	153.25	2	107968
1	153.276	5	107975
1	153.406	10	108010
1	153.573	15	108070
1	153.742	20	108155
1	153.917	25	108265
1	154.108	30	108400
1	154.303	35	108560
1	154.521	40	108745
1	154.774	45	108955
1	155.062	50	109190
1	155.373	55	109450
1	155.45	28	109508
1	155.477	30	109537
1	155.5	30	109550
1	155.55	31	109568
1	155.6	31	109589
1	155.65	32	109618
1	155.7	33	109647
1	155.75	17	109672
1	155.8	19	109698
1	155.829	20	109709
1	155.85	20	109711
1	155.9	20	109726
1	155.95	10	109750
1	156.05	6	109776
1	156.1	4	109786
1	156.115	5	109786
1	156.15	3	109792
1	156.162	5	109796
1	156.2	2	109797
1	156.246	5	109804
1	156.3	3	109813
1	156.331	5	109817
1	156.35	2	109820
1	156.4	2	109827
1	156.45	2	109834
1	156.462	5	109841
1	156.622	10	109876
1	156.76	15	109936
1	156.93	20	110021
1	157.106	25	110131
1	157.298	30	110266
1	157.486	35	110426
1	157.707	40	110611
1	157.939	45	110821
1	159.05	2	110913
1	159.05	2	110913
1	159.05	2	110913
1	159.05	2	110913
1	159.05	2	110913
1	159.05	2	110913
1	159.05	2	110913
1	159.05	2	110913
1	159.05	2	110913
1	159.05	2	110913
1	159.05	2	110913
1	159.05	2	110913
1	159.05	2	110913
1	159.05	2	110913
1	159.05	2	110913
1	159.05	2	110913
1	159.05	2	110913
1	159.05	2	110913
1	159.05	2	110913
1	159.05	2	110913
1	159.05	2	110913
1	159.05	2	110913
1	159.05	2	110913
1	159.05	2	110913
1	159.05	2	110913
1	159.05	2	110913
1	159.05	2	110913
1	159.05	2	110913
1	159.05	2	110913
1	159.05	2	110913
1	159.05	2	110913
1	159.05	2	110913
1	159.05	2	110913
1	159.05	2	110913
1	159.087	5	110920
1	159.167	10	110955
1	159.294	15	111015
1	159.44	20	111100
1	159.589	25	111210
1	159.744	30	111345
1	159.909	35	111505
1	160.078	40	111690
1	160.269	45	111900
1	160.482	50	112135
1	160.718	55	112395
1	160.977	60	112680
1	161.2	31	112926
1	161.25	33	112973
1	161.3	34	112996
1	161.3	34	112996
1	161.35	34	113025
1	161.35	34	113025
1	161.354	35	113025
1	161.4	35	113055
1	161.45	36	113095
1	161.5	37	113130
1	161.55	19	113175
1	161.551	20	113175
1	161.6	21	113208
1	161.65	22	113228
1	161.65	22	113228
1	161.75	12	113279
1	161.8	14	113303
1	161.8	14	113303
1	161.813	15	113306
1	161.85	7	113320
1	161.897	10	113337
1	161.95	5	113352
1	162	3	113364
1	162.021	5	113368
1	162.05	3	113375
1	162.065	5	113379
1	162.1	3	113387
1	162.127	5	113391
1	162.15	3	113398
1	162.17	5	113402
1	162.275	10	113437
1	162.404	15	113497
1	162.544	20	113582
1	162.699	25	113692
1	162.853	30	113827
1	163.017	35	113987
1	163.189	40	114172
1	163.38	45	114382
1	163.594	50	114617
1	163.83	55	114877
1	164.089	60	115162
1	164.371	65	115472
1	164.4	32	115504
1	164.4	32	115504
1	164.4	32	115504
1	164.4	32	115504
1	164.4	32	115504
1	164.483	35	115571
1	164.55	36	115611
1	164.6	36	115642
1	164.6	36	115642
1	164.6	36	115642
1	164.65	37	115677
1	164.7	38	115717
1	164.745	40	115756
1	164.85	21	115847
1	164.85	21	115847
1	164.85	21	115847
1	164.959	25	115916
1	165	25	115937
1	165	25	115937
1	165.05	13	115971
1	165.078	15	115985
1	165.15	16	116016
1	165.15	16	116016
1	165.25	9	116064
1	165.25	9	116064
1	165.251	10	116064
1	165.3	6	116088
1	165.3	6	116088
1	165.373	10	116112
1	165.4	5	116121
1	165.469	10	116151
1	165.608	15	116211
1	165.746	20	116296
1	165.899	25	116406
1	166.053	30	116541
1	166.218	35	116701
1	166.387	40	116886
1	166.578	45	117096
1	166.792	50	117331
1	167.027	55	117591
1	167.286	60	117876
1	167.5	31	118113
1	167.5	31	118113
1	167.6	34	118186
1	167.6	34	118186
1	167.6	34	118186
1	167.645	35	118212
1	167.65	35	118215
1	167.7	36	118248
1	167.75	37	118287
1	167.75	37	118287
1	167.85	19	118370
1	167.851	20	118370
1	167.9	21	118401
1	167.9	21	118401
1	167.9	21	118401
1	168	23	118449
1	168.05	12	118479
1	168.05	12	118479
1	168.113	15	118506
1	168.15	7	118520
1	168.15	7	118520
1	168.197	10	118537
1	168.25	5	118552
1	168.3	4	118566
1	168.307	5	118566
1	168.4	4	118592
1	168.4	4	118592
1	168.402	5	118592
1	168.5	4	118621
1	168.503	5	118621
1	168.591	10	118656
1	168.715	15	118716
1	168.843	20	118801
1	168.98	25	118911
1	169.125	30	119046
1	169.275	35	119206
1	169.442	40	119391
1	169.632	45	119601
1	169.844	50	119836
1	170.08	55	120096
1	170.337	60	120381
1	170.5	31	120562
1	170.55	33	120603
1	170.55	33	120603
1	170.65	34	120650
1	170.676	35	120661
1	170.7	35	120674
1	170.75	36	120703
1	170.85	19	120771
1	170.85	19	120771
1	170.853	20	120771
1	171	22	120820
1	171.05	22	120834
1	171.1	11	120852
1	171.1	11	120852
1	171.15	12	120864
1	171.15	12	120864
1	171.2	13	120871
1	171.25	7	120881
1	171.25	7	120881
1	171.3	8	120889
1	171.35	4	120898
1	171.35	4	120898
1	171.351	5	120898
1	171.4	3	120904
1	171.4	3	120904
1	171.431	5	120908
1	171.45	2	120911
1	171.45	2	120911
1	171.45	2	120911
1	171.494	5	120918
1	171.5	2	120922
1	171.537	5	120929
1	171.643	10	120964
1	172.75	3	120998
1	172.75	3	120998
1	172.75	3	120998
1	172.773	5	121002
1	172.921	10	121037
1	173.108	15	121097
1	173.293	20	121182
1	173.473	25	121292
1	173.673	30	121427
1	173.868	35	121587
1	174.064	40	121772
1	174.279	45	121982
1	174.519	50	122217
1	174.782	55	122477
1	175.073	60	122762
1	175.387	65	123072
1	175.45	32	123136
1	175.5	34	123185
1	175.543	35	123203
1	175.55	35	123205
1	175.6	35	123227
1	175.65	36	123250
1	175.7	37	123282
1	175.75	38	123316
1	175.8	39	123352
1	175.85	39	123384
1	175.861	40	123388
1	175.9	20	123418
1	175.95	22	123451
1	176	23	123468
1	176.087	25	123508
1	176.1	12	123521
1	176.15	14	123542
1	176.18	15	123548
1	176.2	15	123554
1	176.25	8	123568
1	176.267	10	123577
1	176.3	5	123583
1	176.4	4	123608
1	176.406	5	123608
1	176.45	3	123618
1	176.482	5	123622
1	176.649	10	123657
1	176.82	15	123717
1	176.998	20	123802
1	177.198	25	123912
1	177.385	30	124047
1	177.585	35	124207
1	177.788	40	124392
1	178.005	45	124602
1	178.244	50	124837
1	178.489	55	125097
1	178.753	60	125382
1	179.041	65	125692
1	179.3	34	125972
1	179.3	35	125972
1	179.45	38	126089
1	179.5	39	126123
1	179.545	40	126157
1	179.55	40	126163
1	179.6	41	126205
1	179.78	45	126367
1	180.015	50	126602
1	180.05	25	126639
1	180.1	27	126686
1	180.15	28	126711
1	180.2	29	126740
1	180.209	30	126749
1	180.25	30	126778
1	180.3	16	126817
1	180.3	16	126817
1	180.387	20	126871
1	180.586	25	126981
1	180.786	30	127116
1	180.976	35	127276
1	181.175	40	127461
1	181.377	45	127671
1	181.595	50	127906
1	181.836	55	128166
1	182.1	60	128451
1	182.387	65	128761
1	182.697	70	129096
1	183.031	75	129456
1	183.15	38	129585
1	183.186	40	129624
1	183.2	40	129639
1	183.25	40	129664
1	183.3	41	129687
1	183.3	41	129687
1	183.35	42	129715
1	183.4	43	129750
1	183.45	43	129788
1	183.5	44	129828
1	183.515	45	129834
1	183.55	45	129865
1	183.6	23	129904
1	183.626	25	129928
1	183.65	25	129941
1	183.7	26	129958
1	183.75	26	129978
1	183.8	14	130007
1	183.8	15	130007
1	183.85	16	130029
1	183.9	8	130042
1	183.926	10	130051
1	183.95	10	130056
1	184	5	130064
1	184.05	3	130074
1	184.071	5	130078
1	184.1	2	130081
1	184.1	2	130081
1	184.15	2	130088
1	184.201	5	130095
1	184.344	10	130130
1	184.536	15	130190
1	184.711	20	130275
1	184.893	25	130385
1	185.094	30	130520
1	185.294	35	130680
1	185.49	40	130865
1	185.691	45	131075
1	186.7	2	131079
1	186.7	2	131079
1	186.7	2	131079
1	186.7	2	131079
1	186.7	2	131079
1	186.7	2	131079
1	186.7	2	131079
1	186.7	2	131079
1	186.7	2	131079
1	186.7	2	131079
1	186.7	2	131079
1	186.7	2	131079
1	186.7	2	131079
1	186.7	2	131079
1	186.7	2	131079
1	186.7	2	131079
1	186.7	2	131079
1	186.7	2	131079
1	186.7	2	131079
1	186.7	2	131079
1	186.7	2	131079
1	186.7	2	131079
1	186.7	2	131079
1	186.7	2	131079
1	186.7	2	131079
1	186.7	2	131079
1	186.7	2	131079
1	186.7	2	131079
1	186.7	2	131079
1	186.7	2	131079
1	186.7	2	131079
1	186.7	2	131079
1	186.7	2	131079
1	186.7	2	131079
1	186.7	2	131079
1	186.7	2	131079
1	186.7	2	131079
1	186.7	2	131079
1	186.7	2	131079
1	186.7	2	131079
1	186.7	2	131079
1	186.7	2	131079
1	186.7	2	131079
1	186.7	2	131079
1	186.7	2	131079
1	186.7	2	131079
1	186.7	2	131079
1	186.742	5	131086
1	186.807	10	131121
1	186.971	15	131181
1	187.138	20	131266
1	187.31	25	131376
1	187.488	30	131511
1	187.672	35	131671
1	187.864	40	131856
1	188.06	45	132066
1	188.277	50	132301
1	188.517	55	132561
1	188.781	60	132846
1	189.09	65	133156
1	189.35	34	133418
1	189.35	35	133418
1	189.4	36	133468
1	189.45	37	133491
1	189.5	37	133514
1	189.55	38	133541
1	189.6	39	133573
1	189.645	40	133603
1	189.7	20	133645
1	189.75	22	133675
1	189.75	22	133675
1	189.75	22	133675
1	189.75	22	133675
1	189.75	22	133675
1	189.8	23	133692
1	189.8	23	133692
1	189.85	24	133712
1	189.902	25	133735
1	189.95	13	133765
1	189.984	15	133779
1	190	15	133789
1	190.05	8	133804
1	190.074	10	133813
1	190.1	5	133820
1	190.2	4	133841
1	190.2	5	133841
1	190.25	3	133858
1	190.288	5	133862
1	190.3	3	133868
1	190.331	5	133872
1	190.46	10	133907
1	190.623	15	133967
1	190.791	20	134052
1	190.963	25	134162
1	191.141	30	134297
1	191.325	35	134457
1	191.535	40	134642
1	191.771	45	134852
1	192.029	50	135087
1	192.31	55	135347
1	192.623	60	135632
1	192.65	30	135653
1	192.7	32	135698
1	192.75	33	135719
1	192.8	33	135741
1	192.85	34	135764
1	192.87	35	135783
1	192.9	35	135795
1	192.95	36	135830
1	193	18	135865
1	193.033	20	135884
1	193.05	20	135895
1	193.1	21	135910
1	193.15	22	135927
1	193.2	11	135948
1	193.3	7	135983
1	193.35	4	135995
1	193.366	5	135995
1	193.4	3	136003
1	193.423	5	136007
1	193.45	2	136009
1	193.5	2	136015
1	193.548	5	136022
1	193.6	3	136037
1	193.634	5	136041
1	193.65	3	136047
1	193.678	5	136051
1	193.806	10	136086
1	193.97	15	136146
1	194.138	20	136231
1	194.31	25	136341
1	194.49	30	136476
1	194.69	35	136636
1	194.93	40	136821
1	195.193	45	137031
1	195.493	50	137266
1	195.75	26	137471
1	195.8	28	137510
1	195.85	29	137528
1	195.9	29	137547
1	195.921	30	137555
1	195.95	30	137567
1	196	31	137593
1	196.05	16	137624
1	196.1	18	137649
1	196.15	19	137662
1	196.2	19	137677
1	196.209	20	137678
1	196.25	10	137693
1	196.35	6	137728
1	196.4	4	137739
1	196.427	5	137739
1	196.45	3	137746
1	196.475	5	137750
1	196.5	2	137752
1	196.558	5	137759
1	196.6	3	137766
1	196.604	5	137770
1	196.65	3	137779
1	196.686	5	137783
1	196.7	2	137788
1	196.732	5	137795
1	196.862	10	137830
1	197.029	15	137890
1	197.198	20	137975
1	197.387	25	138085
1	197.626	30	138220
1	197.889	35	138380
1	198.198	40	138565
1	198.45	21	138714
1	198.5	23	138743
1	198.55	23	138756
1	198.6	24	138769
1	198.643	25	138783
1	198.65	25	138784
1	198.7	25	138801
1	198.75	13	138826
1	198.789	15	138840
1	198.8	15	138845
1	198.85	15	138855
1	198.9	8	138866
1	198.92	10	138875
1	198.95	5	138878
1	199.05	4	138892
1	199.051	5	138892
1	199.1	3	138898
1	199.132	5	138902
1	199.15	2	138903
1	199.2	2	138908
1	199.258	5	138915
1	199.3	3	138922
1	199.34	5	138926
1	199.35	3	138933
1	199.385	5	138937
1	199.45	3	138951
1	199.47	5	138955
1	199.598	10	138990
1	199.762	15	139050
1	199.938	20	139135
