2	1.04641	10	4
2	1.08913	15	9
2	1.09374	20	14
2	1.13271	25	19
2	1.31885	30	130
2	1.5507	35	290
2	1.77937	40	475
2	2.00308	45	685
2	2.1	23	782
2	2.1	23	782
2	2.12652	25	806
2	2.34046	30	941
2	2.5544	35	1101
2	2.76833	40	1286
2	2.98791	45	1496
2	3.22974	50	1731
2	3.49677	55	1991
2	3.79232	60	2276
2	4.1164	65	2586
2	4.25	33	2720
2	4.28768	35	2754
2	4.3	35	2768
2	4.35	35	2788
2	4.4	36	2808
2	4.45	37	2830
2	4.5	37	2860
2	4.6	39	2927
2	4.62813	40	2939
2	4.65	40	2957
2	4.7	20	2988
2	4.75	22	3019
2	4.8	23	3033
2	4.9	24	3076
2	4.90824	25	3078
2	4.95	12	3096
2	5	14	3115
2	5.03305	15	3123
2	5.05	15	3125
2	5.15	8	3154
2	5.18891	10	3163
2	5.2	5	3167
2	5.25	3	3175
2	5.27633	5	3179
2	5.49027	10	3214
2	5.7042	15	3274
2	5.91814	20	3359
2	6.13207	25	3469
2	6.34601	30	3604
2	6.55994	35	3764
2	6.77496	40	3949
2	7.00216	45	4159
2	7.25112	50	4394
2	7.52918	55	4654
2	7.83028	60	4939
2	8.15443	65	5249
2	8.2	32	5292
2	8.3	34	5358
2	8.32009	35	5359
2	8.35	35	5377
2	8.4	36	5398
2	8.45	36	5427
2	8.5	37	5459
2	8.55	38	5492
2	8.6	39	5521
2	8.63129	40	5544
2	8.65	20	5553
2	8.75	23	5598
2	8.8	23	5619
2	8.85	24	5642
2	8.856	25	5643
2	8.9	12	5664
2	8.97916	15	5691
2	9	15	5694
2	9.05	15	5706
2	9.1	8	5724
2	9.1376	10	5733
2	9.2	5	5748
2	9.35337	10	5778
2	9.56731	15	5838
2	9.78125	20	5923
2	9.99518	25	6033
2	10.2091	30	6168
2	10.4231	35	6328
2	10.6407	40	6513
2	10.8764	45	6723
2	11.1426	50	6958
2	11.4235	55	7218
2	11.7302	60	7503
2	12	32	7750
2	12.05	34	7797
2	12.1	34	7816
2	12.1141	35	7817
2	12.15	35	7836
2	12.2	36	7862
2	12.3	38	7926
2	12.35	38	7954
2	12.4225	40	8002
2	12.45	20	8017
2	12.5	22	8047
2	12.55	23	8061
2	12.65	24	8101
2	12.6674	25	8107
2	12.7	12	8123
2	12.75	14	8142
2	12.783	15	8150
2	12.85	15	8164
2	12.9	8	8177
2	12.9174	10	8186
2	12.95	5	8190
2	13	3	8198
2	13.019	5	8202
2	13.2329	10	8237
2	13.4468	15	8297
2	13.6608	20	8382
2	13.8747	25	8492
2	14.0886	30	8627
2	14.3026	35	8787
2	14.5165	40	8972
2	14.7304	45	9182
2	14.9487	50	9417
2	15.1945	55	9677
2	15.4734	60	9962
2	16.6	2	10083
2	16.6	2	10083
2	16.6	2	10083
2	16.6	2	10083
2	16.6	2	10083
2	16.6	2	10083
2	16.6	2	10083
2	16.6	2	10083
2	16.6	2	10083
2	16.6	2	10083
2	16.6	2	10083
2	16.6	2	10083
2	16.6	2	10083
2	16.6	2	10083
2	16.6	2	10083
2	16.6	2	10083
2	16.6	2	10083
2	16.6	2	10083
2	16.6	2	10083
2	16.6	2	10083
2	16.6	2	10083
2	16.6	2	10083
2	16.6	2	10083
2	16.6	2	10083
2	16.6	2	10083
2	16.6	2	10083
2	16.6	2	10083
2	16.6	2	10083
2	16.6	2	10083
2	16.6	2	10083
2	16.6	2	10083
2	16.6	2	10083
2	16.6	2	10083
2	16.6	2	10083
2	16.6	2	10083
2	16.6	2	10083
2	16.6	2	10083
2	16.6	2	10083
2	16.6	2	10083
2	16.6418	5	10090
2	16.7064	10	10125
2	16.8698	15	10185
2	17.0391	20	10270
2	17.2147	25	10380
2	17.3991	30	10515
2	17.5836	35	10675
2	17.7738	40	10860
2	17.9763	45	11070
2	18.2017	50	11305
2	18.4426	55	11565
2	18.7066	60	11850
2	18.9938	65	12160
2	19.25	34	12437
2	19.2504	35	12437
2	19.3	36	12491
2	19.35	37	12526
2	19.4	38	12557
2	19.45	39	12592
2	19.4789	40	12622
2	19.7201	45	12832
2	19.9	24	13011
2	19.9006	25	13011
2	19.95	26	13056
2	20	27	13080
2	20.05	28	13108
2	20.1	14	13145
2	20.1004	15	13145
2	20.15	16	13175
2	20.2	9	13196
2	20.2	9	13196
2	20.2003	10	13196
2	20.25	6	13218
2	20.325	10	13242
2	20.4782	15	13302
2	20.6457	20	13387
2	20.8257	25	13497
2	21.0024	30	13632
2	21.1874	35	13792
2	21.3765	40	13977
2	21.5729	45	14187
2	21.7906	50	14422
2	22.0315	55	14682
2	22.2955	60	14967
2	22.5827	65	15277
2	22.85	34	15566
2	22.8504	35	15566
2	22.9	36	15620
2	22.95	37	15655
2	23	38	15686
2	23.05	39	15721
2	23.079	40	15751
2	23.3202	45	15961
2	23.5	24	16139
2	23.5006	25	16139
2	23.55	26	16184
2	23.55	26	16184
2	23.6	27	16209
2	23.65	28	16239
2	23.6977	30	16274
2	23.7	15	16277
2	23.75	17	16309
2	23.8	9	16331
2	23.8005	10	16331
2	23.85	6	16354
2	23.9136	10	16378
2	24.0774	15	16438
2	24.2449	20	16523
2	24.417	25	16633
2	24.5974	30	16768
2	24.7865	35	16928
2	24.9725	40	17113
2	25.1707	45	17323
2	25.3885	50	17558
2	25.6293	55	17818
2	25.8933	60	18103
2	26.1805	65	18413
2	26.4909	70	18748
2	26.8244	75	19108
2	26.85	37	19136
2	26.9	39	19190
2	26.9	39	19190
2	26.9367	40	19213
2	26.95	40	19228
2	27	41	19262
2	27.05	42	19298
2	27.1	43	19341
2	27.15	44	19387
2	27.1898	45	19423
2	27.2	45	19435
2	27.25	23	19483
2	27.2754	25	19507
2	27.3	25	19527
2	27.3	25	19527
2	27.35	26	19552
2	27.4	27	19580
2	27.45	14	19618
2	27.4503	15	19618
2	27.5	17	19650
2	27.6104	20	19703
2	27.7862	25	19813
2	27.85	13	19857
2	27.8709	15	19871
2	28.0384	20	19956
2	28.2106	25	20066
2	29.35	5	20166
2	29.35	5	20166
2	29.35	5	20166
2	29.35	5	20166
2	29.35	5	20166
2	29.35	5	20166
2	29.35	5	20166
2	29.35	5	20166
2	29.35	5	20166
2	29.35	5	20166
2	29.35	5	20166
2	29.35	5	20166
2	29.35	5	20166
2	29.35	5	20166
2	29.35	5	20166
2	29.35	5	20166
2	29.35	5	20166
2	29.35	5	20166
2	29.35	5	20166
2	29.35	5	20166
2	29.35	5	20166
2	29.35	5	20166
2	29.35	5	20166
2	29.35	5	20166
2	29.35	5	20166
2	29.35	5	20166
2	29.35	5	20166
2	29.35	5	20166
2	29.35	5	20166
2	29.35	5	20166
2	29.35	5	20166
2	29.35	5	20166
2	29.3745	10	20170
2	29.3892	15	20175
2	29.3954	20	20180
2	29.3999	25	20185
2	29.5479	30	20296
2	29.7397	35	20456
2	29.9275	40	20641
2	30.1248	45	20851
2	30.3439	50	21086
2	30.5882	55	21346
2	30.8558	60	21631
2	31.1469	65	21941
2	31.35	34	22158
2	31.3507	35	22158
2	31.4	36	22211
2	31.45	37	22236
2	31.5	37	22262
2	31.55	38	22291
2	31.6	39	22328
2	31.6145	40	22343
2	31.65	40	22367
2	31.7	20	22407
2	31.75	22	22441
2	31.85	24	22476
2	31.8974	25	22497
2	31.9	12	22500
2	31.95	14	22521
2	31.9801	15	22527
2	32	15	22537
2	32.05	8	22552
2	32.0787	10	22561
2	32.1	5	22567
2	32.15	3	22577
2	32.1661	5	22581
2	32.25	3	22595
2	32.2552	5	22599
2	32.3	3	22608
2	32.3363	5	22612
2	32.35	2	22617
2	32.3818	5	22624
2	32.5121	10	22659
2	32.6777	15	22719
2	32.847	20	22804
2	33.0219	25	22914
2	33.2127	30	23049
2	33.3982	35	23209
2	33.588	40	23394
2	33.7998	45	23604
2	34.0339	50	23839
2	34.291	55	24099
2	34.5712	60	24384
2	34.8743	65	24694
2	34.9	32	24720
2	34.95	34	24771
2	34.9883	35	24787
2	35	35	24795
2	35.05	35	24820
2	35.1	36	24850
2	35.15	37	24885
2	35.2	38	24920
2	35.25	39	24960
2	35.2709	40	24972
2	35.3	20	24998
2	35.35	22	25033
2	35.45	24	25073
2	35.4655	25	25088
2	35.5	12	25102
2	35.55	14	25125
2	35.5738	15	25129
2	35.6	15	25141
2	35.7	8	25177
2	35.7102	10	25186
2	35.8	6	25213
2	35.85	4	25227
2	35.8523	5	25227
2	35.9	3	25238
2	35.9204	5	25242
2	36.0488	10	25277
2	36.2126	15	25337
2	36.3801	20	25422
2	36.5522	25	25532
2	36.7299	30	25667
2	36.914	35	25827
2	37.1058	40	26012
2	37.3046	45	26222
2	37.5258	50	26457
2	37.7695	55	26717
2	38.0364	60	27002
2	38.3271	65	27312
2	38.55	34	27551
2	38.5508	35	27551
2	38.6	36	27604
2	38.65	37	27629
2	38.7	37	27655
2	38.75	38	27684
2	38.8	39	27720
2	38.8149	40	27736
2	38.85	40	27759
2	38.9	20	27800
2	38.95	22	27834
2	39	23	27851
2	39.05	24	27870
2	39.0918	25	27890
2	39.1	12	27895
2	39.15	14	27917
2	39.1674	15	27922
2	39.25	8	27949
2	39.2755	10	27958
2	39.3	5	27964
2	39.35	3	27974
2	39.364	5	27978
2	39.4	2	27982
2	39.4467	5	27989
2	39.45	2	27993
2	39.4923	5	28000
2	39.55	3	28012
2	39.576	5	28016
2	39.7044	10	28051
2	39.8681	15	28111
2	40.0356	20	28196
2	40.2077	25	28306
2	40.3854	30	28441
2	40.5704	35	28601
2	40.7613	40	28786
2	40.9605	45	28996
2	41.1813	50	29231
2	41.425	55	29491
2	41.6912	60	29776
2	41.9776	65	30086
2	43.15	2	30249
2	43.15	2	30249
2	43.15	2	30249
2	43.15	2	30249
2	43.15	2	30249
2	43.15	2	30249
2	43.15	2	30249
2	43.15	2	30249
2	43.15	2	30249
2	43.15	2	30249
2	43.15	2	30249
2	43.15	2	30249
2	43.15	2	30249
2	43.15	2	30249
2	43.15	2	30249
2	43.15	2	30249
2	43.15	2	30249
2	43.15	2	30249
2	43.15	2	30249
2	43.15	2	30249
2	43.15	2	30249
2	43.15	2	30249
2	43.15	2	30249
2	43.15	2	30249
2	43.15	2	30249
2	43.15	2	30249
2	43.15	2	30249
2	43.15	2	30249
2	43.15	2	30249
2	43.1901	5	30256
2	43.2766	10	30291
2	43.4303	15	30351
2	43.5987	20	30436
2	43.7818	25	30546
2	43.9585	30	30681
2	44.142	35	30841
2	44.336	40	31026
2	44.5465	45	31236
2	44.7858	50	31471
2	45.0481	55	31731
2	45.3361	60	32016
2	45.6435	65	32326
2	45.65	32	32334
2	45.7	34	32384
2	45.7396	35	32401
2	45.75	35	32407
2	45.8	35	32431
2	45.8	35	32431
2	45.85	36	32457
2	45.95	38	32531
2	46	39	32570
2	46.0285	40	32586
2	46.05	20	32605
2	46.1	22	32639
2	46.15	23	32657
2	46.2	24	32678
2	46.2169	25	32695
2	46.3	13	32740
2	46.3334	15	32754
2	46.35	15	32764
2	46.45	8	32795
2	46.4646	10	32804
2	46.5	10	32812
2	46.55	6	32828
2	46.6	4	32845
2	46.6046	5	32845
2	46.65	3	32857
2	46.6757	5	32861
2	46.804	10	32896
2	46.9678	15	32956
2	47.1353	20	33041
2	47.3073	25	33151
2	47.4849	30	33286
2	47.669	35	33446
2	47.873	40	33631
2	48.0924	45	33841
2	48.3409	50	34076
2	48.6188	55	34336
2	48.9197	60	34621
2	49.1	31	34796
2	49.1	31	34796
2	49.15	33	34844
2	49.2	34	34866
2	49.25	34	34890
2	49.2625	35	34895
2	49.3	35	34916
2	49.35	36	34951
2	49.4	37	34987
2	49.45	19	35025
2	49.45	20	35025
2	49.55	22	35073
2	49.6	11	35091
2	49.65	13	35110
2	49.7	7	35124
2	49.75	4	35138
2	49.7593	5	35138
2	49.8	3	35146
2	49.8305	5	35150
2	49.9	3	35158
2	49.9151	5	35162
2	49.95	2	35165
2	49.9933	5	35172
2	50	2	35176
2	50.0416	5	35183
2	50.05	2	35186
2	50.0853	5	35193
2	50.2156	10	35228
2	50.3812	15	35288
2	50.5496	20	35373
2	50.7243	25	35483
2	50.9152	30	35618
2	51.1042	35	35778
2	51.3195	40	35963
2	51.5675	45	36173
2	51.85	50	36408
2	52.132	55	36668
2	52.3	28	36829
2	52.3326	30	36858
2	52.35	30	36877
2	52.4	31	36900
2	52.45	32	36925
2	52.5	33	36953
2	52.55	34	36989
2	52.5937	35	37018
2	52.6	17	37025
2	52.65	19	37057
2	52.6748	20	37062
2	52.7	20	37075
2	52.75	21	37095
2	52.8	11	37120
2	52.85	13	37143
2	52.8931	15	37159
2	53.0871	20	37244
2	53.2	11	37310
2	53.25	13	37335
2	53.2823	15	37349
2	53.4782	20	37434
2	53.654	25	37544
2	53.8388	30	37679
2	53.85	15	37686
2	53.9679	20	37756
2	54.1438	25	37866
2	54.3552	30	38001
2	54.5761	35	38161
2	54.8301	40	38346
2	55.1227	45	38556
2	55.4	24	38765
2	55.4012	25	38765
2	55.45	26	38802
2	55.5	27	38818
2	55.65	29	38879
2	55.6941	30	38900
2	55.7	15	38906
2	55.75	17	38928
2	55.8	17	38939
2	55.85	18	38951
2	55.9	9	38965
2	55.9007	10	38965
2	55.95	11	38980
2	56	6	38994
2	56.1	4	39011
2	56.1183	5	39011
2	56.15	3	39019
2	56.1666	5	39023
2	56.2	2	39025
2	56.2494	5	39032
2	56.25	2	39033
2	56.2931	5	39040
2	56.35	3	39052
2	56.3778	5	39056
2	56.4	3	39062
2	56.4215	5	39066
2	56.5498	10	39101
2	56.7136	15	39161
2	56.8811	20	39246
2	57.0532	25	39356
2	57.2308	30	39491
2	57.4204	35	39651
2	57.6453	40	39836
2	57.8937	45	40046
2	58.1652	50	40281
2	59.2468	10	40336
2	59.25	5	40337
2	59.25	5	40337
2	59.25	5	40337
2	59.25	5	40337
2	59.25	5	40337
2	59.25	5	40337
2	59.25	5	40337
2	59.25	5	40337
2	59.25	5	40337
2	59.25	5	40337
2	59.25	5	40337
2	59.25	5	40337
2	59.25	5	40337
2	59.25	5	40337
2	59.25	5	40337
2	59.25	5	40337
2	59.25	5	40337
2	59.25	5	40337
2	59.25	5	40337
2	59.25	5	40337
2	59.355	10	40367
2	59.5689	15	40427
2	59.7828	20	40512
2	59.9968	25	40622
2	60.2107	30	40757
2	60.4247	35	40917
2	60.6487	40	41102
2	60.8993	45	41312
2	61.1873	50	41547
2	61.4363	55	41807
2	61.6989	60	42092
2	61.8	30	42202
2	61.85	32	42256
2	61.9	33	42283
2	61.971	35	42332
2	62	35	42348
2	62.05	36	42388
2	62.1	18	42430
2	62.1274	20	42449
2	62.15	20	42465
2	62.3423	25	42559
2	62.5562	30	42694
2	62.7702	35	42854
2	62.9841	40	43039
2	63.2038	45	43249
2	63.4437	50	43484
2	63.7061	55	43744
2	63.9922	60	44029
2	64.2996	65	44339
2	64.5	34	44541
2	64.5002	35	44541
2	64.6	37	44614
2	64.65	37	44637
2	64.7	38	44661
2	64.75	39	44695
2	64.7965	40	44726
2	64.85	20	44767
2	64.9	22	44797
2	64.95	22	44810
2	65	23	44824
2	65.0923	25	44857
2	65.1	12	44866
2	65.15	14	44884
2	65.2	14	44893
2	65.2206	15	44893
2	65.25	15	44903
2	65.3	8	44915
2	65.3126	10	44924
2	65.4	5	44941
2	65.45	3	44950
2	65.481	5	44954
2	65.695	10	44989
2	65.9089	15	45049
2	66.1228	20	45134
2	66.3368	25	45244
2	66.5507	30	45379
2	66.7646	35	45539
2	66.9796	40	45724
2	67.2073	45	45934
2	67.4673	50	46169
2	67.7434	55	46429
2	68.0499	60	46714
2	68.3848	65	47024
2	68.4	32	47041
2	68.45	34	47088
2	68.5	34	47108
2	68.5191	35	47108
2	68.55	35	47128
2	68.6	36	47150
2	68.65	37	47180
2	68.7	37	47213
2	68.75	38	47248
2	68.8232	40	47293
2	68.85	20	47310
2	68.9	22	47341
2	68.95	23	47356
2	69	24	47379
2	69.0464	25	47400
2	69.05	12	47404
2	69.1329	15	47431
2	69.15	15	47434
2	69.2	15	47446
2	69.35	9	47502
2	69.3593	10	47502
2	69.4	11	47519
2	69.557	15	47562
2	69.7709	20	47647
2	69.9849	25	47757
2	70.1988	30	47892
2	70.4127	35	48052
2	70.6304	40	48237
2	70.8621	45	48447
2	71.1239	50	48682
2	71.4089	55	48942
2	71.7163	60	49227
2	72	32	49488
2	72.05	34	49534
2	72.1	34	49554
2	72.1129	35	49555
2	72.15	35	49574
2	72.2	36	49601
2	72.25	37	49627
2	72.3	37	49657
2	72.4	19	49724
2	72.4012	20	49724
2	72.5	21	49765
2	72.55	22	49778
2	72.6	23	49796
2	72.6887	25	49834
2	72.7	12	49842
2	72.75	14	49861
2	72.7807	15	49869
2	72.8	15	49871
2	72.85	15	49883
2	72.95	9	49920
2	72.95	10	49920
2	73	5	49936
2	73.1603	10	49966
2	73.3742	15	50026
2	73.5882	20	50111
2	73.8035	25	50221
2	74.0425	30	50356
2	75.15	5	50415
2	75.15	5	50415
2	75.15	5	50415
2	75.15	5	50415
2	75.15	5	50415
2	75.15	5	50415
2	75.15	5	50415
2	75.15	5	50415
2	75.15	5	50415
2	75.15	5	50415
2	75.15	5	50415
2	75.15	5	50415
2	75.15	5	50415
2	75.15	5	50415
2	75.15	5	50415
2	75.15	5	50415
2	75.15	5	50415
2	75.15	5	50415
2	75.15	5	50415
2	75.15	5	50415
2	75.15	5	50415
2	75.15	5	50415
2	75.15	5	50415
2	75.15	5	50415
2	75.15	5	50415
2	75.1745	10	50419
2	75.1893	15	50424
2	75.1954	20	50429
2	75.1998	25	50434
2	75.3671	30	50545
2	75.5673	35	50705
2	75.8108	40	50890
2	76.0784	45	51100
2	76.2	23	51184
2	76.2223	25	51208
2	76.4874	30	51343
2	76.65	16	51434
2	76.7	18	51460
2	76.75	19	51474
2	76.7837	20	51488
2	76.8	10	51490
2	76.85	12	51507
2	76.9	6	51519
2	76.95	4	51533
2	76.9512	5	51533
2	77	3	51542
2	77.0308	5	51546
2	77.05	2	51549
2	77.1	2	51556
2	77.15	2	51563
2	77.1624	5	51570
2	77.3181	10	51605
2	77.4569	15	51665
2	77.6263	20	51750
2	77.801	25	51860
2	77.9928	30	51995
2	78.1751	35	52155
2	78.366	40	52340
2	78.5625	45	52550
2	78.7802	50	52785
2	79.0211	55	53045
2	79.2851	60	53330
2	79.5723	65	53640
2	79.85	34	53940
2	79.8502	35	53940
2	79.9	36	53994
2	79.95	37	54029
2	80	38	54060
2	80.05	39	54095
2	80.0788	40	54125
2	80.1	40	54137
2	80.318	45	54335
2	80.5	24	54521
2	80.5003	25	54521
2	80.55	26	54567
2	80.6	27	54592
2	80.65	28	54621
2	80.6975	30	54656
2	80.7	15	54659
2	80.75	17	54691
2	80.8	9	54715
2	80.8007	10	54715
2	80.85	6	54738
2	80.9236	10	54762
2	81.0791	15	54822
2	81.2466	20	54907
2	81.4187	25	55017
2	81.5992	30	55152
2	81.7882	35	55312
2	81.9742	40	55497
2	82.1711	45	55707
2	82.3889	50	55942
2	82.6298	55	56202
2	82.8938	60	56487
2	83.181	65	56797
2	83.4913	70	57132
2	83.8248	75	57492
2	83.85	37	57520
2	83.85	37	57520
2	83.9	39	57574
2	83.938	40	57597
2	83.95	40	57609
2	84	41	57644
2	84.05	41	57678
2	84.1	42	57719
2	84.15	43	57763
2	84.1976	45	57807
2	84.2	45	57809
2	84.25	23	57857
2	84.2758	25	57881
2	84.3	25	57900
2	84.35	26	57923
2	84.4	27	57949
2	84.45	14	57985
2	84.4507	15	57985
2	84.5	16	58014
2	84.55	9	58035
2	84.5507	10	58035
2	84.7038	15	58095
2	84.85	9	58160
2	84.85	9	58160
2	84.863	10	58160
2	84.9979	15	58220
2	85.1654	20	58305
2	85.3376	25	58415
2	85.5161	30	58550
2	85.707	35	58710
2	85.893	40	58895
2	86.0888	45	59105
2	86.3066	50	59340
2	86.5474	55	59600
2	86.8114	60	59885
2	87.0986	65	60195
2	88.4	5	60498
2	88.4	5	60498
2	88.4	5	60498
2	88.4	5	60498
2	88.4	5	60498
2	88.4	5	60498
2	88.4	5	60498
2	88.4	5	60498
2	88.4	5	60498
2	88.4	5	60498
2	88.4	5	60498
2	88.4	5	60498
2	88.4	5	60498
2	88.4	5	60498
2	88.4	5	60498
2	88.4	5	60498
2	88.4	5	60498
2	88.4	5	60498
2	88.4	5	60498
2	88.4	5	60498
2	88.4	5	60498
2	88.4	5	60498
2	88.4	5	60498
2	88.4	5	60498
2	88.4	5	60498
2	88.4	5	60498
2	88.4	5	60498
2	88.4	5	60498
2	88.4	5	60498
2	88.4	5	60498
2	88.4238	10	60502
2	88.4284	15	60507
2	88.4448	20	60512
2	88.4492	25	60517
2	88.5982	30	60628
2	88.79	35	60788
2	88.9787	40	60973
2	89.1743	45	61183
2	89.3914	50	61418
2	89.6316	55	61678
2	89.895	60	61963
2	90.1814	65	62273
2	90.45	34	62564
2	90.4503	35	62564
2	90.5	36	62618
2	90.55	37	62644
2	90.6	37	62670
2	90.65	38	62699
2	90.7	39	62737
2	90.7114	40	62749
2	90.75	40	62777
2	90.8	41	62819
2	90.85	21	62857
2	90.95	24	62912
2	90.971	25	62926
2	91	25	62933
2	91.05	13	62963
2	91.0812	15	62977
2	91.1	15	62987
2	91.15	8	63003
2	91.1729	10	63012
2	91.2	5	63019
2	91.25	3	63030
2	91.2711	5	63034
2	91.35	3	63048
2	91.3622	5	63052
2	91.4	3	63058
2	91.4078	5	63062
2	91.45	3	63071
2	91.4716	5	63075
2	91.599	10	63110
2	91.7609	15	63170
2	91.9284	20	63255
2	92.1005	25	63365
2	92.2782	30	63500
2	92.4623	35	63660
2	92.6541	40	63845
2	92.8496	45	64055
2	93.0668	50	64290
2	93.307	55	64550
2	93.5703	60	64835
2	93.8568	65	65145
2	94.15	34	65463
2	94.1506	35	65463
2	94.2	36	65517
2	94.25	37	65543
2	94.3	37	65569
2	94.35	38	65598
2	94.4	39	65636
2	94.4117	40	65648
2	94.45	40	65676
2	94.5	41	65717
2	94.55	21	65756
2	94.6	23	65793
2	94.65	24	65812
2	94.6703	25	65825
2	94.7	25	65833
2	94.75	13	65865
2	94.7633	15	65879
2	94.85	8	65908
2	94.8741	10	65917
2	94.9	5	65924
2	94.95	3	65935
2	94.9736	5	65939
2	95	2	65944
2	95.0364	5	65951
2	95.05	2	65952
2	95.0792	5	65959
2	95.15	3	65975
2	95.1648	5	65979
2	95.3095	10	66014
2	95.4471	15	66074
2	95.6173	20	66159
2	95.7933	25	66269
2	95.984	30	66404
2	96.1663	35	66564
2	96.3572	40	66749
2	96.5535	45	66959
2	96.7709	50	67194
2	97.0111	55	67454
2	97.2744	60	67739
2	97.5609	65	68049
2	97.85	34	68362
2	97.8501	35	68362
2	97.9	36	68417
2	97.95	37	68445
2	98	38	68473
2	98.05	38	68506
2	98.1	39	68544
2	98.1034	40	68547
2	98.2	41	68627
2	98.25	21	68670
2	98.3	23	68707
2	98.35	24	68727
2	98.3698	25	68739
2	98.4	25	68749
2	98.45	13	68781
2	98.4674	15	68795
2	98.55	8	68824
2	98.572	10	68833
2	98.6	5	68840
2	98.7	4	68863
2	98.7004	5	68863
2	98.75	3	68875
2	98.7813	5	68879
2	98.8	3	68887
2	98.8269	5	68891
2	98.9553	10	68926
2	99.1191	15	68986
2	99.2865	20	69071
2	99.4587	25	69181
2	99.6363	30	69316
2	99.8206	35	69476
2	100.012	40	69661
2	100.208	45	69871
2	100.426	50	70106
2	100.666	55	70366
2	101.9	2	70581
2	101.9	2	70581
2	101.9	2	70581
2	101.9	2	70581
2	101.9	2	70581
2	101.9	2	70581
2	101.9	2	70581
2	101.9	2	70581
2	101.9	2	70581
2	101.9	2	70581
2	101.9	2	70581
2	101.9	2	70581
2	101.9	2	70581
2	101.9	2	70581
2	101.926	5	70588
2	102.033	10	70623
2	102.194	15	70683
2	102.363	20	70768
2	102.537	25	70878
2	102.724	30	71013
2	102.905	35	71173
2	103.102	40	71358
2	103.314	45	71568
2	103.553	50	71803
2	103.814	55	72063
2	104.104	60	72348
2	104.4	32	72641
2	104.45	34	72690
2	104.491	35	72708
2	104.5	35	72713
2	104.55	35	72737
2	104.6	36	72763
2	104.65	37	72796
2	104.7	38	72833
2	104.75	19	72871
2	104.75	20	72871
2	104.8	21	72903
2	104.85	22	72919
2	104.9	23	72937
2	104.95	12	72960
2	105	14	72981
2	105.018	15	72987
2	105.05	7	72999
2	105.126	10	73016
2	105.15	5	73022
2	105.2	3	73032
2	105.214	5	73036
2	105.25	2	73040
2	105.297	5	73047
2	105.3	2	73051
2	105.342	5	73058
2	105.4	3	73070
2	105.426	5	73074
2	105.554	10	73109
2	105.718	15	73169
2	105.885	20	73254
2	106.057	25	73364
2	106.235	30	73499
2	106.419	35	73659
2	106.619	40	73844
2	106.835	45	74054
2	107.062	50	74289
2	107.301	55	74549
2	107.563	60	74834
2	107.847	65	75144
2	107.85	32	75147
2	107.9	34	75202
2	107.931	35	75214
2	108.196	40	75399
2	108.25	20	75443
2	108.3	22	75478
2	108.35	23	75495
2	108.4	24	75514
2	108.422	25	75533
2	108.45	12	75539
2	108.5	14	75562
2	108.507	15	75566
2	108.55	15	75581
2	108.6	8	75599
2	108.63	10	75608
2	108.65	10	75617
2	108.7	5	75629
2	108.75	4	75643
2	108.759	5	75643
2	108.85	4	75671
2	108.85	5	75671
2	108.974	10	75706
2	109.136	15	75766
2	109.303	20	75851
2	109.475	25	75961
2	109.653	30	76096
2	109.842	35	76256
2	110.035	40	76441
2	110.252	45	76651
2	110.485	50	76886
2	110.742	55	77146
2	111.022	60	77431
2	111.3	32	77728
2	111.35	34	77783
2	111.379	35	77795
2	111.45	36	77844
2	111.5	37	77882
2	111.55	38	77924
2	111.6	19	77968
2	111.601	20	77968
2	111.65	21	78005
2	111.7	22	78026
2	111.797	25	78078
2	111.8	12	78081
2	111.853	15	78108
2	111.9	8	78129
2	111.925	10	78138
2	111.95	5	78147
2	112	3	78160
2	112.02	5	78164
2	112.148	10	78199
2	112.304	15	78259
2	112.472	20	78344
2	112.648	25	78454
2	112.825	30	78589
2	113.008	35	78749
2	113.199	40	78934
2	113.394	45	79144
2	113.61	50	79379
2	113.849	55	79639
2	114.111	60	79924
2	114.396	65	80234
2	114.704	70	80569
2	115.8	2	80664
2	115.8	2	80664
2	115.8	2	80664
2	115.8	2	80664
2	115.8	2	80664
2	115.8	2	80664
2	115.8	2	80664
2	115.8	2	80664
2	115.8	2	80664
2	115.8	2	80664
2	115.8	2	80664
2	115.8	2	80664
2	115.8	2	80664
2	115.8	2	80664
2	115.8	2	80664
2	115.8	2	80664
2	115.8	2	80664
2	115.8	2	80664
2	115.8	2	80664
2	115.8	2	80664
2	115.8	2	80664
2	115.8	2	80664
2	115.8	2	80664
2	115.8	2	80664
2	115.8	2	80664
2	115.8	2	80664
2	115.8	2	80664
2	115.8	2	80664
2	115.8	2	80664
2	115.8	2	80664
2	115.8	2	80664
2	115.8	2	80664
2	115.8	2	80664
2	115.8	2	80664
2	115.8	2	80664
2	115.8	2	80664
2	115.8	2	80664
2	115.8	2	80664
2	115.8	2	80664
2	115.8	2	80664
2	115.8	2	80664
2	115.8	2	80664
2	115.8	2	80664
2	115.8	2	80664
2	115.842	5	80671
2	115.906	10	80706
2	116.069	15	80766
2	116.236	20	80851
2	116.408	25	80961
2	116.587	30	81096
2	116.778	35	81256
2	116.964	40	81441
2	117.159	45	81651
2	117.376	50	81886
2	117.616	55	82146
2	117.88	60	82431
2	118.166	65	82741
2	118.45	34	83049
2	118.451	35	83049
2	118.5	36	83103
2	118.55	37	83129
2	118.6	37	83155
2	118.65	38	83184
2	118.7	39	83222
2	118.712	40	83234
2	118.75	40	83261
2	118.8	41	83303
2	118.85	21	83342
2	118.9	23	83379
2	118.95	24	83398
2	118.971	25	83411
2	119	25	83419
2	119.1	13	83484
2	119.133	15	83498
2	119.15	15	83509
2	119.2	16	83525
2	119.25	8	83542
2	119.265	10	83551
2	119.3	10	83561
2	119.4	7	83601
2	119.45	4	83618
2	119.453	5	83618
2	119.57	10	83653
2	119.735	15	83713
2	119.904	20	83798
2	120.078	25	83908
2	120.257	30	84043
2	120.448	35	84203
2	120.636	40	84388
2	120.831	45	84598
2	121.049	50	84833
2	121.295	55	85093
2	121.58	60	85378
2	121.888	65	85688
2	122.15	34	85952
2	122.15	35	85952
2	122.2	36	86002
2	122.2	36	86002
2	122.2	36	86002
2	122.2	36	86002
2	122.2	36	86002
2	122.25	37	86028
2	122.25	37	86028
2	122.3	37	86056
2	122.4	39	86123
2	122.414	40	86137
2	122.45	40	86162
2	122.5	20	86204
2	122.55	22	86239
2	122.6	23	86257
2	122.65	24	86277
2	122.669	25	86294
2	122.7	12	86305
2	122.759	15	86332
2	122.8	15	86345
2	122.85	8	86362
2	122.878	10	86371
2	122.9	5	86378
2	123	4	86398
2	123.004	5	86398
2	123.05	3	86411
2	123.055	5	86415
2	123.1	3	86426
2	123.135	5	86430
2	123.263	10	86465
2	123.427	15	86525
2	123.594	20	86610
2	123.767	25	86720
2	123.945	30	86855
2	124.129	35	87015
2	124.329	40	87200
2	124.545	45	87410
2	124.79	50	87645
2	125.063	55	87905
2	125.353	60	88190
2	125.55	31	88380
2	125.6	33	88428
2	125.65	34	88450
2	125.7	34	88473
2	125.715	35	88479
2	125.75	35	88497
2	125.8	36	88531
2	125.85	37	88566
2	125.9	19	88603
2	125.9	20	88603
2	125.95	21	88634
2	126.05	11	88667
2	126.1	13	88685
2	126.15	7	88697
2	126.2	4	88708
2	126.205	5	88708
2	126.25	3	88715
2	126.276	5	88719
2	126.3	2	88720
2	126.36	5	88727
2	126.4	2	88730
2	126.444	5	88737
2	126.45	2	88742
2	126.5	2	88749
2	126.55	2	88756
2	126.576	5	88763
2	126.737	10	88798
2	126.874	15	88858
2	127.045	20	88943
2	127.22	25	89053
2	127.411	30	89188
2	127.595	35	89348
2	127.804	40	89533
2	128.027	45	89743
2	128.281	50	89978
2	128.565	55	90238
2	128.872	60	90523
2	128.95	30	90600
2	129	32	90646
2	129.05	33	90667
2	129.1	33	90689
2	129.15	34	90712
2	129.17	35	90730
2	129.2	35	90744
2	130.249	10	90751
2	130.25	10	90752
2	130.25	10	90752
2	130.289	15	90756
2	130.293	20	90761
2	130.316	25	90766
2	130.484	30	90877
2	130.68	35	91037
2	130.898	40	91222
2	131.138	45	91432
2	131.4	50	91667
2	131.69	55	91927
2	132.003	60	92212
2	132.1	30	92300
2	132.15	32	92346
2	132.2	33	92365
2	132.25	33	92386
2	132.3	34	92408
2	132.334	35	92430
2	132.35	35	92438
2	132.5	18	92535
2	132.527	20	92554
2	132.55	20	92563
2	132.6	21	92576
2	132.65	21	92591
2	132.7	22	92615
2	132.75	11	92640
2	132.85	7	92669
2	132.9	4	92680
2	132.913	5	92680
2	132.95	3	92687
2	132.962	5	92691
2	133.05	3	92703
2	133.089	5	92707
2	133.1	2	92710
2	133.173	5	92717
2	133.343	10	92752
2	133.519	15	92812
2	133.725	20	92897
2	133.93	25	93007
2	134.134	30	93142
2	134.327	35	93302
2	134.532	40	93487
2	134.747	45	93697
2	134.987	50	93932
2	135.249	55	94192
2	135.539	60	94477
2	135.852	65	94787
2	135.95	33	94884
2	135.982	35	94918
2	136	35	94933
2	136.05	36	94955
2	136.1	36	94978
2	136.15	37	95005
2	136.2	38	95034
2	136.25	39	95070
2	136.297	40	95103
2	136.35	20	95141
2	136.4	22	95172
2	136.45	23	95187
2	136.5	23	95204
2	136.55	24	95230
2	136.552	25	95231
2	136.6	13	95257
2	136.636	15	95271
2	136.7	8	95291
2	136.725	10	95300
2	136.75	5	95304
2	136.8	3	95312
2	136.812	5	95316
2	136.9	3	95329
2	136.94	5	95333
2	136.95	2	95336
2	137.023	5	95343
2	137.194	10	95378
2	137.37	15	95438
2	137.576	20	95523
2	137.781	25	95633
2	137.985	30	95768
2	138.178	35	95928
2	138.392	40	96113
2	138.631	45	96323
2	138.893	50	96558
2	139.182	55	96818
2	139.494	60	97103
2	139.6	30	97201
2	139.65	32	97246
2	139.7	33	97266
2	139.75	33	97287
2	139.8	34	97309
2	139.834	35	97331
2	139.95	18	97405
2	139.985	20	97424
2	140	20	97432
2	140.05	20	97444
2	140.1	21	97457
2	140.15	22	97472
2	140.2	11	97497
2	140.25	13	97515
2	140.35	7	97536
2	140.4	4	97547
2	140.407	5	97547
2	140.45	3	97554
2	140.46	5	97558
2	140.5	2	97562
2	140.579	5	97569
2	140.6	2	97573
2	140.663	5	97580
2	140.834	10	97615
2	141.015	15	97675
2	141.216	20	97760
2	141.421	25	97870
2	141.625	30	98005
2	141.823	35	98165
2	142.057	40	98350
2	142.315	45	98560
2	142.603	50	98795
2	142.881	55	99055
2	143.1	29	99265
2	143.101	30	99265
2	143.15	31	99312
2	143.2	32	99336
2	143.25	33	99361
2	143.35	35	99425
2	143.35	17	99426
2	143.4	19	99455
2	143.431	20	99463
2	143.45	20	99470
2	143.5	21	99487
2	143.55	11	99507
2	143.649	15	99546
2	143.879	20	99631
2	143.95	10	99662
2	144	12	99682
2	144.1	7	99709
2	144.152	10	99726
2	144.328	15	99786
2	144.532	20	99871
2	144.737	25	99981
2	144.926	30	100116
2	145.13	35	100276
2	145.335	40	100461
2	145.543	45	100671
2	146.7	5	100830
2	146.7	5	100830
2	146.7	5	100830
2	146.7	5	100830
2	146.7	5	100830
2	146.7	5	100830
2	146.7	5	100830
2	146.7	5	100830
2	146.7	5	100830
2	146.7	5	100830
2	146.7	5	100830
2	146.7	5	100830
2	146.7	5	100830
2	146.7	5	100830
2	146.7	5	100830
2	146.7	5	100830
2	146.7	5	100830
2	146.7	5	100830
2	146.7	5	100830
2	146.7	5	100830
2	146.7	5	100830
2	146.7	5	100830
2	146.7	5	100830
2	146.7	5	100830
2	146.7	5	100830
2	146.7	5	100830
2	146.7	5	100830
2	146.7	5	100830
2	146.7	5	100830
2	146.7	5	100830
2	146.7	5	100830
2	146.7	5	100830
2	146.7	5	100830
2	146.7	5	100830
2	146.7	5	100830
2	146.7	5	100830
2	146.7	5	100830
2	146.7	5	100830
2	146.7	5	100830
2	146.7	5	100830
2	146.7	5	100830
2	146.7	5	100830
2	146.7	5	100830
2	146.7	5	100830
2	146.7	5	100830
2	146.7	5	100830
2	146.724	10	100834
2	146.74	15	100839
2	146.745	20	100844
2	146.75	25	100849
2	146.91	30	100960
2	147.119	35	101120
2	147.329	40	101305
2	147.538	45	101515
2	147.75	24	101745
2	147.75	24	101745
2	147.75	24	101745
2	147.75	24	101745
2	147.751	25	101745
2	147.913	30	101880
2	148.097	35	102040
2	148.289	40	102225
2	148.484	45	102435
2	148.709	50	102670
2	148.969	55	102930
2	149.251	60	103215
2	149.559	65	103525
2	149.6	32	103566
2	149.65	34	103617
2	149.689	35	103633
2	149.7	35	103639
2	149.75	35	103663
2	149.8	36	103689
2	149.85	37	103724
2	149.9	38	103761
2	149.95	39	103799
2	149.981	40	103818
2	150	20	103834
2	150.05	22	103868
2	150.1	23	103886
2	150.15	24	103907
2	150.167	25	103924
2	150.2	12	103937
2	150.277	15	103964
2	150.3	15	103973
2	150.35	8	103989
2	150.366	10	103998
2	150.4	5	104005
2	150.45	3	104017
2	150.454	5	104021
2	150.5	3	104031
2	150.537	5	104035
2	150.6	3	104051
2	150.623	5	104055
2	150.751	10	104090
2	150.915	15	104150
2	151.082	20	104235
2	151.254	25	104345
2	151.432	30	104480
2	151.626	35	104640
2	151.833	40	104825
2	152.077	45	105035
2	152.344	50	105270
2	152.644	55	105530
2	152.85	29	105710
2	152.85	30	105710
2	152.9	31	105753
2	152.95	32	105773
2	153	32	105794
2	153.05	33	105816
2	153.1	34	105846
2	153.141	35	105870
2	153.15	17	105880
2	153.2	19	105907
2	153.234	20	105917
2	153.25	20	105920
2	153.3	20	105935
2	153.35	21	105951
2	153.45	12	106004
2	153.5	14	106025
2	153.529	15	106031
2	153.55	7	106038
2	153.6	9	106052
2	153.616	10	106055
2	153.65	5	106062
2	153.75	4	106090
2	153.756	5	106090
2	153.8	3	106101
2	153.83	5	106105
2	153.85	2	106110
2	153.875	5	106117
2	154.006	10	106152
2	154.172	15	106212
2	154.341	20	106297
2	154.516	25	106407
2	154.714	30	106542
2	154.92	35	106702
2	155.165	40	106887
2	155.432	45	107097
2	155.737	50	107332
2	155.95	26	107500
2	156	28	107538
2	156.05	28	107555
2	156.1	29	107572
2	156.125	30	107584
2	156.15	30	107591
2	156.2	31	107615
2	156.25	31	107645
2	156.3	16	107676
2	156.35	18	107701
2	156.4	19	107714
2	156.45	19	107729
2	156.458	20	107730
2	156.5	10	107747
2	156.55	12	107764
2	156.65	7	107793
2	156.7	4	107806
2	156.709	5	107806
2	156.75	3	107815
2	156.765	5	107819
2	156.8	2	107822
2	156.847	5	107829
2	156.9	3	107844
2	156.933	5	107848
2	156.95	3	107854
2	156.977	5	107858
2	157.105	10	107893
2	157.27	15	107953
2	157.437	20	108038
2	157.609	25	108148
2	157.787	30	108283
2	157.978	35	108443
2	158.204	40	108628
2	158.452	45	108838
2	158.724	50	109073
2	159.024	55	109333
2	159.2	28	109481
2	159.228	30	109510
2	159.25	30	109525
2	159.3	31	109544
2	159.35	31	109565
2	159.4	32	109595
2	159.45	33	109626
2	159.5	34	109658
2	159.527	35	109670
2	159.55	17	109686
2	159.6	19	109715
2	159.623	20	109723
2	159.65	20	109730
2	159.75	11	109775
2	159.8	13	109794
2	159.85	7	109806
2	159.917	10	109823
2	159.95	5	109828
2	160	3	109839
2	160.005	5	109843
2	160.05	3	109852
2	160.088	5	109856
2	160.1	2	109860
2	160.134	5	109867
2	160.2	3	109877
2	160.216	5	109881
2	160.344	10	109916
2	160.508	15	109976
2	160.675	20	110061
2	160.847	25	110171
2	161.025	30	110306
2	161.209	35	110466
2	161.404	40	110651
2	161.616	45	110861
2	162.7	2	110913
2	162.7	2	110913
2	162.7	2	110913
2	162.7	2	110913
2	162.7	2	110913
2	162.7	2	110913
2	162.7	2	110913
2	162.7	2	110913
2	162.7	2	110913
2	162.7	2	110913
2	162.7	2	110913
2	162.7	2	110913
2	162.7	2	110913
2	162.7	2	110913
2	162.7	2	110913
2	162.73	5	110920
2	162.836	10	110955
2	162.995	15	111015
2	163.163	20	111100
2	163.338	25	111210
2	163.519	30	111345
2	163.706	35	111505
2	163.909	40	111690
2	164.136	45	111900
2	164.389	50	112135
2	164.669	55	112395
2	164.977	60	112680
2	165.05	30	112749
2	165.1	32	112796
2	165.15	33	112816
2	165.2	33	112838
2	165.25	34	112862
2	165.268	35	112879
2	165.3	35	112893
2	165.35	36	112926
2	165.4	18	112962
2	165.433	20	112981
2	165.45	20	112992
2	165.5	21	113007
2	165.6	22	113044
2	165.65	12	113071
2	165.7	14	113092
2	165.731	15	113098
2	165.75	7	113105
2	165.8	9	113119
2	165.817	10	113122
2	165.9	5	113142
2	165.95	4	113159
2	165.953	5	113159
2	166	3	113169
2	166.031	5	113173
2	166.05	2	113178
2	166.077	5	113185
2	166.207	10	113220
2	166.373	15	113280
2	166.543	20	113365
2	166.717	25	113475
2	166.908	30	113610
2	167.097	35	113770
2	167.309	40	113955
2	167.553	45	114165
2	167.832	50	114400
2	168.136	55	114660
2	168.35	29	114850
2	168.35	30	114850
2	168.4	31	114895
2	168.45	32	114915
2	168.5	32	114937
2	168.55	33	114965
2	168.6	34	114990
2	168.626	35	115010
2	168.65	17	115023
2	168.7	19	115051
2	168.732	20	115060
2	168.75	20	115065
2	168.75	20	115065
2	168.8	21	115086
2	168.85	11	115107
2	168.9	13	115127
2	168.95	7	115140
2	169.01	10	115157
2	169.1	6	115185
2	169.15	4	115198
2	169.176	5	115198
2	169.2	3	115208
2	169.224	5	115212
2	169.35	4	115241
2	169.351	5	115241
2	169.476	10	115276
2	169.613	15	115336
2	169.784	20	115421
2	169.976	25	115531
2	170.153	30	115666
2	170.336	35	115826
2	170.528	40	116011
2	170.733	45	116221
2	170.964	50	116456
2	171.217	55	116716
2	171.493	60	117001
2	171.791	65	117311
2	171.9	33	117429
2	171.932	35	117463
2	171.95	35	117483
2	172	36	117510
2	172.05	37	117538
2	172.1	38	117572
2	172.15	39	117611
2	172.197	40	117648
2	172.2	20	117652
2	172.25	22	117687
2	172.3	23	117706
2	172.35	24	117727
2	172.367	25	117742
2	172.4	12	117756
2	172.45	14	117780
2	172.456	15	117783
2	172.5	8	117801
2	172.534	10	117810
2	172.65	6	117844
2	172.7	4	117859
2	172.702	5	117859
2	172.832	10	117894
2	172.9	6	117917
2	172.964	10	117941
2	173.129	15	118001
2	173.297	20	118086
2	173.47	25	118196
2	173.65	30	118331
2	173.841	35	118491
2	174.03	40	118676
2	174.243	45	118886
2	174.472	50	119121
2	174.725	55	119381
2	175.002	60	119666
2	175.294	65	119976
2	175.4	33	120092
2	175.432	35	120126
2	175.45	35	120146
2	175.5	36	120173
2	175.55	37	120201
2	175.6	38	120235
2	175.65	39	120274
2	175.697	40	120311
2	175.7	20	120315
2	175.75	22	120350
2	175.8	23	120369
2	175.85	24	120390
2	175.867	25	120405
2	175.95	13	120451
2	175.982	15	120465
2	176.05	8	120491
2	176.071	10	120500
2	176.1	5	120507
2	176.238	10	120537
2	176.25	5	120548
2	176.3	3	120561
2	176.33	5	120565
2	176.4	3	120581
2	176.415	5	120585
2	176.543	10	120620
2	176.707	15	120680
2	176.875	20	120765
2	177.047	25	120875
2	178.25	2	120996
2	178.25	2	120996
2	178.296	5	121003
2	178.465	10	121038
2	178.651	15	121098
2	178.846	20	121183
2	179.051	25	121293
2	179.24	30	121428
2	179.444	35	121588
2	179.649	40	121773
2	179.854	45	121983
2	180.072	50	122218
2	180.312	55	122478
2	180.576	60	122763
2	180.864	65	123073
2	181.174	70	123408
2	181.3	35	123545
2	181.35	37	123598
2	181.4	38	123624
2	181.45	38	123649
2	181.5	39	123676
2	181.518	40	123695
2	181.55	40	123712
2	181.6	41	123751
2	181.65	42	123791
2	181.7	21	123829
2	181.8	24	123881
2	181.832	25	123898
2	181.85	25	123899
2	181.9	13	123925
2	181.934	15	123939
2	181.95	15	123947
2	182	8	123960
2	182.026	10	123969
2	182.1	5	123982
2	182.15	3	123992
2	182.169	5	123996
2	182.2	2	123999
2	182.25	2	124005
2	182.301	5	124012
2	182.471	10	124047
2	182.654	15	124107
2	182.853	20	124192
2	183.058	25	124302
2	183.263	30	124437
2	183.457	35	124597
2	183.66	40	124782
2	183.866	45	124992
2	184.084	50	125227
2	184.325	55	125487
2	184.589	60	125772
2	184.876	65	126082
2	185.187	70	126417
2	185.52	75	126777
2	185.65	38	126918
2	185.687	40	126957
2	185.7	40	126972
2	185.75	41	126999
2	185.8	41	127024
2	185.85	42	127051
2	185.9	43	127086
2	185.95	43	127123
2	186	44	127163
2	186.004	45	127167
2	186.05	45	127203
2	186.1	23	127240
2	186.126	25	127264
2	186.15	25	127277
2	186.2	26	127294
2	186.25	26	127314
2	186.3	27	127342
2	186.35	14	127372
2	186.35	14	127372
2	186.35	15	127372
2	186.4	16	127396
2	186.45	17	127412
2	186.55	9	127446
2	186.55	10	127446
2	186.6	11	127465
2	186.65	6	127485
2	186.748	10	127509
2	186.942	15	127569
2	187.147	20	127654
2	187.33	25	127764
2	187.535	30	127899
2	187.74	35	128059
2	187.944	40	128244
2	188.148	45	128454
2	188.366	50	128689
2	188.606	55	128949
2	188.871	60	129234
2	189.158	65	129544
2	189.468	70	129879
2	189.6	36	130022
2	189.7	39	130108
2	189.75	39	130136
2	189.75	39	130136
2	189.759	40	130136
2	190.025	45	130346
2	190.15	23	130453
2	190.179	25	130477
2	190.2	25	130492
2	190.25	26	130510
2	190.3	27	130530
2	190.3	27	130530
2	190.35	28	130558
2	190.4	14	130591
2	190.4	15	130591
2	190.45	16	130617
2	190.5	17	130633
2	190.55	9	130650
2	190.555	10	130650
2	190.6	5	130669
2	190.71	10	130699
2	190.907	15	130759
2	191.091	20	130844
2	191.293	25	130954
2	192.5	5	131079
2	192.5	5	131079
2	192.5	5	131079
2	192.5	5	131079
2	192.5	5	131079
2	192.5	5	131079
2	192.5	5	131079
2	192.5	5	131079
2	192.5	5	131079
2	192.5	5	131079
2	192.5	5	131079
2	192.5	5	131079
2	192.5	5	131079
2	192.5	5	131079
2	192.5	5	131079
2	192.5	5	131079
2	192.5	5	131079
2	192.5	5	131079
2	192.5	5	131079
2	192.5	5	131079
2	192.5	5	131079
2	192.5	5	131079
2	192.5	5	131079
2	192.5	5	131079
2	192.5	5	131079
2	192.5	5	131079
2	192.519	10	131083
2	192.524	15	131088
2	192.54	20	131093
2	192.544	25	131098
2	192.709	30	131209
2	192.896	35	131369
2	193.092	40	131554
2	193.289	45	131764
2	193.507	50	131999
2	193.55	25	132046
2	193.677	30	132156
2	193.868	35	132316
2	194.054	40	132501
2	194.25	45	132711
2	194.468	50	132946
2	194.708	55	133206
2	194.972	60	133491
2	195.26	65	133801
2	195.55	34	134115
2	195.55	35	134115
2	195.6	36	134169
2	195.65	37	134195
2	195.7	37	134221
2	195.75	38	134250
2	195.8	39	134288
2	195.812	40	134300
2	195.85	40	134328
2	195.9	41	134369
2	195.95	21	134408
2	196	23	134445
2	196.05	24	134464
2	196.07	25	134477
2	196.1	25	134485
2	196.15	13	134517
2	196.163	15	134531
2	196.25	8	134560
2	196.274	10	134569
2	196.3	5	134576
2	196.35	3	134587
2	196.374	5	134591
2	196.4	2	134596
2	196.437	5	134603
2	196.45	2	134604
2	196.479	5	134611
2	196.55	3	134627
2	196.565	5	134631
2	196.71	10	134666
2	196.848	15	134726
2	197.019	20	134811
2	197.194	25	134921
2	197.384	30	135056
2	197.568	35	135216
2	197.757	40	135401
2	197.955	45	135611
2	198.172	50	135846
2	198.413	55	136106
2	198.677	60	136391
2	198.964	65	136701
2	199.275	70	137036
2	199.6	37	137388
2	199.65	39	137442
2	199.69	40	137465
2	199.7	40	137476
2	199.75	40	137505
2	199.8	41	137537
2	199.85	42	137576
2	199.9	43	137619
2	199.95	44	137664
2	199.965	45	137675
