3	1.04642	10	4
3	1.08915	15	9
3	1.09377	20	14
3	1.13274	25	19
3	1.31893	30	130
3	1.55079	35	290
3	1.77951	40	475
3	2.00335	45	685
3	2.1	23	782
3	2.1	23	782
3	2.12691	25	806
3	2.34089	30	941
3	2.55486	35	1101
3	2.76884	40	1286
3	2.98607	45	1496
3	3.22204	50	1731
3	3.4849	55	1991
3	3.77535	60	2276
3	4.0889	65	2586
3	4.3	34	2795
3	4.30009	35	2795
3	4.35	36	2845
3	4.4	36	2865
3	4.45	37	2886
3	4.5	38	2909
3	4.55	38	2941
3	4.60564	40	2980
3	4.65	40	3010
3	4.7	20	3040
3	4.75	22	3070
3	4.8	22	3083
3	4.85	23	3097
3	4.9	24	3120
3	4.93598	25	3130
3	5	13	3164
3	5.02988	15	3178
3	5.05	15	3184
3	5.1	8	3195
3	5.11917	10	3204
3	5.2	5	3214
3	5.25	3	3224
3	5.2885	5	3228
3	5.3	2	3229
3	5.37409	5	3236
3	5.58807	10	3271
3	5.80204	15	3331
3	6.01602	20	3416
3	6.23	25	3526
3	6.44397	30	3661
3	6.65795	35	3821
3	6.87424	40	4006
3	7.10587	45	4216
3	7.36699	50	4451
3	7.6437	55	4711
3	7.95082	60	4996
3	8.28647	65	5306
3	8.3	32	5321
3	8.35	34	5368
3	8.4	34	5388
3	8.41902	35	5388
3	8.45	35	5408
3	8.5	36	5430
3	8.55	37	5460
3	8.6	37	5493
3	8.65	38	5528
3	8.7232	40	5573
3	8.75	20	5590
3	8.8	22	5621
3	8.85	23	5636
3	8.9	24	5659
3	8.94639	25	5680
3	9	13	5707
3	9.03201	15	5721
3	9.05	15	5728
3	9.1	8	5740
3	9.1213	10	5749
3	9.25	6	5776
3	9.3	4	5786
3	9.32867	5	5786
3	9.50454	10	5821
3	9.71851	15	5881
3	9.93249	20	5966
3	10.1465	25	6076
3	10.3604	30	6211
3	10.5744	35	6371
3	10.7896	40	6556
3	11.0206	45	6766
3	11.2872	50	7001
3	11.5685	55	7261
3	11.8812	60	7546
3	12.15	31	7784
3	12.2	33	7829
3	12.25	33	7848
3	12.3	34	7867
3	12.3271	35	7883
3	12.35	35	7893
3	12.4	36	7924
3	12.5	37	7980
3	12.55	19	8010
3	12.5512	20	8010
3	12.6	21	8038
3	12.65	21	8051
3	12.7	22	8067
3	12.8	12	8109
3	12.85	14	8127
3	12.8918	15	8136
3	12.9	7	8137
3	13	9	8154
3	13.0077	10	8154
3	13.05	5	8162
3	13.1	3	8171
3	13.1333	5	8175
3	13.3473	10	8210
3	13.5612	15	8270
3	13.7752	20	8355
3	13.9892	25	8465
3	14.2032	30	8600
3	14.4171	35	8760
3	14.6311	40	8945
3	14.8451	45	9155
3	15.066	50	9390
3	15.3243	55	9650
3	15.6055	60	9935
3	16.7977	10	10087
3	16.8	5	10088
3	16.8	5	10088
3	16.9433	10	10118
3	17.1372	15	10178
3	17.3419	20	10263
3	17.5251	25	10373
3	17.7298	30	10508
3	17.9345	35	10668
3	18.1413	40	10853
3	18.3676	45	11063
3	18.6199	50	11298
3	18.8961	55	11558
3	19.2027	60	11843
3	19.45	31	12072
3	19.5	33	12118
3	19.55	34	12138
3	19.6	34	12159
3	19.6219	35	12171
3	19.65	35	12181
3	19.7	36	12211
3	19.75	37	12244
3	19.8	37	12278
3	19.85	19	12311
3	19.8546	20	12311
3	19.9	21	12341
3	20	22	12372
3	20.05	11	12397
3	20.1	13	12415
3	20.15	7	12425
3	20.2255	10	12442
3	20.25	5	12443
3	20.3	3	12451
3	20.3102	5	12455
3	20.35	2	12458
3	20.3958	5	12465
3	20.45	3	12473
3	20.4804	5	12477
3	20.6523	10	12512
3	20.8571	15	12572
3	21.0384	20	12657
3	21.2431	25	12767
3	21.4478	30	12902
3	21.6578	35	13062
3	21.8801	40	13247
3	22.1508	45	13457
3	22.4317	50	13692
3	22.7429	55	13952
3	22.9	28	14080
3	22.9353	30	14109
3	22.95	30	14122
3	23	30	14139
3	23.05	31	14157
3	23.1	32	14177
3	23.2	34	14238
3	23.25	34	14266
3	23.2683	35	14269
3	23.3	17	14293
3	23.35	19	14320
3	23.3764	20	14330
3	23.45	20	14349
3	23.5	11	14372
3	23.6	7	14398
3	23.65	4	14408
3	23.6662	5	14408
3	23.7	3	14414
3	23.75	2	14418
3	23.8382	5	14425
3	23.85	2	14428
3	23.9	2	14433
3	23.9657	5	14440
3	24.1367	10	14475
3	24.3414	15	14535
3	24.5209	20	14620
3	24.7256	25	14730
3	24.9303	30	14865
3	25.1254	35	15025
3	25.3407	40	15210
3	25.5803	45	15420
3	25.839	50	15655
3	26.1281	55	15915
3	26.4402	60	16200
3	26.55	30	16302
3	26.65	33	16366
3	26.75	34	16406
3	26.7987	35	16432
3	26.8	35	16434
3	26.85	35	16465
3	26.9	36	16498
3	26.95	18	16526
3	26.979	20	16545
3	27	20	16554
3	27.05	21	16567
3	27.1	21	16582
3	27.15	22	16604
3	27.25	12	16650
3	27.3	14	16670
3	27.3241	15	16677
3	27.35	7	16682
3	27.4	9	16695
3	27.4106	10	16699
3	27.5	6	16723
3	27.55	4	16735
3	27.5761	5	16735
3	27.7119	10	16770
3	27.9175	15	16830
3	28.1222	20	16915
3	28.3054	25	17025
3	28.5101	30	17160
3	28.7148	35	17320
3	28.9195	40	17505
3	29.1238	45	17715
3	29.3415	50	17950
3	29.5812	55	18210
3	29.8439	60	18495
3	30.1318	65	18805
3	30.4457	70	19140
3	30.55	35	19252
3	30.6	37	19305
3	30.65	38	19328
3	30.7	38	19352
3	30.75	39	19377
3	30.7837	40	19402
3	30.85	41	19449
3	30.9	42	19486
3	30.95	42	19519
3	31	21	19554
3	31	21	19554
3	31.05	23	19588
3	31.1	24	19605
3	31.1418	25	19623
3	31.15	25	19631
3	31.2	13	19658
3	31.2344	15	19672
3	31.3	8	19692
3	31.3237	10	19701
3	31.35	5	19705
3	31.4	3	19713
3	31.412	5	19717
3	31.45	2	19719
3	31.4966	5	19726
3	31.55	3	19735
3	31.5822	5	19739
3	31.7542	10	19774
3	31.9589	15	19834
3	32.1402	20	19919
3	32.3449	25	20029
3	32.5496	30	20164
3	33.5959	10	20170
3	33.6377	15	20175
3	33.6421	20	20180
3	33.6795	25	20185
3	33.8555	30	20296
3	34.0689	35	20456
3	34.2823	40	20641
3	34.4958	45	20851
3	34.7099	50	21086
3	34.9404	55	21346
3	35.193	60	21631
3	35.4678	65	21941
3	35.7647	70	22276
3	36.0838	75	22636
3	36.1	37	22655
3	36.15	39	22711
3	36.1912	40	22732
3	36.2	40	22736
3	36.25	40	22761
3	36.35	42	22824
3	36.4	43	22862
3	36.45	44	22902
3	36.5	44	22936
3	36.5132	45	22942
3	36.55	45	22972
3	36.6	23	23016
3	36.6216	25	23040
3	36.65	25	23054
3	36.75	27	23097
3	36.8	14	23121
3	36.8022	15	23121
3	36.85	16	23143
3	36.9	8	23156
3	36.9234	10	23165
3	37	5	23177
3	37.05	3	23186
3	37.0723	5	23190
3	37.1	2	23192
3	37.1666	5	23199
3	37.38	10	23234
3	37.5934	15	23294
3	37.8068	20	23379
3	38.0203	25	23489
3	38.2337	30	23624
3	38.4471	35	23784
3	38.6605	40	23969
3	38.8739	45	24179
3	39.088	50	24414
3	39.3185	55	24674
3	39.5711	60	24959
3	39.8459	65	25269
3	40.1428	70	25604
3	40.4619	75	25964
3	40.5	37	26007
3	40.55	39	26064
3	40.5906	40	26084
3	40.6	40	26088
3	40.65	40	26113
3	40.7	41	26140
3	40.75	42	26178
3	40.8	43	26217
3	40.85	44	26257
3	40.9054	45	26294
3	40.95	45	26330
3	41	23	26375
3	41.0218	25	26399
3	41.05	25	26413
3	41.1	26	26431
3	41.15	27	26455
3	41.25	14	26512
3	41.2505	15	26512
3	41.3	16	26536
3	41.35	17	26550
3	41.4	9	26565
3	41.4045	10	26565
3	41.5	6	26593
3	41.5919	10	26617
3	41.8053	15	26677
3	42.0187	20	26762
3	42.2321	25	26872
3	42.4455	30	27007
3	42.6606	35	27167
3	42.874	40	27352
3	43.0874	45	27562
3	43.3016	50	27797
3	43.5321	55	28057
3	43.7847	60	28342
3	44.0595	65	28652
3	44.3564	70	28987
3	44.6755	75	29347
3	44.7	37	29375
3	44.75	39	29432
3	44.7882	40	29452
3	45.0861	45	29662
3	45.2	23	29748
3	45.2338	25	29772
3	45.25	25	29783
3	45.3	26	29798
3	45.35	26	29817
3	45.4	27	29836
3	45.4	27	29836
3	45.45	14	29866
3	45.4507	15	29866
3	45.5	16	29888
3	45.55	8	29901
3	45.5752	10	29910
3	45.6	10	29915
3	45.65	5	29923
3	45.7	3	29933
3	45.7197	5	29937
3	45.9331	10	29972
3	46.1465	15	30032
3	46.3599	20	30117
3	46.5733	25	30227
3	47.65	2	30249
3	47.65	2	30249
3	47.65	2	30249
3	47.65	2	30249
3	47.65	2	30249
3	47.65	2	30249
3	47.65	2	30249
3	47.65	2	30249
3	47.65	2	30249
3	47.65	2	30249
3	47.65	2	30249
3	47.65	2	30249
3	47.65	2	30249
3	47.65	2	30249
3	47.6752	5	30256
3	47.7817	10	30291
3	47.9439	15	30351
3	48.1115	20	30436
3	48.2836	25	30546
3	48.4726	30	30681
3	48.654	35	30841
3	48.8428	40	31026
3	49.0387	45	31236
3	49.2564	50	31471
3	49.4972	55	31731
3	49.7612	60	32016
3	50.0484	65	32326
3	50.35	34	32652
3	50.3504	35	32652
3	50.4	36	32706
3	50.45	37	32732
3	50.5	37	32758
3	50.55	38	32787
3	50.6	39	32825
3	50.6117	40	32837
3	50.65	40	32865
3	50.7	41	32906
3	50.75	21	32945
3	50.8	23	32982
3	50.85	24	33001
3	50.8704	25	33014
3	50.9	25	33022
3	50.95	13	33054
3	50.9634	15	33068
3	51	15	33079
3	51.1	8	33114
3	51.1142	10	33123
3	51.15	10	33132
3	51.2	6	33148
3	51.25	4	33163
3	51.2565	5	33163
3	51.3	3	33175
3	51.3212	5	33179
3	51.4487	10	33214
3	51.5915	15	33274
3	51.759	20	33359
3	51.9493	25	33469
3	52.1261	30	33604
3	52.3094	35	33764
3	52.5002	40	33949
3	52.6969	45	34159
3	52.9147	50	34394
3	53.1556	55	34654
3	53.4196	60	34939
3	53.7068	65	35249
3	54.0171	70	35584
3	54.35	37	35944
3	54.4	39	35998
3	54.4379	40	36021
3	54.45	40	36034
3	54.5	41	36067
3	54.55	41	36101
3	54.6	42	36143
3	54.65	43	36187
3	54.6982	45	36231
3	54.7	22	36233
3	54.75	24	36274
3	54.7729	25	36280
3	54.8	25	36295
3	54.85	26	36318
3	54.85	26	36318
3	54.9	27	36352
3	54.95	14	36389
3	54.9506	15	36389
3	55	16	36420
3	55.1172	20	36474
3	55.15	10	36487
3	55.252	15	36537
3	55.35	8	36578
3	55.3703	10	36587
3	55.5095	15	36647
3	55.6805	20	36732
3	55.8554	25	36842
3	56.0459	30	36977
3	56.23	35	37137
3	56.4191	40	37322
3	56.616	45	37532
3	56.8337	50	37767
3	57.0746	55	38027
3	57.3386	60	38312
3	57.6258	65	38622
3	57.9362	70	38957
3	58.25	37	39296
3	58.3	39	39350
3	58.3365	40	39373
3	58.35	40	39387
3	58.4	41	39422
3	58.45	42	39457
3	58.5	43	39501
3	58.55	44	39547
3	58.5897	45	39583
3	58.6	22	39593
3	58.65	24	39635
3	58.6706	25	39640
3	58.7	25	39657
3	58.75	26	39682
3	58.8	27	39717
3	58.85	14	39753
3	58.8502	15	39753
3	58.9	16	39784
3	58.95	9	39803
3	58.9619	10	39803
3	59	6	39825
3	59.0642	10	39849
3	59.228	15	39909
3	59.3955	20	39994
3	59.5676	25	40104
3	59.7471	30	40239
3	60.9	5	40332
3	60.9	5	40332
3	60.9	5	40332
3	60.9	5	40332
3	60.9	5	40332
3	60.9	5	40332
3	60.9	5	40332
3	60.9054	10	40336
3	60.9245	15	40341
3	60.9464	20	40346
3	60.951	25	40351
3	61.112	30	40462
3	61.2935	35	40622
3	61.4823	40	40807
3	61.6781	45	41017
3	61.8958	50	41252
3	62.1367	55	41512
3	62.4007	60	41797
3	62.6879	65	42107
3	62.95	34	42390
3	62.9501	35	42390
3	63	36	42444
3	63.05	37	42482
3	63.1	38	42514
3	63.15	39	42551
3	63.1731	40	42575
3	63.2	40	42595
3	63.3	21	42690
3	63.35	23	42730
3	63.35	23	42730
3	63.4114	25	42759
3	63.6208	30	42894
3	63.8	17	43033
3	63.85	19	43069
3	63.8684	20	43070
3	63.9	10	43091
3	63.95	6	43116
3	64.0135	10	43140
3	64.1773	15	43200
3	64.3448	20	43285
3	64.5169	25	43395
3	64.6946	30	43530
3	64.8788	35	43690
3	65.0706	40	43875
3	65.2664	45	44085
3	65.4841	50	44320
3	65.725	55	44580
3	65.989	60	44865
3	66.2762	65	45175
3	66.55	34	45471
3	66.5504	35	45471
3	66.6	36	45525
3	66.65	37	45551
3	66.7	37	45577
3	66.75	38	45606
3	66.8	39	45644
3	66.8117	40	45656
3	66.85	40	45684
3	66.9	41	45725
3	66.95	21	45764
3	67	23	45801
3	67.05	24	45820
3	67.0703	25	45833
3	67.15	13	45872
3	67.1815	15	45886
3	67.2	15	45896
3	67.25	8	45912
3	67.2732	10	45921
3	67.3	5	45928
3	67.35	3	45939
3	67.3709	5	45943
3	67.45	3	45957
3	67.4626	5	45961
3	67.5	3	45967
3	67.5082	5	45971
3	67.55	3	45979
3	67.571	5	45983
3	67.6985	10	46018
3	67.8552	15	46078
3	68.0227	20	46163
3	68.1992	25	46273
3	68.3759	30	46408
3	68.5592	35	46568
3	68.75	40	46753
3	68.9459	45	46963
3	69.1636	50	47198
3	69.4045	55	47458
3	69.6685	60	47743
3	69.9557	65	48053
3	70.25	34	48371
3	70.2503	35	48371
3	70.3	36	48425
3	70.35	37	48451
3	70.4	37	48477
3	70.45	38	48506
3	70.5	39	48543
3	70.5123	40	48556
3	70.55	40	48582
3	70.6	41	48624
3	70.65	21	48664
3	70.7	23	48701
3	70.75	24	48720
3	70.7719	25	48733
3	70.8	25	48741
3	70.85	13	48771
3	70.8631	15	48785
3	70.95	8	48816
3	70.9869	10	48825
3	71	5	48832
3	71.05	3	48842
3	71.0753	5	48846
3	71.1	2	48851
3	71.1381	5	48858
3	71.15	2	48859
3	71.1809	5	48866
3	71.25	3	48882
3	71.2665	5	48886
3	71.4112	10	48921
3	71.5489	15	48981
3	71.7192	20	49066
3	71.8952	25	49176
3	72.0859	30	49311
3	72.2682	35	49471
3	72.459	40	49656
3	72.6557	45	49866
3	72.8734	50	50101
3	73.1143	55	50361
3	74.2	2	50415
3	74.2	2	50415
3	74.2	2	50415
3	74.2	2	50415
3	74.2	2	50415
3	74.2	2	50415
3	74.2	2	50415
3	74.2	2	50415
3	74.2	2	50415
3	74.2	2	50415
3	74.2	2	50415
3	74.2	2	50415
3	74.2	2	50415
3	74.2	2	50415
3	74.2262	5	50422
3	74.3327	10	50457
3	74.4941	15	50517
3	74.6616	20	50602
3	74.8341	25	50712
3	75.0236	30	50847
3	75.205	35	51007
3	75.395	40	51192
3	75.5923	45	51402
3	75.8101	50	51637
3	76.051	55	51897
3	76.315	60	52182
3	76.6022	65	52492
3	76.9126	70	52827
3	77.2461	75	53187
3	77.25	37	53192
3	77.3	39	53246
3	77.3387	40	53269
3	77.35	40	53282
3	77.4	41	53316
3	77.45	41	53350
3	77.5	42	53390
3	77.55	43	53434
3	77.5984	45	53479
3	77.6	45	53481
3	77.65	23	53530
3	77.65	23	53530
3	77.6775	25	53554
3	77.7	25	53574
3	77.75	26	53598
3	77.8	27	53624
3	77.85	14	53660
3	77.8506	15	53660
3	77.9	16	53690
3	78.0135	20	53745
3	78.15	11	53824
3	78.2278	15	53863
3	78.25	7	53869
3	78.2743	10	53886
3	78.44	15	53946
3	78.6094	20	54031
3	78.7833	25	54141
3	78.9629	30	54276
3	79.1547	35	54436
3	79.3426	40	54621
3	79.5402	45	54831
3	79.758	50	55066
3	79.9988	55	55326
3	80.2628	60	55611
3	80.55	65	55921
3	80.85	34	56245
3	80.8502	35	56245
3	80.9	36	56299
3	80.9	36	56299
3	81.0779	40	56430
3	81.2	21	56528
3	81.3255	25	56597
3	81.4	13	56627
3	81.432	15	56641
3	81.45	15	56649
3	81.5	8	56663
3	81.5265	10	56672
3	81.55	5	56677
3	81.6	3	56686
3	81.6284	5	56690
3	81.65	2	56693
3	81.7	2	56699
3	81.75	2	56705
3	81.8	2	56712
3	81.8215	5	56719
3	81.85	2	56720
3	81.8633	5	56727
3	81.9908	10	56762
3	82.155	15	56822
3	82.3244	20	56907
3	82.4984	25	57017
3	82.6779	30	57152
3	82.8697	35	57312
3	83.0576	40	57497
3	83.2552	45	57707
3	83.473	50	57942
3	83.7138	55	58202
3	83.9778	60	58487
3	84.265	65	58797
3	84.55	34	59105
3	84.5504	35	59105
3	84.6	36	59159
3	84.65	37	59192
3	84.7949	40	59290
3	85.0499	45	59500
3	85.05	22	59501
3	85.1	24	59540
3	85.1263	25	59548
3	85.15	25	59559
3	85.2	26	59584
3	85.25	27	59610
3	85.25	27	59610
3	85.3	14	59644
3	85.3002	15	59644
3	85.35	16	59672
3	85.4	8	59689
3	85.4184	10	59698
3	85.45	10	59708
3	85.5	6	59723
3	85.55	4	59741
3	85.5505	5	59741
3	85.6677	10	59776
3	85.8208	15	59836
3	85.9883	20	59921
3	86.1684	25	60031
3	86.3451	30	60166
3	86.5319	35	60326
3	87.75	5	60498
3	87.75	5	60498
3	87.75	5	60498
3	87.75	5	60498
3	87.75	5	60498
3	87.75	5	60498
3	87.75	5	60498
3	87.75	5	60498
3	87.75	5	60498
3	87.75	5	60498
3	87.75	5	60498
3	87.7565	10	60502
3	87.7745	15	60507
3	87.7789	20	60512
3	87.8	25	60517
3	87.9897	30	60628
3	88.21	35	60788
3	88.4286	40	60973
3	88.6526	45	61183
3	88.8	24	61322
3	88.8	24	61322
3	88.8	24	61322
3	88.8	24	61322
3	88.8	24	61322
3	88.8	24	61322
3	88.8004	25	61322
3	88.9712	30	61457
3	89.1634	35	61617
3	89.364	40	61802
3	89.598	45	62012
3	89.8559	50	62247
3	90.135	55	62507
3	90.4416	60	62792
3	90.5	30	62841
3	90.55	32	62888
3	90.55	32	62888
3	90.6	33	62910
3	90.65	33	62934
3	90.7	34	62965
3	90.7058	35	62971
3	90.75	35	63000
3	90.85	18	63067
3	90.8759	20	63086
3	90.9	20	63097
3	90.95	21	63112
3	91.05	11	63156
3	91.1	13	63175
3	91.15	7	63186
3	91.22	10	63203
3	91.25	5	63206
3	91.3	3	63215
3	91.3056	5	63219
3	91.35	3	63227
3	91.3902	5	63231
3	91.4	2	63234
3	91.45	2	63241
3	91.5139	5	63248
3	91.645	10	63283
3	91.75	6	63319
3	91.818	10	63343
3	91.9818	15	63403
3	92.1492	20	63488
3	92.3213	25	63598
3	92.5006	30	63733
3	92.7089	35	63893
3	92.9301	40	64078
3	93.188	45	64288
3	93.4819	50	64523
3	93.7988	55	64783
3	93.8	27	64785
3	93.85	29	64825
3	93.8947	30	64842
3	93.9	30	64843
3	93.95	30	64862
3	94	31	64882
3	94.05	32	64908
3	94.1	33	64939
3	94.15	17	64972
3	94.2	19	64999
3	94.2336	20	65009
3	94.25	20	65013
3	94.3	20	65029
3	94.4	11	65073
3	94.45	13	65093
3	94.5	7	65105
3	94.55	4	65118
3	94.5637	5	65118
3	94.65	3	65134
3	94.654	5	65138
3	94.7	3	65148
3	94.7386	5	65152
3	94.75	2	65156
3	94.7842	5	65163
3	94.8	2	65164
3	94.827	5	65171
3	94.9572	10	65206
3	95.1237	15	65266
3	95.293	20	65351
3	95.4678	25	65461
3	95.6587	30	65596
3	95.8513	35	65756
3	96.0681	40	65941
3	96.3214	45	66151
3	96.6097	50	66386
3	96.9211	55	66646
3	97	28	66706
3	97.027	30	66735
3	97.05	30	66747
3	97.1	31	66766
3	97.15	31	66787
3	97.2	32	66816
3	97.25	33	66843
3	97.3	17	66868
3	97.35	19	66894
3	97.379	20	66905
3	97.4	20	66907
3	97.45	20	66923
3	97.5	11	66947
3	97.6	7	66975
3	97.65	4	66986
3	97.6649	5	66986
3	97.7	3	66993
3	97.7133	5	66997
3	97.75	2	66998
3	97.7971	5	67005
3	97.8	2	67008
3	97.8808	5	67015
3	97.9	2	67020
3	97.95	2	67027
3	98	2	67034
3	98.0128	5	67041
3	98.1736	10	67076
3	98.3112	15	67136
3	98.4814	20	67221
3	98.6563	25	67331
3	98.8481	30	67466
3	99.0303	35	67626
3	99.2241	40	67811
3	99.4328	45	68021
3	99.6676	50	68256
3	99.9254	55	68516
3	100.203	60	68801
3	100.488	65	69111
3	100.55	33	69178
3	100.581	35	69212
3	100.6	35	69233
3	100.65	36	69261
3	100.7	37	69290
3	100.75	38	69326
3	100.8	39	69367
3	100.84	40	69397
3	100.85	20	69408
3	100.9	22	69444
3	100.95	23	69464
3	101	24	69486
3	101.013	25	69498
3	101.05	12	69517
3	101.1	14	69542
3	101.104	15	69544
3	101.3	20	69629
3	101.4	11	69685
3	101.45	13	69710
3	101.483	15	69724
3	101.5	7	69727
3	101.526	10	69744
3	101.691	15	69804
3	101.859	20	69889
3	102.033	25	69999
3	102.213	30	70134
3	102.405	35	70294
3	102.592	40	70479
3	103.7	5	70581
3	103.7	5	70581
3	103.7	5	70581
3	103.7	5	70581
3	103.7	5	70581
3	103.7	5	70581
3	103.7	5	70581
3	103.7	5	70581
3	103.7	5	70581
3	103.7	5	70581
3	103.7	5	70581
3	103.7	5	70581
3	103.7	5	70581
3	103.7	5	70581
3	103.7	5	70581
3	103.7	5	70581
3	103.7	5	70581
3	103.7	5	70581
3	103.7	5	70581
3	103.7	5	70581
3	103.7	5	70581
3	103.7	5	70581
3	103.7	5	70581
3	103.7	5	70581
3	103.7	5	70581
3	103.7	5	70581
3	103.7	5	70581
3	103.7	5	70581
3	103.7	5	70581
3	103.7	5	70581
3	103.7	5	70581
3	103.7	5	70581
3	103.7	5	70581
3	103.7	5	70581
3	103.7	5	70581
3	103.7	5	70581
3	103.7	5	70581
3	103.7	5	70581
3	103.7	5	70581
3	103.7	5	70581
3	103.7	5	70581
3	103.712	10	70585
3	103.724	15	70590
3	103.733	20	70595
3	103.737	25	70600
3	103.84	30	70711
3	103.982	35	70871
3	104.146	40	71056
3	104.332	45	71266
3	104.541	50	71501
3	104.75	27	71737
3	104.841	30	71794
3	104.85	30	71797
3	104.9	30	71822
3	104.9	30	71822
3	104.95	32	71856
3	105	16	71890
3	105	16	71890
3	105.05	18	71910
3	105.05	18	71910
3	105.1	18	71924
3	105.15	19	71942
3	105.15	19	71942
3	105.162	20	71944
3	105.2	10	71965
3	105.25	12	71981
3	105.3	6	71991
3	105.3	6	71991
3	105.35	4	72000
3	105.355	5	72000
3	105.4	2	72004
3	105.45	3	72005
3	105.5	3	72007
3	105.5	3	72007
3	105.535	5	72011
3	105.55	2	72014
3	105.584	5	72021
3	105.6	2	72026
3	105.627	5	72033
3	105.65	3	72042
3	105.669	5	72046
3	105.7	3	72058
3	105.711	5	72062
3	105.75	3	72079
3	105.755	5	72083
3	105.821	10	72118
3	105.901	15	72178
3	105.985	20	72263
3	106.082	25	72373
3	106.202	30	72508
3	106.344	35	72668
3	106.508	40	72853
3	106.695	45	73063
3	106.903	50	73298
3	107.134	55	73558
3	107.2	28	73632
3	107.226	30	73661
3	107.25	30	73672
3	107.25	30	73672
3	107.3	31	73693
3	107.3	31	73693
3	107.35	31	73721
3	107.35	31	73721
3	107.4	33	73759
3	107.45	17	73800
3	107.45	17	73800
3	107.5	19	73825
3	107.533	20	73837
3	107.55	20	73840
3	107.55	20	73840
3	107.6	10	73866
3	107.65	12	73879
3	107.7	12	73887
3	107.7	12	73887
3	107.75	7	73904
3	107.8	4	73915
3	107.809	5	73915
3	107.85	5	73920
3	107.9	3	73927
3	107.938	5	73931
3	107.95	2	73933
3	107.95	2	73933
3	108	2	73939
3	108.025	5	73946
3	108.05	3	73954
3	108.067	5	73958
3	108.1	3	73968
3	108.11	5	73972
3	108.15	3	73985
3	108.154	5	73989
3	108.2	4	74013
3	108.201	5	74013
3	108.265	10	74048
3	108.347	15	74108
3	108.433	20	74193
3	108.53	25	74303
3	108.65	30	74438
3	108.792	35	74598
3	108.956	40	74783
3	109.143	45	74993
3	109.351	50	75228
3	109.582	55	75488
3	109.65	28	75565
3	109.676	30	75594
3	109.7	30	75604
3	109.7	30	75604
3	109.75	31	75626
3	109.75	31	75626
3	109.8	31	75653
3	109.8	31	75653
3	109.85	33	75692
3	109.9	17	75733
3	109.9	17	75733
3	109.95	19	75758
3	109.983	20	75770
3	110	20	75773
3	110	20	75773
3	110.05	10	75799
3	110.1	12	75812
3	110.15	12	75820
3	110.15	12	75820
3	110.2	7	75837
3	110.25	4	75848
3	110.26	5	75848
3	110.3	5	75853
3	110.35	3	75860
3	110.389	5	75864
3	110.4	2	75866
3	110.4	2	75866
3	110.45	2	75872
3	110.475	5	75879
3	110.5	3	75887
3	110.518	5	75891
3	110.55	3	75901
3	110.561	5	75905
3	110.6	3	75918
3	110.604	5	75922
3	110.65	4	75945
3	110.651	5	75945
3	110.715	10	75980
3	110.797	15	76040
3	110.882	20	76125
3	110.98	25	76235
3	111.1	30	76370
3	111.242	35	76530
3	111.406	40	76715
3	111.592	45	76925
3	111.801	50	77160
3	112.032	55	77420
3	112.1	28	77497
3	112.1	28	77497
3	112.126	30	77526
3	112.15	30	77538
3	112.2	31	77559
3	112.2	31	77559
3	112.25	32	77588
3	112.25	32	77588
3	112.3	33	77626
3	112.35	17	77666
3	112.35	17	77666
3	112.4	19	77691
3	112.432	20	77703
3	112.45	20	77707
3	112.45	20	77707
3	112.5	10	77732
3	112.55	12	77745
3	112.6	12	77753
3	112.6	12	77753
3	112.65	7	77770
3	112.7	4	77781
3	112.708	5	77781
3	112.75	5	77786
3	112.8	3	77793
3	112.838	5	77797
3	112.85	2	77799
3	112.85	2	77799
3	112.9	2	77805
3	112.924	5	77812
3	112.95	3	77820
3	112.967	5	77824
3	113	3	77834
3	113.009	5	77838
3	113.05	3	77852
3	113.054	5	77856
3	113.1	4	77879
3	113.1	5	77879
3	113.165	10	77914
3	113.246	15	77974
3	113.332	20	78059
3	113.43	25	78169
3	113.549	30	78304
3	113.692	35	78464
3	113.856	40	78649
3	114.042	45	78859
3	114.251	50	79094
3	114.481	55	79354
3	114.55	28	79432
3	114.55	28	79432
3	114.576	30	79461
3	114.6	30	79472
3	114.65	31	79494
3	114.65	31	79494
3	114.7	31	79522
3	114.7	31	79522
3	114.75	33	79561
3	114.8	17	79601
3	114.8	17	79601
3	114.85	19	79626
3	114.883	20	79638
3	114.9	20	79642
3	114.9	20	79642
3	114.95	10	79667
3	115	12	79680
3	115.05	12	79688
3	115.05	12	79688
3	115.1	7	79705
3	115.15	4	79716
3	115.159	5	79716
3	115.2	5	79721
3	115.25	3	79728
3	115.288	5	79732
3	115.3	2	79734
3	115.3	2	79734
3	115.35	2	79740
3	115.374	5	79747
3	115.4	3	79755
3	115.417	5	79759
3	115.45	3	79769
3	115.46	5	79773
3	115.5	3	79787
3	115.504	5	79791
3	115.55	4	79814
3	115.55	5	79814
3	115.615	10	79849
3	115.697	15	79909
3	115.782	20	79994
3	115.88	25	80104
3	116	30	80239
3	116.142	35	80399
3	116.306	40	80584
3	117.4	4	80668
3	117.4	4	80668
3	117.4	4	80668
3	117.4	4	80668
3	117.4	4	80668
3	117.4	4	80668
3	117.4	4	80668
3	117.4	4	80668
3	117.4	4	80668
3	117.4	4	80668
3	117.4	4	80668
3	117.4	4	80668
3	117.4	4	80668
3	117.4	4	80668
3	117.4	4	80668
3	117.4	4	80668
3	117.4	4	80668
3	117.4	4	80668
3	117.4	4	80668
3	117.4	4	80668
3	117.4	4	80668
3	117.4	4	80668
3	117.4	4	80668
3	117.4	4	80668
3	117.4	4	80668
3	117.4	4	80668
3	117.4	4	80668
3	117.4	4	80668
3	117.4	4	80668
3	117.401	5	80668
3	117.464	10	80703
3	117.526	15	80763
3	117.6	20	80848
3	117.694	25	80958
3	117.809	30	81093
3	117.946	35	81253
3	118.104	40	81438
3	118.283	45	81648
3	118.483	50	81883
3	118.705	55	82143
3	118.75	27	82196
3	118.75	27	82196
3	118.8	29	82239
3	118.8	29	82239
3	118.836	30	82253
3	118.85	30	82264
3	118.85	30	82264
3	118.9	31	82298
3	118.9	31	82298
3	118.95	32	82341
3	118.95	32	82341
3	119	17	82391
3	119.05	19	82423
3	119.05	19	82423
3	119.061	20	82428
3	119.1	10	82449
3	119.15	12	82467
3	119.15	12	82467
3	119.2	6	82482
3	119.25	4	82494
3	119.25	4	82494
3	119.254	5	82494
3	119.3	3	82505
3	119.34	5	82509
3	119.35	2	82512
3	119.385	5	82519
3	119.4	2	82520
3	119.427	5	82527
3	119.45	3	82535
3	119.45	3	82535
3	119.469	5	82539
3	119.5	3	82551
3	119.512	5	82555
3	119.55	3	82571
3	119.555	5	82575
3	119.6	4	82599
3	119.6	5	82599
3	119.65	4	82630
3	119.658	5	82630
3	119.7	4	82659
3	119.702	5	82659
3	119.75	4	82694
3	119.75	5	82694
3	119.796	10	82729
3	119.859	15	82789
3	119.933	20	82874
3	120.026	25	82984
3	120.142	30	83119
3	120.278	35	83279
3	120.436	40	83464
3	120.615	45	83674
3	120.816	50	83909
3	121.038	55	84169
3	121.05	27	84184
3	121.1	29	84226
3	121.1	29	84226
3	121.138	30	84241
3	121.15	30	84249
3	121.15	30	84249
3	121.2	31	84280
3	121.2	31	84280
3	121.25	32	84321
3	121.25	32	84321
3	121.3	17	84368
3	121.35	19	84398
3	121.35	19	84398
3	121.363	20	84405
3	121.4	20	84421
3	121.45	11	84454
3	121.45	11	84454
3	121.5	13	84475
3	121.55	7	84492
3	121.55	7	84492
3	121.597	10	84509
3	121.6	5	84511
3	121.65	3	84523
3	121.662	5	84527
3	121.7	2	84532
3	121.7	2	84532
3	121.726	5	84539
3	121.75	3	84547
3	121.768	5	84551
3	121.8	3	84561
3	121.811	5	84565
3	121.85	3	84577
3	121.854	5	84581
3	121.9	4	84605
3	121.901	5	84605
3	121.95	4	84630
3	121.95	4	84630
3	121.956	5	84630
3	122	4	84659
3	122.001	5	84659
3	122.048	10	84694
3	122.05	5	84696
3	122.089	10	84726
3	122.152	15	84786
3	122.226	20	84871
3	122.32	25	84981
3	122.435	30	85116
3	122.571	35	85276
3	122.729	40	85461
3	122.909	45	85671
3	123.109	50	85906
3	123.331	55	86166
3	123.35	27	86189
3	123.4	29	86231
3	123.4	29	86231
3	123.438	30	86246
3	123.45	30	86254
3	123.45	30	86254
3	123.5	31	86285
3	123.5	31	86285
3	123.55	32	86326
3	123.55	32	86326
3	123.6	17	86373
3	123.65	19	86403
3	123.65	19	86403
3	123.663	20	86410
3	123.7	20	86426
3	123.7	20	86426
3	123.75	11	86460
3	123.8	13	86482
3	123.8	13	86482
3	123.842	15	86499
3	123.85	7	86501
3	123.897	10	86518
3	123.9	5	86520
3	123.95	3	86533
3	123.95	3	86533
3	123.97	5	86537
3	124	3	86543
3	124.012	5	86547
3	124.05	3	86557
3	124.057	5	86561
3	124.1	3	86576
3	124.117	5	86580
3	124.15	3	86593
3	124.16	5	86597
3	124.2	3	86613
3	124.2	3	86613
3	124.204	5	86617
3	124.25	4	86645
3	124.25	5	86645
3	124.3	4	86676
3	124.305	5	86676
3	124.35	4	86708
3	124.351	5	86708
3	124.397	10	86743
3	124.459	15	86803
3	124.533	20	86888
3	124.627	25	86998
3	124.742	30	87133
3	124.879	35	87293
3	125.037	40	87478
3	125.216	45	87688
3	125.417	50	87923
3	125.638	55	88183
3	125.65	27	88197
3	125.7	29	88239
3	125.7	29	88239
3	125.738	30	88254
3	125.75	30	88262
3	125.75	30	88262
3	125.8	31	88293
3	125.8	31	88293
3	125.85	32	88335
3	125.85	32	88335
3	125.9	17	88381
3	125.95	19	88411
3	125.95	19	88411
3	125.963	20	88418
3	126	20	88434
3	126.05	11	88467
3	126.05	11	88467
3	126.1	13	88488
3	126.15	7	88506
3	126.15	7	88506
3	126.198	10	88523
3	126.2	5	88524
3	126.25	3	88536
3	126.262	5	88540
3	126.3	2	88545
3	126.3	2	88545
3	126.326	5	88552
3	126.35	3	88560
3	126.368	5	88564
3	126.4	3	88574
3	126.411	5	88578
3	126.45	3	88591
3	126.454	5	88595
3	126.5	4	88618
3	126.5	5	88618
3	126.55	4	88642
3	126.55	4	88642
3	126.554	5	88642
3	126.6	4	88672
3	126.6	5	88672
3	126.648	10	88707
3	126.65	5	88710
3	126.69	10	88740
3	126.753	15	88800
3	126.826	20	88885
3	126.92	25	88995
3	127.035	30	89130
3	127.172	35	89290
3	127.33	40	89475
3	127.509	45	89685
3	127.71	50	89920
3	127.932	55	90180
3	127.95	27	90202
3	128	29	90244
3	128	29	90244
3	128.038	30	90259
3	128.05	30	90267
3	128.05	30	90267
3	128.1	31	90298
3	128.1	31	90298
3	128.15	32	90340
3	128.15	32	90340
3	128.2	17	90386
3	128.25	19	90416
3	128.25	19	90416
3	128.263	20	90423
3	128.3	20	90439
3	128.3	20	90439
3	128.35	11	90474
3	128.4	13	90496
3	128.4	13	90496
3	128.442	15	90513
3	128.45	7	90515
3	128.498	10	90532
3	128.5	5	90534
3	128.55	3	90547
3	128.55	3	90547
3	128.57	5	90551
3	128.6	3	90557
3	128.612	5	90561
3	128.65	3	90571
3	128.657	5	90575
3	128.7	3	90590
3	128.717	5	90594
3	128.75	3	90607
3	128.76	5	90611
3	128.8	3	90627
3	128.8	3	90627
3	128.804	5	90631
3	128.85	4	90659
3	128.85	5	90659
3	128.9	4	90690
3	128.905	5	90690
3	128.95	4	90722
3	128.951	5	90722
3	130	5	90747
3	130	5	90747
3	130	5	90747
3	130	5	90747
3	130	5	90747
3	130	5	90747
3	130	5	90747
3	130	5	90747
3	130	5	90747
3	130	5	90747
3	130	5	90747
3	130	5	90747
3	130	5	90747
3	130	5	90747
3	130	5	90747
3	130	5	90747
3	130.024	10	90751
3	130.029	15	90756
3	130.045	20	90761
3	130.049	25	90766
3	130.239	30	90877
3	130.457	35	91037
3	130.688	40	91222
3	130.931	45	91432
3	131.05	23	91539
3	131.05	23	91539
3	131.05	23	91539
3	131.05	23	91539
3	131.05	23	91539
3	131.08	25	91563
3	131.1	25	91583
3	131.269	30	91698
3	131.472	35	91858
3	131.69	40	92043
3	131.934	45	92253
3	132	23	92313
3	132.033	25	92337
3	132.05	25	92356
3	132.252	30	92472
3	132.471	35	92632
3	132.702	40	92817
3	132.8	21	92899
3	132.8	21	92899
3	132.85	23	92940
3	132.9	24	92965
3	132.914	25	92968
3	132.95	25	92992
3	133	13	93027
3	133.014	15	93041
3	133.182	20	93126
3	133.353	25	93236
3	133.534	30	93371
3	133.718	35	93531
3	133.905	40	93716
3	134.097	45	93926
3	134.31	50	94161
3	134.546	55	94421
3	134.798	60	94706
3	135.073	65	95016
3	135.3	34	95273
3	135.301	35	95273
3	135.45	38	95398
3	135.519	40	95458
3	135.759	45	95668
3	135.9	24	95810
3	135.901	25	95810
3	135.95	26	95855
3	136	27	95879
3	136.05	28	95905
3	136.1	14	95942
3	136.1	15	95942
3	136.15	16	95972
3	136.2	9	95995
3	136.2	10	95995
3	136.25	5	96016
3	136.3	4	96031
3	136.308	5	96031
3	136.414	10	96066
3	136.579	15	96126
3	136.748	20	96211
3	136.922	25	96321
3	137.1	30	96456
3	137.292	35	96616
3	137.479	40	96801
3	137.671	45	97011
3	137.879	50	97246
3	138.11	55	97506
3	138.363	60	97791
3	138.637	65	98101
3	138.934	70	98436
3	139.05	35	98567
3	139.1	37	98624
3	139.15	38	98650
3	139.2	38	98677
3	139.25	39	98708
3	139.258	40	98717
3	139.3	40	98747
3	139.35	41	98789
3	139.4	42	98832
3	139.45	21	98871
3	139.5	23	98909
3	139.55	24	98928
3	139.569	25	98940
3	139.6	25	98950
3	139.65	13	98982
3	139.681	15	98996
3	139.7	15	99007
3	139.8	8	99040
3	139.814	10	99049
3	139.85	10	99058
3	139.9	6	99075
3	139.95	4	99090
3	139.955	5	99090
3	140	3	99102
3	140.022	5	99106
3	140.15	10	99141
3	140.293	15	99201
3	140.46	20	99286
3	140.649	25	99396
3	140.825	30	99531
3	141.008	35	99691
3	141.199	40	99876
3	141.391	45	100086
3	141.599	50	100321
3	141.83	55	100581
3	143.05	2	100830
3	143.05	2	100830
3	143.05	2	100830
3	143.05	2	100830
3	143.05	2	100830
3	143.05	2	100830
3	143.05	2	100830
3	143.05	2	100830
3	143.05	2	100830
3	143.05	2	100830
3	143.05	2	100830
3	143.05	2	100830
3	143.05	2	100830
3	143.05	2	100830
3	143.05	2	100830
3	143.05	2	100830
3	143.05	2	100830
3	143.05	2	100830
3	143.05	2	100830
3	143.05	2	100830
3	143.05	2	100830
3	143.05	2	100830
3	143.05	2	100830
3	143.05	2	100830
3	143.05	2	100830
3	143.05	2	100830
3	143.05	2	100830
3	143.05	2	100830
3	143.05	2	100830
3	143.05	2	100830
3	143.05	2	100830
3	143.05	2	100830
3	143.05	2	100830
3	143.05	2	100830
3	143.05	2	100830
3	143.05	2	100830
3	143.05	2	100830
3	143.05	2	100830
3	143.05	2	100830
3	143.05	2	100830
3	143.05	2	100830
3	143.05	2	100830
3	143.05	2	100830
3	143.05	2	100830
3	143.05	2	100830
3	143.05	2	100830
3	143.05	2	100830
3	143.05	2	100830
3	143.05	2	100830
3	143.05	2	100830
3	143.05	2	100830
3	143.05	2	100830
3	143.05	2	100830
3	143.05	2	100830
3	143.05	2	100830
3	143.05	2	100830
3	143.096	5	100837
3	143.162	10	100872
3	143.309	15	100932
3	143.478	20	101017
3	143.652	25	101127
3	143.831	30	101262
3	144.021	35	101422
3	144.21	40	101607
3	144.407	45	101817
3	144.625	50	102052
3	144.866	55	102312
3	145.13	60	102597
3	145.417	65	102907
3	145.727	70	103242
3	146.05	37	103591
3	146.1	39	103645
3	146.138	40	103668
3	146.15	40	103682
3	146.2	41	103714
3	146.25	41	103748
3	146.3	42	103790
3	146.35	44	103835
3	146.397	45	103878
3	146.4	22	103881
3	146.45	24	103922
3	146.474	25	103928
3	146.5	25	103943
3	146.55	26	103966
3	146.6	27	103998
3	146.65	14	104034
3	146.65	15	104034
3	146.7	16	104063
3	146.75	8	104081
3	146.77	10	104090
3	146.9	6	104136
3	146.98	10	104160
3	147.05	6	104186
3	147.118	10	104210
3	147.279	15	104270
3	147.446	20	104355
3	147.618	25	104465
3	147.797	30	104600
3	147.988	35	104760
3	148.174	40	104945
3	148.37	45	105155
3	148.587	50	105390
3	148.832	55	105650
3	149.096	60	105935
3	149.383	65	106245
3	149.6	34	106480
3	149.601	35	106480
3	149.65	36	106534
3	149.65	36	106534
3	149.8	39	106639
3	149.825	40	106665
3	149.85	40	106682
3	150.062	45	106875
3	150.29	50	107110
3	150.3	25	107121
3	150.35	27	107169
3	150.4	28	107195
3	150.4	28	107195
3	150.45	29	107227
3	150.454	30	107231
3	150.5	15	107266
3	150.55	18	107300
3	150.6	9	107325
3	150.6	10	107325
3	150.746	15	107385
3	150.913	20	107470
3	151.085	25	107580
3	151.263	30	107715
3	151.447	35	107875
3	151.639	40	108060
3	151.835	45	108270
3	152.053	50	108505
3	152.293	55	108765
3	152.557	60	109050
3	152.845	65	109360
3	153.15	34	109690
3	153.15	35	109690
3	153.2	36	109744
3	153.2	36	109744
3	153.25	37	109771
3	153.3	37	109798
3	153.35	38	109830
3	153.406	40	109875
3	153.45	40	109909
3	153.5	41	109950
3	153.55	21	109988
3	153.6	23	110025
3	153.65	24	110044
3	153.669	25	110057
3	153.7	25	110066
3	153.75	13	110098
3	153.781	15	110112
3	153.8	15	110123
3	153.85	8	110140
3	153.873	10	110149
3	153.95	5	110168
3	154	3	110181
3	154.005	5	110185
3	154.05	3	110194
3	154.066	5	110198
3	154.1	3	110204
3	154.109	5	110208
3	154.244	10	110243
3	154.402	15	110303
3	154.569	20	110388
3	154.741	25	110498
3	154.921	30	110633
3	155.103	35	110793
3	156.25	2	110913
3	156.25	2	110913
3	156.25	2	110913
3	156.25	2	110913
3	156.25	2	110913
3	156.25	2	110913
3	156.25	2	110913
3	156.25	2	110913
3	156.25	2	110913
3	156.25	2	110913
3	156.25	2	110913
3	156.25	2	110913
3	156.25	2	110913
3	156.25	2	110913
3	156.25	2	110913
3	156.25	2	110913
3	156.25	2	110913
3	156.25	2	110913
3	156.25	2	110913
3	156.25	2	110913
3	156.25	2	110913
3	156.25	2	110913
3	156.25	2	110913
3	156.25	2	110913
3	156.25	2	110913
3	156.25	2	110913
3	156.25	2	110913
3	156.25	2	110913
3	156.25	2	110913
3	156.25	2	110913
3	156.25	2	110913
3	156.25	2	110913
3	156.292	5	110920
3	156.377	10	110955
3	156.531	15	111015
3	156.698	20	111100
3	156.878	25	111210
3	157.054	30	111345
3	157.237	35	111505
3	157.428	40	111690
3	157.625	45	111900
3	157.841	50	112135
3	158.081	55	112395
3	158.344	60	112680
3	158.629	65	112990
3	158.9	34	113284
3	158.9	35	113284
3	158.95	36	113338
3	159	37	113365
3	159.05	37	113392
3	159.1	38	113422
3	159.15	39	113460
3	159.158	40	113469
3	159.2	40	113500
3	159.3	21	113582
3	159.35	23	113618
3	159.4	24	113637
3	159.421	25	113651
3	159.45	25	113659
3	159.5	13	113690
3	159.533	15	113704
3	159.55	15	113714
3	159.6	8	113730
3	159.624	10	113739
3	159.7	5	113757
3	159.8	4	113786
3	159.801	5	113786
3	159.85	3	113797
3	159.88	5	113801
3	159.9	2	113806
3	159.926	5	113813
3	160.056	10	113848
3	160.222	15	113908
3	160.392	20	113993
3	160.567	25	114103
3	160.758	30	114238
3	160.939	35	114398
3	161.127	40	114583
3	161.323	45	114793
3	161.556	50	115028
3	161.814	55	115288
3	162.098	60	115573
3	162.406	65	115883
3	162.45	32	115928
3	162.5	34	115978
3	162.537	35	115995
3	162.55	35	116001
3	162.6	35	116025
3	162.65	36	116053
3	162.7	37	116088
3	162.75	38	116124
3	162.8	39	116159
3	162.829	40	116180
3	162.85	20	116196
3	162.9	22	116230
3	162.95	23	116248
3	163	24	116271
3	163.018	25	116286
3	163.05	12	116300
3	163.1	14	116323
3	163.126	15	116327
3	163.2	8	116352
3	163.214	10	116361
3	163.25	5	116368
3	163.3	4	116382
3	163.301	5	116382
3	163.35	3	116395
3	163.383	5	116399
3	163.45	3	116415
3	163.469	5	116419
3	163.598	10	116454
3	163.761	15	116514
3	163.929	20	116599
3	164.101	25	116709
3	164.279	30	116844
3	164.463	35	117004
3	164.664	40	117189
3	164.88	45	117399
3	165.124	50	117634
3	165.395	55	117894
3	165.686	60	118179
3	165.9	31	118383
3	165.95	33	118432
3	166	34	118453
3	166.05	34	118476
3	166.06	35	118482
3	166.1	35	118504
3	166.15	36	118538
3	166.2	37	118574
3	166.25	19	118607
3	166.251	20	118607
3	166.3	21	118638
3	166.35	22	118654
3	166.4	11	118672
3	166.5	7	118706
3	166.55	4	118717
3	166.559	5	118717
3	166.6	3	118724
3	166.627	5	118728
3	166.65	2	118729
3	166.7	2	118734
3	166.753	5	118741
3	166.8	3	118752
3	166.838	5	118756
3	166.85	2	118760
3	166.883	5	118767
3	166.9	2	118768
3	166.926	5	118775
3	167.056	10	118810
3	167.223	15	118870
3	167.392	20	118955
3	167.567	25	119065
3	167.758	30	119200
3	167.939	35	119360
3	168.128	40	119545
3	168.336	45	119755
3	168.564	50	119990
3	168.81	55	120250
3	169.076	60	120535
3	169.362	65	120845
3	169.5	33	120995
3	170.546	10	121000
3	170.588	15	121005
3	170.592	20	121010
3	170.63	25	121015
3	170.806	30	121126
3	171.02	35	121286
3	171.234	40	121471
3	171.449	45	121681
3	171.669	50	121916
3	171.91	55	122176
3	172.174	60	122461
3	172.461	65	122771
3	172.772	70	123106
3	173.105	75	123466
3	173.2	38	123569
3	173.237	40	123608
3	173.25	40	123623
3	173.25	40	123623
3	173.25	40	123623
3	173.3	40	123648
3	173.3	40	123648
3	173.35	41	123673
3	173.35	41	123673
3	173.45	43	123740
3	173.5	44	123778
3	173.55	45	123818
3	173.55	45	123819
3	173.6	45	123859
3	173.65	23	123899
3	173.675	25	123923
3	173.75	26	123954
3	173.8	26	123974
3	173.85	14	124003
3	173.85	15	124003
3	173.95	8	124037
3	173.977	10	124046
3	174	10	124050
3	174.05	5	124057
3	174.2	4	124078
3	174.2	4	124078
3	174.205	5	124078
3	174.411	10	124113
3	174.625	15	124173
3	174.839	20	124258
3	175.053	25	124368
3	175.267	30	124503
3	175.481	35	124663
3	175.695	40	124848
3	175.909	45	125058
3	176.13	50	125293
3	176.371	55	125553
3	176.635	60	125838
3	176.923	65	126148
3	177.233	70	126483
3	177.566	75	126843
3	177.8	39	127096
3	177.801	40	127096
3	177.85	41	127150
3	177.9	41	127174
3	177.95	42	127196
3	178	43	127221
3	178.05	43	127252
3	178.1	44	127288
3	178.132	45	127306
3	178.15	45	127326
3	178.2	46	127361
3	178.25	46	127396
3	178.3	23	127434
3	178.322	25	127458
3	178.35	25	127470
3	178.4	26	127485
3	178.4	26	127485
3	178.45	26	127506
3	178.5	27	127533
3	178.55	28	127558
3	178.6	14	127587
3	178.605	15	127587
3	178.65	16	127612
3	178.7	17	127625
3	178.75	9	127640
3	178.755	10	127640
3	178.8	5	127657
3	178.938	10	127687
3	179.152	15	127747
3	179.366	20	127832
3	179.58	25	127942
3	179.794	30	128077
3	180.008	35	128237
3	180.222	40	128422
3	180.436	45	128632
3	180.656	50	128867
3	180.897	55	129127
3	181.161	60	129412
3	181.448	65	129722
3	181.759	70	130057
3	182	36	130318
3	182.05	38	130372
3	182.1	39	130396
3	182.169	40	130432
3	182.2	40	130445
3	182.25	41	130479
3	182.25	41	130479
3	182.3	42	130516
3	182.35	42	130555
3	182.45	22	130626
3	182.5	24	130661
3	182.525	25	130673
3	182.55	25	130677
3	182.6	25	130698
3	182.65	13	130726
3	182.687	15	130740
3	182.75	16	130758
3	182.8	16	130770
3	182.85	8	130783
3	182.862	10	130792
3	182.9	10	130798
3	183	6	130826
3	183.119	10	130850
3	183.333	15	130910
3	183.547	20	130995
3	184.75	5	131079
3	184.75	5	131079
3	184.75	5	131079
3	184.75	5	131079
3	184.75	5	131079
3	184.75	5	131079
3	184.75	5	131079
3	184.75	5	131079
3	184.75	5	131079
3	184.75	5	131079
3	184.75	5	131079
3	184.75	5	131079
3	184.75	5	131079
3	184.75	5	131079
3	184.761	10	131083
3	184.774	15	131088
3	184.781	20	131093
3	184.803	25	131098
3	184.958	30	131209
3	185.158	35	131369
3	185.358	40	131554
3	185.558	45	131764
3	185.777	50	131999
3	185.8	25	132025
3	185.8	25	132025
3	185.928	30	132135
3	186.119	35	132295
3	186.307	40	132480
3	186.503	45	132690
3	186.721	50	132925
3	186.962	55	133185
3	187.226	60	133470
3	187.513	65	133780
3	187.8	34	134090
3	187.8	35	134090
3	187.85	36	134144
3	187.9	37	134169
3	187.95	37	134195
3	188.063	40	134275
3	188.349	45	134485
3	188.35	22	134487
3	188.4	24	134522
3	188.433	25	134534
3	188.45	25	134539
3	188.5	25	134557
3	188.55	26	134579
3	188.6	27	134607
3	188.6	27	134607
3	188.65	14	134639
3	188.65	14	134639
3	188.65	15	134639
3	188.7	16	134664
3	188.7	16	134664
3	188.75	8	134683
3	188.75	8	134683
3	188.773	10	134692
3	188.8	5	134703
3	188.8	5	134703
3	188.903	10	134733
3	189.045	15	134793
3	189.213	20	134878
3	189.387	25	134988
3	189.579	30	135123
3	189.761	35	135283
3	189.962	40	135468
3	190.179	45	135678
3	190.41	50	135913
3	190.652	55	136173
3	190.916	60	136458
3	191.203	65	136768
3	191.4	34	136981
3	191.401	35	136981
3	191.55	38	137103
3	191.6	39	137139
3	191.626	40	137166
3	191.65	40	137182
3	191.7	20	137226
3	191.75	22	137264
3	191.8	23	137285
3	191.858	25	137316
3	191.9	12	137340
3	191.95	14	137365
3	191.955	15	137367
3	192.15	20	137452
3	192.3	11	137535
3	192.35	7	137561
3	192.391	10	137578
3	192.4	5	137579
3	192.503	10	137609
3	192.644	15	137669
3	192.812	20	137754
3	193.003	25	137864
3	193.18	30	137999
3	193.364	35	138159
3	193.555	40	138344
3	193.75	45	138554
3	193.968	50	138789
3	194.209	55	139049
3	194.473	60	139334
3	194.76	65	139644
3	195.07	70	139979
3	195.1	35	140011
3	195.15	37	140065
3	195.2	38	140091
3	195.25	38	140117
3	195.3	39	140146
3	195.314	40	140161
3	195.35	40	140184
3	195.45	42	140264
3	195.5	21	140302
3	195.5	21	140302
3	195.55	23	140339
3	195.6	24	140357
3	195.624	25	140371
3	195.65	25	140377
3	195.75	13	140436
3	195.783	15	140450
3	195.8	15	140460
3	195.85	16	140475
3	195.9	8	140491
3	195.9	8	140491
3	195.915	10	140500
3	196	6	140525
3	196.05	4	140542
3	196.053	5	140542
3	196.1	3	140555
3	196.123	5	140559
3	196.251	10	140594
3	196.39	15	140654
3	196.561	20	140739
3	196.752	25	140849
3	196.928	30	140984
3	197.112	35	141144
3	198.15	2	141162
3	198.15	2	141162
3	198.15	2	141162
3	198.15	2	141162
3	198.15	2	141162
3	198.15	2	141162
3	198.15	2	141162
3	198.15	2	141162
3	198.15	2	141162
3	198.15	2	141162
3	198.15	2	141162
3	198.15	2	141162
3	198.15	2	141162
3	198.15	2	141162
3	198.15	2	141162
3	198.15	2	141162
3	198.15	2	141162
3	198.15	2	141162
3	198.15	2	141162
3	198.15	2	141162
3	198.15	2	141162
3	198.15	2	141162
3	198.15	2	141162
3	198.15	2	141162
3	198.15	2	141162
3	198.15	2	141162
3	198.15	2	141162
3	198.15	2	141162
3	198.15	2	141162
3	198.15	2	141162
3	198.192	5	141169
3	198.277	10	141204
3	198.432	15	141264
3	198.599	20	141349
3	198.778	25	141459
3	198.955	30	141594
3	199.141	35	141754
3	199.329	40	141939
3	199.526	45	142149
3	199.743	50	142384
3	199.984	55	142644
