5	1.04647	10	4
5	1.08924	15	9
5	1.09387	20	14
5	1.1329	25	19
5	1.31904	30	130
5	1.55733	35	290
5	1.78061	40	475
5	2.00588	45	685
5	2.1	23	777
5	2.1	23	777
5	2.12772	25	801
5	2.34174	30	936
5	2.55575	35	1096
5	2.76977	40	1281
5	2.99337	45	1491
5	3.2413	50	1726
5	3.49636	55	1986
5	3.76119	60	2271
5	4.04837	65	2581
5	4.35872	70	2916
5	4.45	35	3015
5	4.6	38	3115
5	4.69409	40	3165
5	4.7	40	3172
5	5.00576	45	3375
5	5.1	23	3444
5	5.13231	25	3468
5	5.15	25	3476
5	5.2	25	3490
5	5.2	25	3490
5	5.25	26	3505
5	5.25	26	3505
5	5.3	27	3527
5	5.3	27	3527
5	5.35	14	3556
5	5.35	14	3556
5	5.35003	15	3556
5	5.4	16	3578
5	5.4	16	3578
5	5.45	8	3594
5	5.47474	10	3603
5	5.6	6	3630
5	5.69856	10	3654
5	5.91257	15	3714
5	6.12659	20	3799
5	6.34061	25	3909
5	6.55462	30	4044
5	6.76864	35	4204
5	6.98265	40	4389
5	7.19667	45	4599
5	7.41568	50	4834
5	7.65654	55	5094
5	7.92057	60	5379
5	8.20775	65	5689
5	8.51809	70	6024
5	8.75	36	6275
5	8.8	38	6329
5	8.85	39	6353
5	8.9	39	6377
5	8.91979	40	6389
5	8.95	40	6403
5	9	41	6438
5	9.05	42	6475
5	9.1	43	6514
5	9.2	22	6586
5	9.25	24	6621
5	9.2803	25	6633
5	9.3	25	6637
5	9.35	25	6658
5	9.4	13	6686
5	9.43713	15	6700
5	9.5	16	6718
5	9.55	16	6730
5	9.6	8	6743
5	9.61205	10	6752
5	9.7	5	6772
5	9.75	3	6781
5	9.78327	5	6785
5	9.99728	10	6820
5	10.2113	15	6880
5	10.4253	20	6965
5	10.6393	25	7075
5	10.8533	30	7210
5	11.0674	35	7370
5	11.2814	40	7555
5	11.4954	45	7765
5	11.7144	50	8000
5	11.9553	55	8260
5	12.2193	60	8545
5	12.5065	65	8855
5	12.8168	70	9190
5	13.05	36	9442
5	13.1	38	9496
5	13.15	39	9520
5	13.2	39	9544
5	13.2194	40	9556
5	13.25	40	9570
5	13.3	41	9605
5	13.35	42	9643
5	13.4	43	9682
5	13.5	22	9753
5	13.55	24	9788
5	13.5803	25	9800
5	13.6	25	9804
5	13.65	25	9825
5	13.7	13	9853
5	13.7368	15	9867
5	13.8	16	9885
5	13.85	16	9897
5	13.9	8	9910
5	13.9117	10	9919
5	14	5	9939
5	14.05	3	9948
5	14.0829	5	9952
5	14.2969	10	9987
5	14.5109	15	10047
5	15.65	2	10083
5	15.65	2	10083
5	15.7129	5	10090
5	15.8821	10	10125
5	16.0678	15	10185
5	16.2626	20	10270
5	16.4673	25	10380
5	16.6632	30	10515
5	16.8606	35	10675
5	17.0689	40	10860
5	17.2949	45	11070
5	17.5431	50	11305
5	17.8143	55	11565
5	18.1149	60	11850
5	18.4448	65	12160
5	18.45	32	12166
5	18.5	34	12214
5	18.55	34	12233
5	18.5689	35	12233
5	18.6	35	12253
5	18.65	36	12275
5	18.7	37	12305
5	18.75	37	12338
5	18.8	38	12373
5	18.85	39	12404
5	18.873	40	12418
5	18.9	20	12436
5	18.95	22	12468
5	19	23	12484
5	19.0923	25	12526
5	19.1	12	12534
5	19.15	14	12554
5	19.1825	15	12561
5	19.2	15	12565
5	19.25	8	12578
5	19.268	10	12587
5	19.35	5	12603
5	19.4	3	12614
5	19.4327	5	12618
5	19.45	2	12622
5	19.5173	5	12629
5	19.6874	10	12664
5	19.8663	15	12724
5	20.0697	20	12809
5	20.2744	25	12919
5	20.4791	30	13054
5	20.6713	35	13214
5	20.876	40	13399
5	21.0905	45	13609
5	21.3298	50	13844
5	21.5917	55	14104
5	21.8766	60	14389
5	22.1835	65	14699
5	22.3	33	14818
5	22.3352	35	14852
5	22.35	35	14869
5	22.4	36	14891
5	22.45	36	14915
5	22.5	37	14941
5	22.55	38	14976
5	22.6382	40	15037
5	22.7	20	15083
5	22.75	22	15115
5	22.8	23	15130
5	22.85	23	15147
5	22.9	24	15173
5	22.9004	25	15173
5	22.95	13	15201
5	22.986	15	15215
5	23.05	8	15235
5	23.0752	10	15244
5	23.1	5	15248
5	23.15	3	15256
5	23.1626	5	15260
5	23.2	2	15262
5	23.2473	5	15269
5	23.25	2	15272
5	23.331	5	15279
5	23.5011	10	15314
5	23.6777	15	15374
5	23.8834	20	15459
5	24.0881	25	15569
5	24.2928	30	15704
5	24.485	35	15864
5	24.6897	40	16049
5	24.9026	45	16259
5	25.1374	50	16494
5	25.3947	55	16754
5	25.675	60	17039
5	25.981	65	17349
5	26.15	33	17528
5	26.1813	35	17562
5	26.2	35	17582
5	26.25	36	17606
5	26.3	36	17632
5	26.35	37	17662
5	26.4	38	17698
5	26.4607	40	17747
5	26.5	40	17777
5	26.55	20	17815
5	26.6	22	17850
5	26.65	23	17868
5	26.7	24	17888
5	26.7164	25	17905
5	26.75	12	17918
5	26.8	14	17941
5	26.8255	15	17945
5	27.0394	20	18030
5	27.05	10	18039
5	27.15	6	18072
5	27.2514	10	18096
5	27.4253	15	18156
5	27.63	20	18241
5	27.8149	25	18351
5	28.0196	30	18486
5	28.2243	35	18646
5	28.429	40	18831
5	28.6339	45	19041
5	28.8509	50	19276
5	29.0901	55	19536
5	29.3521	60	19821
5	29.6423	65	20131
5	30.7	5	20166
5	30.7	5	20166
5	30.7	5	20166
5	30.7	5	20166
5	30.7	5	20166
5	30.7	5	20166
5	30.7	5	20166
5	30.7	5	20166
5	30.7	5	20166
5	30.7	5	20166
5	30.7	5	20166
5	30.7	5	20166
5	30.7	5	20166
5	30.7	5	20166
5	30.7	5	20166
5	30.7	5	20166
5	30.7	5	20166
5	30.7	5	20166
5	30.7	5	20166
5	30.7	5	20166
5	30.7	5	20166
5	30.7	5	20166
5	30.7	5	20166
5	30.7	5	20166
5	30.7	5	20166
5	30.7192	10	20170
5	30.7245	15	20175
5	30.74	20	20180
5	30.7444	25	20185
5	30.913	30	20296
5	31.1131	35	20456
5	31.3063	40	20641
5	31.5147	45	20851
5	31.7449	50	21086
5	31.75	25	21092
5	31.75	25	21092
5	31.883	30	21202
5	32.0765	35	21362
5	32.2701	40	21547
5	32.4674	45	21757
5	32.6834	50	21992
5	32.75	25	22065
5	32.8765	30	22175
5	33.0674	35	22335
5	33.2533	40	22520
5	33.4618	45	22730
5	33.6934	50	22965
5	33.9452	55	23225
5	34.22	60	23510
5	34.5177	65	23820
5	34.6	33	23906
5	34.6314	35	23940
5	34.65	35	23959
5	34.7	36	23983
5	34.75	36	24009
5	34.8	37	24041
5	34.85	38	24078
5	34.9	39	24117
5	34.9174	40	24125
5	34.95	20	24155
5	35	22	24189
5	35.1	24	24226
5	35.1255	25	24245
5	35.15	12	24255
5	35.2	14	24277
5	35.2283	15	24282
5	35.25	15	24290
5	35.3	8	24307
5	35.3175	10	24316
5	35.4	5	24336
5	35.5	4	24362
5	35.5011	5	24362
5	35.55	3	24373
5	35.5732	5	24377
5	35.6	2	24382
5	35.6195	5	24389
5	35.7497	10	24424
5	35.9154	15	24484
5	36.0846	20	24569
5	36.2596	25	24679
5	36.4504	30	24814
5	36.6316	35	24974
5	36.8202	40	25159
5	37.0197	45	25369
5	37.2394	50	25604
5	37.4823	55	25864
5	37.7467	60	26149
5	38.0316	65	26459
5	38.25	34	26697
5	38.2504	35	26697
5	38.3	36	26751
5	38.35	37	26779
5	38.4	38	26807
5	38.45	38	26840
5	38.5	39	26879
5	38.5029	40	26882
5	38.55	40	26920
5	38.65	21	27005
5	38.7	23	27042
5	38.75	24	27062
5	38.7687	25	27074
5	38.85	13	27117
5	38.8823	15	27131
5	38.9	15	27141
5	38.95	8	27157
5	38.9725	10	27166
5	39	5	27173
5	39.1	4	27195
5	39.1007	5	27195
5	39.2	4	27222
5	39.2236	5	27222
5	39.25	3	27234
5	39.2736	5	27238
5	39.4019	10	27273
5	39.5657	15	27333
5	39.7331	20	27418
5	39.9051	25	27528
5	40.0827	30	27663
5	40.2667	35	27823
5	40.4585	40	28008
5	40.6542	45	28218
5	40.8705	50	28453
5	41.1095	55	28713
5	41.3714	60	28998
5	41.6564	65	29308
5	41.95	34	29628
5	41.9505	35	29628
5	42	36	29682
5	42.05	37	29711
5	42.1	38	29739
5	42.15	38	29771
5	42.2	39	29810
5	42.2035	40	29813
5	42.25	40	29851
5	42.35	21	29937
5	42.4	23	29975
5	42.45	24	29995
5	42.4701	25	30006
5	42.5	25	30017
5	42.55	13	30049
5	42.5674	15	30063
5	42.6	15	30074
5	42.7	9	30114
5	42.7011	10	30114
5	42.75	5	30133
5	42.8	3	30146
5	42.8152	5	30150
5	42.9469	10	30185
5	42.95	5	30189
5	43.0697	10	30219
5	44.1975	10	30253
5	44.2	5	30254
5	44.2	5	30254
5	44.343	10	30284
5	44.537	15	30344
5	44.7417	20	30429
5	44.9247	25	30539
5	45.1294	30	30674
5	45.3341	35	30834
5	45.5399	40	31019
5	45.7614	45	31229
5	46.0051	50	31464
5	46.2716	55	31724
5	46.5665	60	32009
5	46.8845	65	32319
5	46.95	33	32385
5	46.9865	35	32419
5	47	35	32434
5	47.05	36	32458
5	47.1	36	32482
5	47.15	37	32507
5	47.2	38	32542
5	47.25	39	32579
5	47.2887	40	32604
5	47.3	20	32617
5	47.35	22	32649
5	47.4	23	32665
5	47.45	23	32683
5	47.5025	25	32707
5	47.55	13	32734
5	47.5862	15	32748
5	47.6	15	32756
5	47.65	8	32769
5	47.6755	10	32778
5	47.7	5	32783
5	47.8	4	32799
5	47.801	5	32799
5	47.85	3	32813
5	47.8894	5	32817
5	48.0604	10	32852
5	48.2651	15	32912
5	48.4445	20	32997
5	48.6492	25	33107
5	48.8539	30	33242
5	49.0489	35	33402
5	49.263	40	33587
5	49.4979	45	33797
5	49.7552	50	34032
5	50.0437	55	34292
5	50.3515	60	34577
5	50.55	31	34761
5	50.6	33	34808
5	50.65	34	34827
5	50.7	34	34848
5	50.7233	35	34860
5	50.75	35	34872
5	50.8	36	34898
5	50.85	36	34931
5	50.9	37	34966
5	50.95	19	35000
5	50.9512	20	35000
5	51	21	35030
5	51.05	22	35045
5	51.1994	25	35110
5	51.2	12	35111
5	51.25	14	35131
5	51.2832	15	35138
5	51.3	15	35142
5	51.4	8	35169
5	51.4106	10	35178
5	51.45	5	35184
5	51.5	3	35195
5	51.5333	5	35199
5	51.55	2	35203
5	51.618	5	35210
5	51.7882	10	35245
5	51.9653	15	35305
5	52.1704	20	35390
5	52.3751	25	35500
5	52.5798	30	35635
5	52.772	35	35795
5	52.9767	40	35980
5	53.1869	45	36190
5	53.4172	50	36425
5	53.6699	55	36685
5	53.9455	60	36970
5	54.2469	65	37280
5	54.5	34	37553
5	54.5005	35	37553
5	54.55	36	37607
5	54.6	37	37634
5	54.65	37	37661
5	54.7	38	37691
5	54.75	39	37729
5	54.7585	40	37738
5	54.8	40	37769
5	54.85	41	37811
5	54.9	21	37852
5	54.95	23	37889
5	55.0188	25	37921
5	55.05	25	37931
5	55.1	13	37962
5	55.1333	15	37976
5	55.15	15	37986
5	55.3481	20	38061
5	55.4	10	38090
5	55.45	12	38111
5	55.5565	15	38140
5	55.7349	20	38225
5	55.9396	25	38335
5	56.1443	30	38470
5	56.3393	35	38630
5	56.5431	40	38815
5	56.7485	45	39025
5	56.9657	50	39260
5	57.2049	55	39520
5	57.4669	60	39805
5	57.7519	65	40115
5	58.95	5	40332
5	58.95	5	40332
5	58.95	5	40332
5	58.95	5	40332
5	58.95	5	40332
5	58.95	5	40332
5	58.95	5	40332
5	58.95	5	40332
5	58.95	5	40332
5	58.95	5	40332
5	58.95	5	40332
5	58.95	5	40332
5	58.95	5	40332
5	58.95	5	40332
5	58.95	5	40332
5	58.95	5	40332
5	58.95	5	40332
5	58.95	5	40332
5	58.95	5	40332
5	58.95	5	40332
5	58.95	5	40332
5	58.95	5	40332
5	58.95	5	40332
5	58.95	5	40332
5	58.95	5	40332
5	58.95	5	40332
5	58.95	5	40332
5	58.95	5	40332
5	58.95	5	40332
5	58.95	5	40332
5	58.95	5	40332
5	58.95	5	40332
5	58.95	5	40332
5	58.9745	10	40336
5	58.9948	15	40341
5	58.9993	20	40346
5	59.0038	25	40351
5	59.1525	30	40462
5	59.3435	35	40622
5	59.5322	40	40807
5	59.7286	45	41017
5	59.9459	50	41252
5	60.1861	55	41512
5	60.4495	60	41797
5	60.7359	65	42107
5	61	34	42393
5	61.0002	35	42393
5	61.05	36	42447
5	61.1	37	42476
5	61.15	38	42504
5	61.2	38	42537
5	61.25	39	42575
5	61.2529	40	42578
5	61.35	41	42659
5	61.4	21	42701
5	61.5	24	42757
5	61.5199	25	42770
5	61.55	25	42779
5	61.6	13	42810
5	61.6334	15	42824
5	61.65	15	42834
5	61.7	8	42851
5	61.7245	10	42860
5	61.8	5	42878
5	61.85	3	42890
5	61.8548	5	42894
5	61.9	3	42904
5	61.9375	5	42908
5	62	3	42925
5	62.024	5	42929
5	62.1524	10	42964
5	62.3161	15	43024
5	62.4836	20	43109
5	62.6557	25	43219
5	62.8334	30	43354
5	63.0175	35	43514
5	63.2129	40	43699
5	63.422	45	43909
5	63.6572	50	44144
5	63.9153	55	44404
5	64.1982	60	44689
5	64.4996	65	44999
5	64.55	32	45052
5	64.6	34	45104
5	64.6343	35	45119
5	64.65	35	45129
5	64.7	36	45155
5	64.75	36	45187
5	64.8	37	45224
5	64.85	38	45261
5	64.9	39	45301
5	64.9037	40	45304
5	64.95	20	45342
5	65	22	45378
5	65.05	23	45398
5	65.1108	25	45432
5	65.15	12	45453
5	65.2	14	45477
5	65.2183	15	45480
5	65.3	8	45510
5	65.3137	10	45519
5	65.35	5	45527
5	65.4	4	45542
5	65.4002	5	45542
5	65.5	4	45569
5	65.5024	5	45569
5	65.6231	10	45604
5	65.7835	15	45664
5	65.9528	20	45749
5	66.1267	25	45859
5	66.3065	30	45994
5	66.498	35	46154
5	66.6868	40	46339
5	66.8952	45	46549
5	67.1231	50	46784
5	67.372	55	47044
5	67.6439	60	47329
5	67.9343	65	47639
5	68.05	33	47762
5	68.0818	35	47796
5	68.15	36	47840
5	68.2	36	47866
5	68.25	37	47897
5	68.3	38	47934
5	68.35	39	47972
5	68.3594	40	47981
5	68.4	20	48012
5	68.45	22	48046
5	68.5	23	48064
5	68.57	25	48102
5	68.6	12	48112
5	68.65	14	48134
5	68.6772	15	48139
5	68.75	8	48165
5	68.7683	10	48174
5	68.8	5	48180
5	68.85	3	48190
5	68.8639	5	48194
5	68.9	2	48198
5	68.9467	5	48205
5	68.95	2	48209
5	68.9922	5	48216
5	69	2	48219
5	69.0375	5	48226
5	69.1679	10	48261
5	69.3336	15	48321
5	69.5029	20	48406
5	69.678	25	48516
5	69.8687	30	48651
5	70.05	35	48811
5	70.2396	40	48996
5	70.4428	45	49206
5	70.6645	50	49441
5	70.9048	55	49701
5	71.1681	60	49986
5	71.4545	65	50296
5	72.6	2	50415
5	72.6	2	50415
5	72.6	2	50415
5	72.6	2	50415
5	72.6	2	50415
5	72.6	2	50415
5	72.6	2	50415
5	72.6	2	50415
5	72.6	2	50415
5	72.6	2	50415
5	72.6	2	50415
5	72.6	2	50415
5	72.6	2	50415
5	72.6	2	50415
5	72.6264	5	50422
5	72.7329	10	50457
5	72.8946	15	50517
5	73.0621	20	50602
5	73.2342	25	50712
5	73.4238	30	50847
5	73.6061	35	51007
5	73.7951	40	51192
5	73.9922	45	51402
5	74.2101	50	51637
5	74.4509	55	51897
5	74.7149	60	52182
5	75.0021	65	52492
5	75.3125	70	52827
5	75.646	75	53187
5	75.65	37	53192
5	75.7	39	53246
5	75.7385	40	53269
5	75.75	40	53282
5	75.8	41	53316
5	75.85	41	53350
5	75.9	42	53391
5	75.95	43	53435
5	75.9983	45	53479
5	76	45	53481
5	76.05	23	53530
5	76.05	23	53530
5	76.0774	25	53554
5	76.1	25	53574
5	76.15	26	53598
5	76.2	27	53624
5	76.25	14	53660
5	76.2505	15	53660
5	76.3	16	53690
5	76.4	9	53740
5	76.4047	10	53740
5	76.5557	15	53800
5	76.65	9	53850
5	76.6506	10	53850
5	76.8079	15	53910
5	76.9754	20	53995
5	77.1475	25	54105
5	77.3252	30	54240
5	77.5094	35	54400
5	77.7012	40	54585
5	77.8979	45	54795
5	78.1157	50	55030
5	78.3572	55	55290
5	78.6213	60	55575
5	78.9085	65	55885
5	79.15	34	56146
5	79.1502	35	56146
5	79.25	37	56233
5	79.3939	40	56331
5	79.6489	45	56541
5	79.65	22	56543
5	79.7	24	56582
5	79.7261	25	56590
5	79.75	25	56601
5	79.8	26	56625
5	79.85	27	56652
5	79.9	14	56685
5	79.9001	15	56685
5	79.95	16	56712
5	80	8	56728
5	80.0193	10	56737
5	80.05	10	56746
5	80.1	5	56758
5	80.15	4	56774
5	80.15	4	56774
5	80.1505	5	56774
5	80.2742	10	56809
5	80.4208	15	56869
5	80.5883	20	56954
5	80.7604	25	57064
5	80.9489	30	57199
5	81.1312	35	57359
5	81.3221	40	57544
5	81.5186	45	57754
5	81.7363	50	57989
5	81.9772	55	58249
5	82.2412	60	58534
5	82.5284	65	58844
5	82.8	34	59138
5	82.8008	35	59138
5	82.85	36	59192
5	82.9	37	59225
5	83.0454	40	59323
5	83.3	22	59533
5	83.35	24	59571
5	83.3757	25	59580
5	83.4	25	59590
5	83.45	26	59616
5	83.5	13	59643
5	83.5	13	59643
5	83.5143	15	59657
5	83.55	15	59669
5	83.6	16	59687
5	83.65	8	59704
5	83.663	10	59713
5	83.7	10	59723
5	83.75	6	59741
5	83.8	4	59757
5	83.8065	5	59757
5	83.918	10	59792
5	84.0818	15	59852
5	84.2493	20	59937
5	84.4214	25	60047
5	84.5991	30	60182
5	84.7843	35	60342
5	85.95	5	60498
5	85.95	5	60498
5	85.95	5	60498
5	85.95	5	60498
5	85.95	5	60498
5	85.95	5	60498
5	85.95	5	60498
5	85.95	5	60498
5	85.95	5	60498
5	85.95	5	60498
5	85.95	5	60498
5	85.95	5	60498
5	85.95	5	60498
5	85.95	5	60498
5	85.95	5	60498
5	85.95	5	60498
5	85.95	5	60498
5	85.95	5	60498
5	85.95	5	60498
5	85.95	5	60498
5	85.95	5	60498
5	85.95	5	60498
5	85.95	5	60498
5	85.95	5	60498
5	85.95	5	60498
5	85.95	5	60498
5	85.95	5	60498
5	85.95	5	60498
5	85.95	5	60498
5	85.95	5	60498
5	85.95	5	60498
5	85.95	5	60498
5	85.95	5	60498
5	85.95	5	60498
5	85.95	5	60498
5	85.95	5	60498
5	85.95	5	60498
5	85.95	5	60498
5	85.95	5	60498
5	85.95	5	60498
5	85.95	5	60498
5	85.95	5	60498
5	85.95	5	60498
5	85.9745	10	60502
5	85.9924	15	60507
5	85.9969	20	60512
5	86.0013	25	60517
5	86.1771	30	60628
5	86.3864	35	60788
5	86.5958	40	60973
5	86.8123	45	61183
5	87	24	61369
5	87	24	61369
5	87	24	61369
5	87.0024	25	61369
5	87.05	27	61421
5	87.1667	30	61504
5	87.3524	35	61664
5	87.5474	40	61849
5	87.7618	45	62059
5	87.9992	50	62294
5	88.262	55	62554
5	88.5516	60	62839
5	88.85	32	63134
5	88.9	34	63184
5	88.9387	35	63201
5	88.95	35	63208
5	88.95	35	63208
5	89	35	63234
5	89.05	36	63262
5	89.15	38	63338
5	89.2	19	63378
5	89.2009	20	63378
5	89.25	21	63411
5	89.3	22	63428
5	89.35	23	63447
5	89.4	12	63472
5	89.45	14	63494
5	89.4558	15	63499
5	89.5	8	63515
5	89.5358	10	63524
5	89.6	5	63542
5	89.65	3	63554
5	89.666	5	63558
5	89.7	2	63563
5	89.7125	5	63570
5	89.75	2	63573
5	89.7906	5	63580
5	89.9181	10	63615
5	90.0557	15	63675
5	90.2268	20	63760
5	90.4186	25	63870
5	90.5953	30	64005
5	90.7786	35	64165
5	90.9832	40	64350
5	91.2026	45	64560
5	91.4512	50	64795
5	91.7293	55	65055
5	92.0231	60	65340
5	92.2	31	65509
5	92.25	33	65557
5	92.3	34	65580
5	92.35	34	65604
5	92.3632	35	65608
5	92.4	35	65632
5	92.45	36	65663
5	92.5	37	65700
5	92.55	19	65739
5	92.5509	20	65739
5	92.6	21	65771
5	92.65	22	65788
5	92.7	11	65807
5	92.75	13	65827
5	92.8	7	65841
5	92.85	4	65857
5	92.8511	5	65857
5	93	4	65881
5	93.0011	5	65881
5	93.05	3	65890
5	93.0541	5	65894
5	93.1	3	65906
5	93.1388	5	65910
5	93.2	3	65926
5	93.2243	5	65930
5	93.3526	10	65965
5	93.5164	15	66025
5	93.6839	20	66110
5	93.8559	25	66220
5	94.0335	30	66355
5	94.2176	35	66515
5	94.4217	40	66700
5	94.6412	45	66910
5	94.8753	50	67145
5	95.1238	55	67405
5	95.3954	60	67690
5	95.65	32	67961
5	95.65	32	67961
5	95.7318	35	68028
5	95.95	19	68175
5	95.95	20	68175
5	96	21	68206
5	96.05	22	68221
5	96.1	22	68238
5	96.15	23	68259
5	96.1987	25	68285
5	96.2	12	68287
5	96.25	14	68309
5	96.2797	15	68314
5	96.3	15	68322
5	96.35	8	68337
5	96.3671	10	68346
5	96.5	6	68387
5	96.55	4	68401
5	96.5764	5	68401
5	96.6	3	68411
5	96.6238	5	68415
5	96.65	2	68420
5	96.6694	5	68427
5	96.7996	10	68462
5	96.9661	15	68522
5	97.1354	20	68607
5	97.3102	25	68717
5	97.5011	30	68852
5	97.6824	35	69012
5	97.8711	40	69197
5	98.0716	45	69407
5	98.2921	50	69642
5	98.5326	55	69902
5	98.7953	60	70187
5	99.081	65	70497
5	100.2	3	70582
5	100.2	3	70582
5	100.2	3	70582
5	100.2	3	70582
5	100.2	3	70582
5	100.2	3	70582
5	100.2	3	70582
5	100.2	3	70582
5	100.221	5	70586
5	100.326	10	70621
5	100.479	15	70681
5	100.643	20	70766
5	100.812	25	70876
5	100.986	30	71011
5	101.165	35	71171
5	101.36	40	71356
5	101.569	45	71566
5	101.798	50	71801
5	102.042	55	72061
5	102.306	60	72346
5	102.593	65	72656
5	102.65	32	72718
5	102.728	35	72785
5	102.75	35	72806
5	102.8	36	72837
5	102.95	39	72961
5	102.959	40	72970
5	103.188	45	73180
5	103.4	24	73403
5	103.401	25	73403
5	103.45	26	73451
5	103.5	27	73477
5	103.55	28	73507
5	103.593	30	73538
5	103.6	15	73546
5	103.6	15	73546
5	103.65	18	73580
5	103.65	18	73580
5	103.719	20	73616
5	103.887	25	73726
5	104.061	30	73861
5	104.24	35	74021
5	104.427	40	74206
5	104.621	45	74416
5	104.839	50	74651
5	105.08	55	74911
5	105.344	60	75196
5	105.631	65	75506
5	105.85	34	75743
5	105.851	35	75743
5	105.9	36	75797
5	105.95	37	75824
5	106	37	75851
5	106.05	38	75883
5	106.1	39	75922
5	106.106	40	75928
5	106.15	40	75962
5	106.2	20	76005
5	106.25	22	76041
5	106.3	23	76059
5	106.35	24	76079
5	106.369	25	76095
5	106.45	13	76138
5	106.483	15	76152
5	106.5	15	76162
5	106.55	8	76178
5	106.573	10	76187
5	106.6	5	76195
5	106.65	3	76207
5	106.662	5	76211
5	106.7	3	76217
5	106.711	5	76221
5	106.8	4	76241
5	106.8	5	76241
5	106.85	3	76256
5	106.872	5	76260
5	106.993	10	76295
5	107.13	15	76355
5	107.295	20	76440
5	107.463	25	76550
5	107.638	30	76685
5	107.818	35	76845
5	108.005	40	77030
5	108.217	45	77240
5	108.446	50	77475
5	108.689	55	77735
5	108.953	60	78020
5	109.24	65	78330
5	109.35	33	78449
5	109.382	35	78483
5	109.4	35	78503
5	109.45	36	78540
5	109.613	40	78668
5	109.845	45	78878
5	110	24	79036
5	110	24	79036
5	110.001	25	79036
5	110.05	26	79083
5	110.1	27	79109
5	110.15	28	79139
5	110.194	30	79171
5	110.2	15	79178
5	110.25	17	79211
5	110.3	9	79235
5	110.3	10	79235
5	110.35	6	79259
5	110.413	10	79283
5	110.554	15	79343
5	110.719	20	79428
5	110.887	25	79538
5	111.063	30	79673
5	111.25	35	79833
5	111.434	40	80018
5	111.628	45	80228
5	111.846	50	80463
5	113.05	5	80664
5	113.05	5	80664
5	113.05	5	80664
5	113.05	5	80664
5	113.05	5	80664
5	113.05	5	80664
5	113.05	5	80664
5	113.05	5	80664
5	113.05	5	80664
5	113.05	5	80664
5	113.05	5	80664
5	113.05	5	80664
5	113.05	5	80664
5	113.05	5	80664
5	113.05	5	80664
5	113.05	5	80664
5	113.05	5	80664
5	113.05	5	80664
5	113.05	5	80664
5	113.05	5	80664
5	113.05	5	80664
5	113.05	5	80664
5	113.05	5	80664
5	113.05	5	80664
5	113.05	5	80664
5	113.05	5	80664
5	113.05	5	80664
5	113.05	5	80664
5	113.05	5	80664
5	113.05	5	80664
5	113.05	5	80664
5	113.05	5	80664
5	113.05	5	80664
5	113.056	10	80668
5	113.074	15	80673
5	113.079	20	80678
5	113.083	25	80683
5	113.189	30	80794
5	113.331	35	80954
5	113.495	40	81139
5	113.681	45	81349
5	113.89	50	81584
5	114.1	27	81822
5	114.1	27	81822
5	114.1	27	81822
5	114.1	27	81822
5	114.1	27	81822
5	114.171	30	81879
5	114.35	16	82003
5	114.35	16	82003
5	114.4	18	82023
5	114.4	18	82023
5	114.45	18	82038
5	114.5	19	82055
5	114.5	19	82055
5	114.509	20	82057
5	114.55	10	82078
5	114.6	12	82094
5	114.65	6	82104
5	114.65	6	82104
5	114.7	4	82113
5	114.705	5	82113
5	114.75	2	82117
5	114.8	3	82118
5	114.85	3	82120
5	114.85	3	82120
5	114.885	5	82124
5	114.9	2	82127
5	114.934	5	82134
5	114.95	2	82139
5	114.977	5	82146
5	115	3	82155
5	115.019	5	82159
5	115.05	3	82171
5	115.061	5	82175
5	115.1	3	82192
5	115.105	5	82196
5	115.171	10	82231
5	115.251	15	82291
5	115.335	20	82376
5	115.432	25	82486
5	115.552	30	82621
5	115.693	35	82781
5	115.857	40	82966
5	116.043	45	83176
5	116.252	50	83411
5	116.482	55	83671
5	116.55	28	83748
5	116.576	30	83777
5	116.6	30	83788
5	116.6	30	83788
5	116.65	31	83809
5	116.65	31	83809
5	116.7	31	83837
5	116.7	31	83837
5	116.75	33	83875
5	116.8	17	83916
5	116.8	17	83916
5	116.85	19	83941
5	116.883	20	83953
5	116.9	20	83956
5	116.9	20	83956
5	116.95	10	83982
5	117	12	83995
5	117.05	12	84003
5	117.05	12	84003
5	117.1	7	84020
5	117.15	4	84031
5	117.159	5	84031
5	117.2	5	84036
5	117.25	3	84043
5	117.288	5	84047
5	117.3	2	84049
5	117.3	2	84049
5	117.35	2	84055
5	117.375	5	84062
5	117.4	3	84070
5	117.417	5	84074
5	117.45	3	84084
5	117.46	5	84088
5	117.5	3	84101
5	117.504	5	84105
5	117.55	4	84128
5	117.55	5	84128
5	117.615	10	84163
5	117.696	15	84223
5	117.782	20	84308
5	117.879	25	84418
5	117.999	30	84553
5	118.141	35	84713
5	118.305	40	84898
5	118.491	45	85108
5	118.699	50	85343
5	118.929	55	85603
5	119	28	85683
5	119	28	85683
5	119.026	30	85712
5	119.05	30	85724
5	119.1	31	85745
5	119.1	31	85745
5	119.15	32	85774
5	119.15	32	85774
5	119.2	33	85812
5	119.25	17	85852
5	119.25	17	85852
5	119.3	19	85877
5	119.332	20	85889
5	119.35	20	85893
5	119.35	20	85893
5	119.4	10	85918
5	119.45	12	85931
5	119.5	12	85939
5	119.5	12	85939
5	119.55	7	85956
5	119.6	4	85967
5	119.608	5	85967
5	119.65	5	85972
5	119.7	3	85979
5	119.7	3	85979
5	119.736	5	85983
5	119.75	2	85986
5	119.782	5	85993
5	119.8	2	85994
5	119.824	5	86001
5	119.85	3	86010
5	119.867	5	86014
5	119.9	3	86024
5	119.91	5	86028
5	119.95	3	86042
5	119.954	5	86046
5	120	4	86069
5	120.001	5	86069
5	120.065	10	86104
5	120.147	15	86164
5	120.232	20	86249
5	120.33	25	86359
5	120.45	30	86494
5	120.591	35	86654
5	120.755	40	86839
5	120.942	45	87049
5	121.15	50	87284
5	121.38	55	87544
5	121.45	28	87623
5	121.45	28	87623
5	121.476	30	87652
5	121.5	30	87664
5	121.55	31	87685
5	121.55	31	87685
5	121.6	32	87714
5	121.6	32	87714
5	121.65	33	87752
5	121.7	17	87792
5	121.7	17	87792
5	121.75	19	87817
5	121.782	20	87829
5	121.8	20	87833
5	121.8	20	87833
5	121.85	10	87858
5	121.9	12	87871
5	121.95	12	87879
5	121.95	12	87879
5	122	7	87896
5	122.05	4	87907
5	122.058	5	87907
5	122.1	5	87912
5	122.15	3	87919
5	122.15	3	87919
5	122.186	5	87923
5	122.2	2	87926
5	122.232	5	87933
5	122.25	2	87935
5	122.274	5	87942
5	122.3	3	87950
5	122.317	5	87954
5	122.35	3	87964
5	122.36	5	87968
5	122.4	3	87982
5	122.404	5	87986
5	122.45	4	88009
5	122.451	5	88009
5	122.515	10	88044
5	122.597	15	88104
5	122.682	20	88189
5	122.78	25	88299
5	122.9	30	88434
5	123.041	35	88594
5	123.205	40	88779
5	123.391	45	88989
5	123.6	50	89224
5	123.83	55	89484
5	123.9	28	89563
5	123.9	28	89563
5	123.926	30	89592
5	123.95	30	89604
5	124	31	89625
5	124	31	89625
5	124.05	32	89654
5	124.05	32	89654
5	124.1	33	89692
5	124.15	17	89732
5	124.15	17	89732
5	124.2	19	89757
5	124.232	20	89769
5	124.25	20	89773
5	124.25	20	89773
5	124.3	10	89798
5	124.35	12	89811
5	124.4	12	89819
5	124.4	12	89819
5	124.45	7	89836
5	124.5	4	89847
5	124.508	5	89847
5	124.55	5	89852
5	124.6	3	89859
5	124.6	3	89859
5	124.636	5	89863
5	124.65	2	89866
5	124.682	5	89873
5	124.7	2	89874
5	124.724	5	89881
5	124.75	3	89890
5	124.767	5	89894
5	124.8	3	89904
5	124.81	5	89908
5	124.85	3	89921
5	124.854	5	89925
5	124.9	4	89949
5	124.901	5	89949
5	124.965	10	89984
5	125.047	15	90044
5	125.133	20	90129
5	125.231	25	90239
5	125.35	30	90374
5	125.492	35	90534
5	125.656	40	90719
5	126.7	2	90747
5	126.7	2	90747
5	126.7	2	90747
5	126.7	2	90747
5	126.7	2	90747
5	126.7	2	90747
5	126.7	2	90747
5	126.7	2	90747
5	126.7	2	90747
5	126.7	2	90747
5	126.7	2	90747
5	126.7	2	90747
5	126.7	2	90747
5	126.7	2	90747
5	126.7	2	90747
5	126.7	2	90747
5	126.7	2	90747
5	126.7	2	90747
5	126.7	2	90747
5	126.7	2	90747
5	126.7	2	90747
5	126.7	2	90747
5	126.7	2	90747
5	126.7	2	90747
5	126.7	2	90747
5	126.7	2	90747
5	126.7	2	90747
5	126.7	2	90747
5	126.7	2	90747
5	126.7	2	90747
5	126.7	2	90747
5	126.7	2	90747
5	126.742	5	90754
5	126.827	10	90789
5	126.982	15	90849
5	127.149	20	90934
5	127.331	25	91044
5	127.508	30	91179
5	127.699	35	91339
5	127.925	40	91524
5	128.174	45	91734
5	128.446	50	91969
5	128.753	55	92229
5	128.9	28	92355
5	128.937	30	92384
5	128.95	30	92399
5	129	31	92418
5	129.05	31	92439
5	129.1	32	92461
5	129.15	33	92491
5	129.2	34	92525
5	129.236	35	92544
5	129.25	17	92560
5	129.3	19	92589
5	129.331	20	92597
5	129.35	20	92604
5	129.4	21	92621
5	129.45	11	92641
5	129.549	15	92680
5	129.55	7	92681
5	129.6	9	92695
5	129.63	10	92698
5	129.65	5	92705
5	129.7	3	92716
5	129.717	5	92720
5	129.85	4	92753
5	129.857	5	92753
5	129.9	3	92765
5	129.93	5	92769
5	130.059	10	92804
5	130.223	15	92864
5	130.39	20	92949
5	130.562	25	93059
5	130.742	30	93194
5	130.943	35	93354
5	131.183	40	93539
5	131.449	45	93749
5	131.753	50	93984
5	132	26	94177
5	132.05	28	94216
5	132.1	29	94234
5	132.15	29	94253
5	132.17	30	94261
5	132.2	30	94273
5	132.25	31	94299
5	132.3	16	94331
5	132.3	16	94331
5	132.35	18	94356
5	132.4	19	94370
5	132.442	20	94385
5	132.45	10	94386
5	132.55	6	94415
5	132.6	4	94427
5	132.601	5	94427
5	132.65	3	94434
5	132.677	5	94438
5	132.8	3	94454
5	132.804	5	94458
5	132.85	3	94468
5	132.889	5	94472
5	132.9	2	94476
5	132.934	5	94483
5	132.95	2	94484
5	132.977	5	94491
5	133.107	10	94526
5	133.274	15	94586
5	133.443	20	94671
5	133.618	25	94781
5	133.809	30	94916
5	133.99	35	95076
5	134.179	40	95261
5	134.385	45	95471
5	134.621	50	95706
5	134.879	55	95966
5	135.164	60	96251
5	135.472	65	96561
5	135.5	32	96592
5	135.55	34	96643
5	135.59	35	96659
5	135.6	35	96665
5	135.65	35	96689
5	135.7	36	96715
5	135.75	37	96750
5	135.8	38	96786
5	135.85	39	96824
5	135.882	40	96844
5	135.9	20	96859
5	135.95	22	96893
5	136	23	96911
5	136.05	24	96932
5	136.066	25	96949
5	136.15	13	96994
5	136.183	15	97008
5	136.2	15	97018
5	136.25	8	97033
5	136.273	10	97042
5	136.3	5	97049
5	136.35	3	97060
5	136.36	5	97064
5	136.45	4	97086
5	136.455	5	97086
5	136.5	3	97097
5	136.53	5	97101
5	136.659	10	97136
5	136.823	15	97196
5	136.99	20	97281
5	137.162	25	97391
5	137.34	30	97526
5	137.524	35	97686
5	137.725	40	97871
5	137.944	45	98081
5	138.193	50	98316
5	138.472	55	98576
5	138.773	60	98861
5	138.95	31	99032
5	138.95	31	99032
5	139	33	99079
5	139.05	34	99102
5	139.1	34	99126
5	139.113	35	99131
5	139.15	35	99152
5	139.2	36	99186
5	139.25	37	99222
5	139.3	19	99261
5	139.3	20	99261
5	139.4	22	99309
5	139.45	11	99327
5	139.5	13	99346
5	139.55	7	99360
5	139.6	4	99374
5	139.609	5	99374
5	139.65	3	99382
5	139.681	5	99386
5	139.75	3	99394
5	139.766	5	99398
5	139.8	2	99401
5	139.844	5	99408
5	139.85	2	99411
5	139.891	5	99418
5	139.9	2	99423
5	139.937	5	99430
5	140.067	10	99465
5	140.233	15	99525
5	140.402	20	99610
5	140.576	25	99720
5	140.766	30	99855
5	140.949	35	100015
5	141.15	40	100200
5	141.381	45	100410
5	141.634	50	100645
5	142.85	2	100830
5	142.85	2	100830
5	142.85	2	100830
5	142.85	2	100830
5	142.85	2	100830
5	142.85	2	100830
5	142.85	2	100830
5	142.85	2	100830
5	142.85	2	100830
5	142.85	2	100830
5	142.85	2	100830
5	142.85	2	100830
5	142.85	2	100830
5	142.85	2	100830
5	142.85	2	100830
5	142.85	2	100830
5	142.85	2	100830
5	142.85	2	100830
5	142.85	2	100830
5	142.85	2	100830
5	142.85	2	100830
5	142.85	2	100830
5	142.85	2	100830
5	142.85	2	100830
5	142.85	2	100830
5	142.85	2	100830
5	142.85	2	100830
5	142.85	2	100830
5	142.892	5	100837
5	142.977	10	100872
5	143.134	15	100932
5	143.302	20	101017
5	143.478	25	101127
5	143.656	30	101262
5	143.846	35	101422
5	144.034	40	101607
5	144.239	45	101817
5	144.463	50	102052
5	144.711	55	102312
5	144.984	60	102597
5	145.274	65	102907
5	145.45	33	103095
5	145.482	35	103129
5	145.5	35	103148
5	145.55	36	103173
5	145.6	36	103199
5	145.65	37	103229
5	145.7	38	103265
5	145.75	39	103303
5	145.761	40	103314
5	145.8	40	103344
5	145.85	20	103384
5	145.9	22	103420
5	146	24	103459
5	146.014	25	103474
5	146.05	12	103489
5	146.1	14	103512
5	146.126	15	103516
5	146.2	8	103545
5	146.218	10	103554
5	146.25	5	103561
5	146.3	3	103572
5	146.31	5	103576
5	146.35	3	103582
5	146.356	5	103586
5	146.4	3	103596
5	146.436	5	103600
5	146.563	10	103635
5	146.723	15	103695
5	146.89	20	103780
5	147.064	25	103890
5	147.24	30	104025
5	147.424	35	104185
5	147.616	40	104370
5	147.811	45	104580
5	148.027	50	104815
5	148.267	55	105075
5	148.53	60	105360
5	148.828	65	105670
5	149.1	34	105945
5	149.1	35	105945
5	149.15	36	105996
5	149.2	37	106017
5	149.25	37	106039
5	149.3	38	106063
5	149.35	39	106095
5	149.4	39	106129
5	149.401	40	106130
5	149.45	40	106166
5	149.6	21	106270
5	149.65	23	106303
5	149.65	23	106303
5	149.65	23	106303
5	149.65	23	106303
5	149.65	23	106303
5	149.7	24	106322
5	149.7	24	106322
5	149.736	25	106339
5	149.75	25	106349
5	149.8	13	106376
5	149.826	15	106390
5	149.85	15	106401
5	149.9	8	106417
5	149.916	10	106426
5	150	6	106450
5	150.05	4	106466
5	150.054	5	106466
5	150.1	3	106478
5	150.125	5	106482
5	150.253	10	106517
5	150.417	15	106577
5	150.585	20	106662
5	150.757	25	106772
5	150.934	30	106907
5	151.121	35	107067
5	151.33	40	107252
5	151.559	45	107462
5	151.822	50	107697
5	152.106	55	107957
5	152.418	60	108242
5	152.45	30	108271
5	152.5	32	108316
5	152.55	33	108337
5	152.6	33	108359
5	152.65	34	108382
5	152.67	35	108401
5	152.7	35	108414
5	152.75	36	108449
5	152.8	18	108485
5	152.833	20	108504
5	152.85	20	108515
5	152.9	21	108530
5	152.95	22	108547
5	153	11	108568
5	153.05	13	108588
5	153.113	15	108607
5	153.15	7	108620
5	153.2	9	108634
5	153.221	10	108637
5	153.25	5	108644
5	153.3	3	108655
5	153.309	5	108659
5	153.4	3	108677
5	153.412	5	108681
5	153.45	3	108689
5	153.476	5	108693
5	153.604	10	108728
5	153.768	15	108788
5	153.936	20	108873
5	154.108	25	108983
5	154.29	30	109118
5	154.499	35	109278
5	154.733	40	109463
5	154.991	45	109673
5	155.279	50	109908
5	155.55	27	110138
5	155.6	29	110179
5	155.642	30	110195
5	155.65	30	110199
5	155.75	31	110241
5	155.8	32	110270
5	155.85	16	110303
5	155.9	18	110329
5	156	19	110356
5	156.01	20	110357
5	156.05	10	110371
5	156.15	6	110403
5	156.2	4	110413
5	156.227	5	110413
5	156.25	3	110419
5	156.275	5	110423
5	156.3	2	110424
5	156.35	2	110429
5	156.4	2	110436
5	156.443	5	110443
5	156.5	3	110455
5	156.528	5	110459
5	156.55	3	110465
5	156.571	5	110469
5	156.7	10	110504
5	156.864	15	110564
5	157.031	20	110649
5	157.203	25	110759
5	157.381	30	110894
5	158.45	2	110913
5	158.45	2	110913
5	158.494	5	110920
5	158.663	10	110955
5	158.849	15	111015
5	159.044	20	111100
5	159.248	25	111210
5	159.444	30	111345
5	159.657	35	111505
5	159.902	40	111690
5	160.175	45	111900
5	160.432	50	112135
5	160.676	55	112395
5	160.85	29	112585
5	160.851	30	112585
5	160.9	31	112637
5	160.95	32	112664
5	161	33	112693
5	161.05	34	112732
5	161.062	35	112745
5	161.1	17	112773
5	161.15	19	112807
5	161.171	20	112810
5	161.2	20	112827
5	161.367	25	112920
5	161.563	30	113055
5	161.767	35	113215
5	161.972	40	113400
5	162.19	45	113610
5	162.429	50	113845
5	162.692	55	114105
5	162.977	60	114390
5	163.295	65	114700
5	163.4	33	114805
5	163.432	35	114839
5	163.45	35	114854
5	163.5	36	114876
5	163.55	36	114899
5	163.6	37	114927
5	163.65	38	114959
5	163.7	39	114991
5	163.747	40	115024
5	163.75	20	115028
5	163.85	23	115073
5	163.9	23	115089
5	163.95	24	115108
5	163.96	25	115118
5	164	12	115134
5	164.05	14	115154
5	164.082	15	115161
5	164.15	8	115177
5	164.168	10	115186
5	164.2	5	115190
5	164.25	3	115198
5	164.26	5	115202
5	164.3	2	115205
5	164.346	5	115212
5	164.4	3	115220
5	164.43	5	115224
5	164.602	10	115259
5	164.807	15	115319
5	164.988	20	115404
5	165.193	25	115514
5	165.398	30	115649
5	165.603	35	115809
5	165.803	40	115994
5	166.03	45	116204
5	166.278	50	116439
5	166.556	55	116699
5	166.857	60	116984
5	167.15	32	117270
5	167.2	34	117318
5	167.242	35	117337
5	167.25	35	117340
5	167.3	35	117363
5	167.35	36	117387
5	167.4	37	117421
5	167.45	38	117457
5	167.5	19	117493
5	167.5	20	117493
5	167.6	22	117538
5	167.65	22	117554
5	167.7	23	117573
5	167.75	12	117600
5	167.8	14	117620
5	167.831	15	117627
5	167.9	8	117645
5	167.917	10	117654
5	167.95	5	117659
5	168.09	10	117689
5	168.1	5	117692
5	168.15	3	117702
5	168.175	5	117706
5	168.346	10	117741
5	168.55	15	117801
5	168.73	20	117886
5	168.935	25	117996
5	169.139	30	118131
5	169.334	35	118291
5	169.54	40	118476
5	169.754	45	118686
5	169.989	50	118921
5	170.247	55	119181
5	170.532	60	119466
5	170.834	65	119776
5	171	33	119954
5	171.031	35	119988
5	171.05	35	120008
5	171.1	36	120032
5	171.15	36	120058
5	171.2	37	120089
5	171.25	38	120124
5	171.31	40	120173
5	171.35	40	120203
5	171.4	20	120241
5	171.45	22	120276
5	171.5	23	120294
5	171.55	24	120314
5	171.566	25	120331
5	171.6	12	120344
5	171.676	15	120371
5	171.85	9	120437
5	171.85	10	120437
5	171.9	5	120454
5	172	4	120473
5	172.012	5	120473
5	172.148	10	120508
5	172.354	15	120568
5	172.558	20	120653
5	172.741	25	120763
5	172.946	30	120898
5	174.1	2	120996
5	174.1	2	120996
5	174.1	2	120996
5	174.1	2	120996
5	174.1	2	120996
5	174.1	2	120996
5	174.1	2	120996
5	174.1	2	120996
5	174.1	2	120996
5	174.1	2	120996
5	174.1	2	120996
5	174.1	2	120996
5	174.1	2	120996
5	174.1	2	120996
5	174.135	5	121003
5	174.242	10	121038
5	174.398	15	121098
5	174.567	20	121183
5	174.744	25	121293
5	174.933	30	121428
5	175.115	35	121588
5	175.315	40	121773
5	175.539	45	121983
5	175.788	50	122218
5	176.063	55	122478
5	176.362	60	122763
5	176.5	31	122892
5	176.55	33	122939
5	176.6	34	122961
5	176.65	34	122984
5	176.666	35	122991
5	176.7	35	123011
5	176.75	36	123041
5	176.8	37	123076
5	176.85	19	123113
5	176.85	20	123113
5	176.9	21	123144
5	176.95	22	123160
5	177.05	12	123200
5	177.1	14	123220
5	177.132	15	123227
5	177.15	7	123235
5	177.2	9	123248
5	177.226	10	123252
5	177.25	5	123257
5	177.35	4	123276
5	177.351	5	123276
5	177.4	3	123291
5	177.439	5	123295
5	177.45	2	123300
5	177.485	5	123307
5	177.5	2	123308
5	177.528	5	123315
5	177.658	10	123350
5	177.825	15	123410
5	177.994	20	123495
5	178.169	25	123605
5	178.36	30	123740
5	178.554	35	123900
5	178.773	40	124085
5	179.026	45	124295
5	179.315	50	124530
5	179.627	55	124790
5	179.7	27	124845
5	179.75	29	124887
5	179.781	30	124902
5	179.8	30	124905
5	179.85	30	124925
5	179.9	31	124954
5	179.95	32	124985
5	180	33	125014
5	180.05	17	125041
5	180.1	19	125069
5	180.122	20	125078
5	180.15	20	125084
5	180.25	11	125131
5	180.3	13	125150
5	180.35	7	125162
5	180.4	4	125175
5	180.414	5	125175
5	180.45	3	125184
5	180.462	5	125188
5	180.55	3	125205
5	180.588	5	125209
5	180.6	2	125214
5	180.634	5	125221
5	180.65	2	125222
5	180.677	5	125229
5	180.807	10	125264
5	180.974	15	125324
5	181.143	20	125409
5	181.319	25	125519
5	181.535	30	125654
5	181.757	35	125814
5	182.018	40	125999
5	182.316	45	126209
5	182.6	24	126404
5	182.601	25	126404
5	182.65	26	126439
5	182.7	26	126455
5	182.75	27	126473
5	182.8	28	126499
5	182.85	29	126523
5	182.885	30	126539
5	182.95	15	126568
5	183	17	126591
5	183.05	18	126603
5	183.1	9	126625
5	183.1	10	126625
5	183.15	11	126640
5	183.25	6	126659
5	183.3	4	126670
5	183.309	5	126670
5	183.35	3	126677
5	183.361	5	126681
5	183.4	2	126685
5	183.446	5	126692
5	183.5	3	126702
5	183.531	5	126706
5	183.55	2	126710
5	183.576	5	126717
5	183.6	2	126718
5	183.619	5	126725
5	183.749	10	126760
5	183.916	15	126820
5	184.1	20	126905
5	184.311	25	127015
5	184.565	30	127150
5	184.862	35	127310
5	185.15	19	127467
5	185.152	20	127467
5	185.2	21	127496
5	185.25	22	127509
5	185.4	12	127567
5	185.45	14	127584
5	185.5	14	127593
5	185.51	15	127594
5	185.6	8	127622
5	185.639	10	127631
5	185.65	5	127634
5	185.7	3	127641
5	185.727	5	127645
5	185.8	2	127650
5	185.85	2	127654
5	185.897	5	127661
5	185.9	2	127663
5	185.98	5	127670
5	186.05	3	127682
5	186.066	5	127686
5	186.1	2	127691
5	186.113	5	127698
5	186.15	2	127701
5	186.191	5	127708
5	186.324	10	127743
5	186.48	15	127803
5	186.729	20	127888
5	186.953	25	127998
5	187.209	30	128133
5	187.488	35	128293
5	187.5	17	128297
5	187.5	17	128297
5	187.55	19	128325
5	187.581	20	128334
5	187.6	20	128340
5	187.65	21	128357
5	187.7	11	128381
5	187.819	15	128420
5	188.038	20	128505
5	188.25	12	128607
5	188.3	14	128630
5	188.325	15	128634
5	188.35	7	128645
5	188.4	9	128661
5	188.411	10	128662
5	188.45	5	128673
5	188.5	4	128690
5	188.501	5	128690
5	188.625	10	128725
5	188.779	15	128785
5	188.946	20	128870
5	189.126	25	128980
5	189.303	30	129115
5	189.492	35	129275
5	189.687	40	129460
5	189.909	45	129670
5	190.14	50	129905
5	190.383	55	130165
5	190.647	60	130450
5	190.934	65	130760
5	191	33	130831
5	191.032	35	130865
5	191.15	37	130955
5	191.263	40	131050
5	192.3	5	131079
5	192.3	5	131079
5	192.3	5	131079
5	192.3	5	131079
5	192.3	5	131079
5	192.3	5	131079
5	192.3	5	131079
5	192.3	5	131079
5	192.3	5	131079
5	192.3	5	131079
5	192.3	5	131079
5	192.3	5	131079
5	192.3	5	131079
5	192.3	5	131079
5	192.3	5	131079
5	192.3	5	131079
5	192.3	5	131079
5	192.3	5	131079
5	192.3	5	131079
5	192.3	5	131079
5	192.3	5	131079
5	192.3	5	131079
5	192.3	5	131079
5	192.3	5	131079
5	192.3	5	131079
5	192.3	5	131079
5	192.3	5	131079
5	192.3	5	131079
5	192.3	5	131079
5	192.3	5	131079
5	192.3	5	131079
5	192.3	5	131079
5	192.3	5	131079
5	192.3	5	131079
5	192.3	5	131079
5	192.3	5	131079
5	192.324	10	131083
5	192.343	15	131088
5	192.348	20	131093
5	192.352	25	131098
5	192.5	30	131209
5	192.689	35	131369
5	192.876	40	131554
5	193.072	45	131764
5	193.289	50	131999
5	193.529	55	132259
5	193.792	60	132544
5	194.079	65	132854
5	194.388	70	133189
5	194.45	35	133256
5	194.5	37	133310
5	194.55	38	133336
5	194.6	38	133362
5	194.65	39	133391
5	194.664	40	133406
5	194.7	40	133429
5	194.75	41	133469
5	194.8	42	133510
5	194.85	21	133549
5	194.9	23	133586
5	194.973	25	133618
5	195	25	133623
5	195.05	13	133652
5	195.084	15	133666
5	195.1	15	133675
5	195.15	8	133690
5	195.175	10	133699
5	195.2	5	133705
5	195.25	3	133715
5	195.275	5	133719
5	195.3	2	133723
5	195.35	2	133730
5	195.4	2	133737
5	195.423	5	133744
5	195.45	2	133749
5	195.49	5	133756
5	195.617	10	133791
5	195.778	15	133851
5	195.946	20	133936
5	196.118	25	134046
5	196.295	30	134181
5	196.48	35	134341
5	196.671	40	134526
5	196.867	45	134736
5	197.084	50	134971
5	197.324	55	135231
5	197.588	60	135516
5	197.874	65	135826
5	198.15	34	136125
5	198.15	35	136125
5	198.2	36	136179
5	198.25	37	136205
5	198.3	37	136231
5	198.35	38	136260
5	198.4	39	136298
5	198.411	40	136310
5	198.45	40	136338
5	198.5	41	136380
5	198.55	21	136418
5	198.6	23	136455
5	198.67	25	136487
5	198.7	25	136495
5	198.75	13	136525
5	198.781	15	136539
5	198.8	15	136549
5	198.85	8	136565
5	198.873	10	136574
5	198.9	5	136581
5	198.95	3	136592
5	198.972	5	136596
5	199.05	3	136610
5	199.062	5	136614
5	199.1	3	136620
5	199.108	5	136624
5	199.15	3	136633
5	199.172	5	136637
5	199.299	10	136672
5	199.461	15	136732
5	199.629	20	136817
5	199.801	25	136927
5	199.978	30	137062
