0	1.04276	10	4
0	1.08553	15	9
0	1.08645	20	14
0	1.12918	25	21
0	1.1301	30	26
0	1.17738	35	56
0	1.22042	40	91
0	1.26323	45	131
0	1.30603	50	176
0	1.34883	55	226
0	1.39164	60	281
0	1.43444	65	341
0	1.47724	70	406
0	1.52069	75	476
0	1.56448	80	551
0	1.60827	85	631
0	1.65367	90	716
0	1.69999	95	806
0	1.74809	100	901
0	1.79798	105	1001
0	1.84964	110	1105
0	1.92777	115	1217
0	1.98704	120	1338
0	2.04056	125	1456
0	2.09501	130	1578
0	2.16973	135	1724
0	2.2183	140	1847
0	2.26964	145	1982
0	2.31714	150	2124
0	2.38396	155	2310
0	2.43232	160	2449
0	2.48172	165	2589
0	2.53311	170	2754
0	2.60689	175	2984
0	2.6615	180	3143
0	2.71789	185	3307
0	2.77517	190	3464
0	2.8	171	3569
0	2.8	152	3569
0	2.8	133	3569
0	2.8	114	3569
0	2.8	95	3569
0	2.80281	100	3577
0	2.84229	105	3682
0	2.85	105	3717
0	2.85	105	3717
0	2.85	105	3717
0	2.85	105	3717
0	2.85	105	3717
0	2.9	105	3794
0	2.9479	110	3874
0	2.95	99	3877
0	2.95068	100	3877
0	2.98885	105	3953
0	3	98	3958
0	3	86	3958
0	3	74	3958
0	3	62	3958
0	3	50	3958
0	3.0174	55	4006
0	3.03443	60	4033
0	3.05	53	4035
0	3.05	46	4035
0	3.05	39	4035
0	3.05	32	4035
0	3.05809	35	4037
0	3.06464	40	4066
0	3.1	36	4072
0	3.1	32	4072
0	3.1	28	4072
0	3.1	24	4072
0	3.1	20	4072
0	3.11626	25	4088
0	3.15999	30	4101
0	3.234	35	4131
0	3.31775	40	4169
0	3.40058	45	4214
0	3.44616	50	4257
0	3.52714	55	4313
0	3.57272	60	4367
0	3.65	56	4431
0	3.65	50	4431
0	3.65	44	4431
0	3.65	38	4431
0	3.65012	40	4432
0	3.6574	45	4461
0	3.7	43	4497
0	3.7	39	4497
0	3.7	35	4497
0	3.7	31	4497
0	3.7004	35	4500
0	3.74135	40	4533
0	3.75	32	4539
0	3.8	29	4575
0	3.8	26	4575
0	3.8	23	4575
0	3.8	20	4575
0	3.8	17	4575
0	3.82199	20	4577
0	3.82603	25	4594
0	3.86884	30	4622
0	3.91164	35	4653
0	3.95444	40	4689
0	3.99724	45	4730
0	4.04005	50	4776
0	4.08285	55	4827
0	4.12565	60	4883
0	4.16846	65	4944
0	4.21126	70	5010
0	4.25406	75	5081
0	4.29687	80	5157
0	4.33978	85	5238
0	4.38351	90	5324
0	4.42723	95	5415
0	4.47095	100	5511
0	4.51635	105	5612
0	4.56357	110	5718
0	4.61257	115	5829
0	4.66335	120	5946
0	4.74005	125	6089
0	4.79612	130	6214
0	4.84872	135	6342
0	4.90225	140	6474
0	4.9567	145	6610
0	5.01208	150	6750
0	5.06838	155	6896
0	5.15412	160	7064
0	5.21228	165	7216
0	5.27136	170	7373
0	5.36021	175	7554
0	5.42201	180	7722
0	5.51413	185	7917
0	5.60717	190	8118
0	5.65	172	8230
0	5.66621	175	8274
0	5.7	158	8347
0	5.7	138	8347
0	5.7	118	8347
0	5.7	98	8347
0	5.7	98	8347
0	5.70052	100	8348
0	5.71917	105	8429
0	5.75	106	8454
0	5.8	106	8494
0	5.8	106	8494
0	5.8	106	8494
0	5.8	106	8494
0	5.85	106	8568
0	5.85	106	8568
0	5.85	106	8568
0	5.85	106	8568
0	5.85	106	8568
0	5.9	106	8620
0	5.95	106	8675
0	5.95	106	8675
0	5.95	106	8675
0	5.95	106	8675
0	5.95	106	8675
0	6	106	8731
0	6	106	8731
0	6	106	8731
0	6	106	8731
0	6	106	8731
0	6.05	106	8792
0	6.05	106	8792
0	6.05	106	8792
0	6.05	106	8792
0	6.05	106	8792
0	6.1	106	8885
0	6.1	106	8885
0	6.1	106	8885
0	6.1	106	8885
0	6.1	106	8885
0	6.17922	110	9000
0	6.2	111	9045
0	6.2	111	9045
0	6.2	111	9045
0	6.2	111	9045
0	6.2	111	9045
0	6.25	111	9131
0	6.25	111	9131
0	6.25	111	9131
0	6.25	111	9131
0	6.3	112	9223
0	6.3	112	9223
0	6.31733	115	9277
0	6.35	105	9339
0	6.35	93	9339
0	6.35	81	9339
0	6.35	69	9339
0	6.35	56	9339
0	6.35044	60	9342
0	6.38767	65	9409
0	6.4	59	9431
0	6.4	52	9431
0	6.4	45	9431
0	6.4	38	9431
0	6.4	38	9431
0	6.42304	40	9439
0	6.43418	45	9471
0	6.45	42	9478
0	6.45	38	9478
0	6.45	34	9478
0	6.45	30	9478
0	6.45	30	9478
0	6.49396	35	9511
0	6.53862	40	9538
0	6.55	37	9542
0	6.55	34	9542
0	6.55	31	9542
0	6.55	28	9542
0	6.55	20	9542
0	6.55974	25	9548
0	6.6	24	9572
0	6.6	22	9572
0	6.6	17	9572
0	6.60248	20	9574
0	6.64336	25	9594
0	6.65	24	9607
0	6.65	21	9607
0	6.68623	25	9618
0	6.72897	30	9646
0	6.77177	35	9677
0	6.81458	40	9715
0	6.85738	45	9758
0	6.90018	50	9806
0	6.94298	55	9859
0	6.98579	60	9917
0	7.02859	65	9980
0	7.07139	70	10046
0	8.14758	10	10087
0	8.18945	15	10092
0	8.19037	20	10097
0	8.23132	25	10102
0	8.23224	30	10107
0	8.27596	35	10137
0	8.32017	40	10176
0	8.3665	45	10220
0	8.41464	50	10265
0	8.46457	55	10315
0	8.51627	60	10370
0	8.60246	65	10442
0	8.664	70	10531
0	8.71759	75	10595
0	8.8038	80	10676
0	8.85899	85	10748
0	8.95301	90	10849
0	9.00926	95	10926
0	9.10513	100	11035
0	9.16323	105	11120
0	9.26095	110	11236
0	9.35079	115	11347
0	9.42671	120	11466
0	9.5	110	11539
0	9.5437	115	11600
0	9.55	109	11604
0	9.55	96	11604
0	9.55	83	11604
0	9.56137	85	11607
0	9.6	73	11658
0	9.6	60	11658
0	9.6	56	11658
0	9.6	56	11658
0	9.6	56	11658
0	9.65	59	11691
0	9.65	59	11691
0	9.75	59	11713
0	9.75	59	11713
0	9.75	56	11713
0	9.8	56	11725
0	9.8	56	11725
0	9.8	56	11725
0	9.8	56	11725
0	9.94388	60	11778
0	10.1695	65	11891
0	10.2831	70	11956
0	10.3962	75	12043
0	10.4936	80	12120
0	10.6216	85	12245
0	10.7053	90	12328
0	10.8149	95	12475
0	10.85	98	12529
0	10.85	86	12529
0	10.85	74	12529
0	10.85	62	12529
0	10.85	50	12529
0	10.8885	55	12581
0	10.9	51	12587
0	10.9	44	12587
0	10.9252	45	12587
0	11.0968	50	12652
0	11.349	55	12753
0	11.4838	60	12832
0	11.6977	65	12963
0	11.8287	70	13062
0	12.0505	75	13223
0	12.1782	80	13342
0	12.4278	85	13533
0	12.6202	90	13672
0	12.8836	95	13893
0	12.9	96	13903
0	12.9	76	13903
0	12.9	56	13903
0	12.9	52	13903
0	12.9	48	13903
0	12.9	48	13903
0	12.9	48	13903
0	12.9	46	13903
0	12.9	44	13903
0	12.9115	45	13903
0	12.95	46	13943
0	12.95	46	13943
0	13.15	45	13981
0	13.15	44	13981
0	13.1611	45	13981
0	13.4969	50	14068
0	13.9021	55	14211
0	14.1169	60	14318
0	14.4145	65	14491
0	14.5884	70	14618
0	14.8424	75	14821
0	14.9828	80	14968
0	15.2202	85	15201
0	15.4108	90	15368
0	15.6752	95	15631
0	15.875	100	15818
0	16.1835	105	16111
0	16.4072	110	16318
0	16.6693	115	16641
0	16.8441	120	16868
0	17.0929	125	17221
0	17.15	126	17319
0	17.15	95	17319
0	17.15	64	17319
0	17.1506	65	17319
0	17.2	68	17385
0	17.2	68	17385
0	17.4826	70	17446
0	18.1106	75	17649
0	18.4156	80	17796
0	18.8486	85	18029
0	19.1408	90	18196
0	19.5938	95	18459
0	19.8866	100	18646
0	20.297	105	18939
0	20.5184	110	19146
0	20.8591	115	19469
0	21.0935	120	19696
0	21.4801	125	20048
0	22.6348	10	20170
0	22.6766	15	20177
0	22.6782	20	20184
0	22.7184	25	20198
0	22.7203	30	20207
0	22.7637	35	20243
0	22.7883	40	20273
0	22.8101	45	20308
0	22.8532	50	20366
0	22.8968	55	20432
0	22.9389	60	20501
0	22.9801	65	20570
0	23.0064	70	20618
0	23.0286	75	20682
0	23.0751	80	20784
0	23.1171	85	20868
0	23.159	90	20967
0	23.2025	95	21073
0	23.2464	100	21182
0	23.2912	105	21292
0	23.3373	110	21403
0	23.3968	115	21536
0	23.4361	120	21639
0	23.5221	125	21812
0	23.57	130	21924
0	23.6274	135	22072
0	23.6845	140	22216
0	23.7653	145	22378
0	23.8497	150	22575
0	23.9319	155	22749
0	24.029	160	22944
0	24.1132	165	23120
0	24.15	155	23206
0	24.15	142	23206
0	24.1774	145	23245
0	24.2	146	23305
0	24.2	146	23305
0	24.25	148	23389
0	24.2922	150	23463
0	24.435	155	23686
0	24.5652	160	23901
0	24.7101	165	24169
0	24.8282	170	24373
0	24.9499	175	24601
0	25.0855	180	24874
0	25.2	184	25105
0	25.2	175	25105
0	25.278	180	25267
0	25.4565	185	25623
0	25.5554	190	25832
0	25.7332	195	26150
0	25.8743	200	26417
0	26.0297	205	26715
0	26.1766	210	26994
0	26.3566	215	27298
0	26.5279	220	27601
0	26.7275	225	27932
0	26.9281	230	28269
0	27.1315	235	28616
0	27.25	239	28838
0	27.25	234	28838
0	27.3317	235	29000
0	27.4821	240	29301
0	27.6131	245	29588
0	27.7851	250	29981
0	28.9415	10	30253
0	28.9835	15	30258
0	28.9851	20	30263
0	29.0253	25	30268
0	29.027	30	30277
0	29.0709	35	30310
0	29.1145	40	30346
0	29.1595	45	30386
0	29.2031	50	30431
0	29.2493	55	30481
0	29.2929	60	30536
0	29.3402	65	30596
0	29.3857	70	30661
0	29.4293	75	30731
0	29.4776	80	30806
0	29.522	85	30886
0	29.5713	90	30971
0	29.6189	95	31065
0	29.6634	100	31156
0	29.7293	105	31296
0	29.7808	110	31401
0	29.85	115	31540
0	29.9042	120	31651
0	29.9594	125	31762
0	30.0271	130	31900
0	30.0832	135	32023
0	30.1488	140	32165
0	30.2002	145	32278
0	30.2572	150	32399
0	30.3518	155	32611
0	30.4035	160	32729
0	30.4809	165	32892
0	30.5435	170	33047
0	30.6301	175	33232
0	30.65	159	33294
0	30.6507	160	33294
0	30.7	163	33413
0	30.7	145	33413
0	30.7495	150	33518
0	30.75	132	33520
0	30.75	114	33520
0	30.75	114	33520
0	30.7524	115	33522
0	30.8	98	33614
0	30.8	98	33614
0	30.8	98	33614
0	30.8	98	33614
0	30.8253	100	33637
0	30.85	100	33675
0	30.85	100	33675
0	30.9	101	33719
0	30.9	101	33719
0	30.9	90	33719
0	30.95	92	33768
0	30.95	92	33768
0	31	81	33820
0	31	81	33820
0	31	81	33820
0	31	81	33820
0	31	81	33820
0	31.05	83	33876
0	31.05	83	33876
0	31.05	76	33876
0	31.1238	80	33928
0	31.2094	85	34008
0	31.2956	90	34099
0	31.3835	95	34202
0	31.4716	100	34315
0	31.558	105	34433
0	31.6365	110	34545
0	31.7163	115	34659
0	31.7954	120	34790
0	31.8549	125	34913
0	31.9339	130	35056
0	32	134	35189
0	32	118	35189
0	32	102	35189
0	32.0158	105	35218
0	32.05	108	35288
0	32.05	92	35288
0	32.05	92	35288
0	32.05	92	35288
0	32.0711	95	35321
0	32.1	96	35367
0	32.15	99	35434
0	32.1807	100	35486
0	32.2	100	35517
0	32.2	90	35517
0	32.2	80	35517
0	32.2	80	35517
0	32.2	80	35517
0	32.25	83	35592
0	32.25	83	35592
0	32.25	83	35592
0	32.25	83	35592
0	32.3	84	35658
0	32.3	84	35658
0	32.3	84	35658
0	32.3	84	35658
0	32.309	85	35668
0	32.35	85	35731
0	32.35	85	35731
0	32.35	85	35731
0	32.35	85	35731
0	32.4	87	35809
0	32.4	87	35809
0	32.4	87	35809
0	32.4459	90	35888
0	32.45	90	35898
0	32.45	84	35898
0	32.45	75	35898
0	32.4848	80	35955
0	32.5	81	35983
0	32.5	75	35983
0	32.5	71	35983
0	32.5315	75	36034
0	32.55	72	36060
0	32.5658	75	36082
0	32.6	74	36139
0	32.6	68	36139
0	32.6	65	36139
0	32.6189	70	36176
0	32.65	69	36219
0	32.65	65	36219
0	32.65	63	36219
0	32.65	56	36219
0	32.6608	60	36241
0	32.6948	65	36289
0	32.7376	70	36354
0	32.7804	75	36424
0	32.8245	80	36500
0	32.8696	85	36583
0	32.9166	90	36674
0	32.9603	95	36760
0	33.0031	100	36847
0	33.0459	105	36941
0	33.0887	110	37039
0	33.1315	115	37139
0	33.1743	120	37244
0	33.2251	125	37367
0	33.2784	130	37506
0	33.3212	135	37622
0	33.364	140	37743
0	33.4356	145	37924
0	33.4891	150	38085
0	33.5351	155	38217
0	33.5779	160	38349
0	33.6226	165	38485
0	33.6921	170	38682
0	33.7493	175	38868
0	33.8054	180	39048
0	33.8695	185	39250
0	33.9302	190	39438
0	33.9941	195	39629
0	34.0573	200	39839
0	34.1	167	39966
0	34.1185	170	40042
0	34.15	172	40123
0	34.1969	175	40239
0	34.2	175	40247
0	35.2731	10	40336
0	35.3155	15	40341
0	35.3168	20	40346
0	35.3573	25	40351
0	35.3595	30	40364
0	35.4041	35	40394
0	35.4476	40	40429
0	35.4912	45	40469
0	35.534	50	40514
0	35.5777	55	40564
0	35.6213	60	40619
0	35.6649	65	40679
0	35.7086	70	40744
0	35.7538	75	40814
0	35.8008	80	40889
0	35.8497	85	40969
0	35.9002	90	41054
0	35.9517	95	41184
0	36.0001	100	41301
0	36.0429	105	41389
0	36.0861	110	41481
0	36.1307	115	41578
0	36.1769	120	41685
0	36.2249	125	41797
0	36.2927	130	41949
0	36.3497	135	42086
0	36.4076	140	42229
0	36.4808	145	42402
0	36.5406	150	42545
0	36.596	155	42678
0	36.6567	160	42829
0	36.7288	165	43003
0	36.7909	170	43156
0	36.8506	175	43303
0	36.9316	180	43502
0	36.95	165	43550
0	37	169	43674
0	37.0183	170	43705
0	37.05	172	43787
0	37.1	174	43900
0	37.1095	175	43916
0	37.15	177	44014
0	37.1957	180	44118
0	37.2	159	44127
0	37.2	139	44127
0	37.2002	140	44127
0	37.2481	145	44239
0	37.25	145	44242
0	37.25	145	44242
0	37.3	145	44329
0	37.3	145	44329
0	37.35	126	44415
0	37.35	126	44415
0	37.35	126	44415
0	37.4	129	44507
0	37.4	129	44507
0	37.4	129	44507
0	37.4241	130	44565
0	37.45	131	44595
0	37.45	108	44595
0	37.45	108	44595
0	37.45	108	44595
0	37.45	108	44595
0	37.4721	110	44650
0	37.5	110	44685
0	37.5	110	44685
0	37.5	110	44685
0	37.55	102	44764
0	37.55	102	44764
0	37.55	102	44764
0	37.5811	105	44807
0	37.6	106	44840
0	37.6	106	44840
0	37.6	106	44840
0	37.6	100	44840
0	37.65	102	44907
0	37.65	102	44907
0	37.65	90	44907
0	37.7	90	44980
0	37.7	90	44980
0	37.7	90	44980
0	37.7	78	44980
0	37.7	71	44980
0	37.7387	75	45032
0	37.75	62	45048
0	37.75	62	45048
0	37.8	62	45100
0	37.8	62	45100
0	37.8	58	45100
0	37.803	60	45104
0	37.85	48	45144
0	37.85	40	45144
0	37.8863	45	45176
0	38	50	45238
0	38.098	55	45314
0	38.178	60	45376
0	38.2489	65	45433
0	38.3413	70	45535
0	38.4078	75	45617
0	38.4892	80	45720
0	38.5543	85	45808
0	38.6256	90	45914
0	38.6856	95	46022
0	38.7637	100	46149
0	38.816	105	46258
0	38.85	106	46314
0	38.85	96	46314
0	38.85	81	46314
0	38.85	70	46314
0	38.8653	75	46355
0	38.9	71	46408
0	38.9316	75	46450
0	38.9909	80	46538
0	39.0631	85	46635
0	39.122	90	46733
0	39.1868	95	46825
0	39.2818	100	46989
0	39.3324	105	47085
0	39.4162	110	47215
0	39.4997	115	47365
0	39.5656	120	47479
0	39.6357	125	47623
0	39.7297	130	47780
0	39.7998	135	47917
0	39.9218	140	48125
0	40.0244	145	48314
0	40.0949	150	48465
0	40.218	155	48688
0	40.3018	160	48883
0	40.3864	165	49064
0	40.4769	170	49282
0	40.5604	175	49497
0	40.6293	180	49684
0	40.7295	185	49961
0	40.7968	190	50168
0	40.8728	195	50405
0	41.9192	10	50419
0	41.9616	15	50424
0	41.9625	20	50429
0	42.0035	25	50434
0	42.0044	30	50439
0	42.049	35	50473
0	42.0926	40	50511
0	42.1363	45	50551
0	42.1799	50	50597
0	42.2235	55	50645
0	42.2703	60	50702
0	42.3193	65	50762
0	42.37	70	50827
0	42.4217	75	50897
0	42.4777	80	50998
0	42.5235	85	51080
0	42.5682	90	51151
0	42.619	95	51242
0	42.6735	100	51337
0	42.7411	105	51459
0	42.8086	110	51569
0	42.8658	115	51695
0	42.9164	120	51799
0	42.9748	125	51924
0	43.0527	130	52067
0	43.1123	135	52193
0	43.1639	140	52300
0	43.2324	145	52451
0	43.3113	150	52598
0	43.3856	155	52769
0	43.4	141	52786
0	43.4293	145	52865
0	43.45	132	52890
0	43.45	124	52890
0	43.4502	125	52890
0	43.5	128	52984
0	43.5282	130	53035
0	43.55	131	53063
0	43.6	127	53144
0	43.65	129	53221
0	43.6562	130	53227
0	43.7615	135	53413
0	43.8618	140	53606
0	43.9443	145	53763
0	44.029	150	53936
0	44.1138	155	54103
0	44.2188	160	54353
0	44.2878	165	54514
0	44.377	170	54746
0	44.4557	175	54951
0	44.5406	180	55192
0	44.6144	185	55412
0	44.65	187	55526
0	44.65	163	55526
0	44.65	149	55526
0	44.6502	150	55527
0	44.6904	155	55647
0	44.776	160	55846
0	44.8913	165	56106
0	44.9781	170	56320
0	45.0637	175	56529
0	45.1484	180	56743
0	45.2491	185	57007
0	45.3294	190	57218
0	45.4039	195	57404
0	45.529	200	57731
0	45.6243	205	57984
0	45.7191	210	58230
0	45.7932	215	58444
0	45.8995	220	58717
0	45.9993	225	58999
0	46.13	230	59353
0	46.2227	235	59598
0	46.337	240	59925
0	46.4379	245	60212
0	47.5796	10	60502
0	47.6005	15	60507
0	47.6214	20	60517
0	47.6239	25	60527
0	47.6632	30	60549
0	47.6674	35	60569
0	47.7076	40	60610
0	47.7331	45	60648
0	47.7549	50	60693
0	47.793	55	60752
0	47.8357	60	60837
0	47.863	65	60892
0	47.8847	70	60958
0	47.922	75	61046
0	47.9511	80	61114
0	47.9729	85	61194
0	48.0126	90	61316
0	48.0491	95	61427
0	48.0821	100	61522
0	48.106	105	61619
0	48.1362	110	61724
0	48.1788	115	61871
0	48.2186	120	62003
0	48.2479	125	62099
0	48.278	130	62225
0	48.3212	135	62382
0	48.3595	140	62522
0	48.3972	145	62665
0	48.4407	150	62832
0	48.4842	155	62999
0	48.5302	160	63176
0	48.5731	165	63336
0	48.6202	170	63514
0	48.668	175	63691
0	48.7163	180	63872
0	48.7684	185	64075
0	48.8225	190	64287
0	48.8775	195	64494
0	48.926	200	64680
0	48.9809	205	64890
0	49.027	210	65068
0	49.0745	215	65251
0	49.1605	220	65567
0	49.2158	225	65784
0	49.25	198	65911
0	49.2505	200	65912
0	49.3	173	66086
0	49.3	173	66086
0	49.3089	175	66108
0	49.35	178	66222
0	49.35	178	66222
0	49.4	179	66337
0	49.4	179	66337
0	49.4184	180	66385
0	49.45	182	66462
0	49.45	182	66462
0	49.5	183	66591
0	49.5	164	66591
0	49.5	164	66591
0	49.5008	165	66591
0	49.55	166	66722
0	49.55	166	66722
0	49.55	166	66722
0	49.6	169	66847
0	49.6	169	66847
0	49.6234	170	66914
0	49.65	172	66976
0	49.65	172	66976
0	49.65	172	66976
0	49.7	174	67119
0	49.7	174	67119
0	49.7	157	67119
0	49.7399	160	67229
0	49.75	162	67256
0	49.75	139	67256
0	49.75	139	67256
0	49.7507	140	67258
0	49.8	143	67381
0	49.8	143	67381
0	49.8	143	67381
0	49.8	143	67381
0	49.8363	145	67471
0	49.85	145	67504
0	49.85	145	67504
0	49.85	145	67504
0	49.9	130	67634
0	49.9	130	67634
0	49.9	130	67634
0	49.9	105	67634
0	49.9499	110	67742
0	49.95	110	67743
0	49.95	100	67743
0	49.95	100	67743
0	50	103	67816
0	50	103	67816
0	50	103	67816
0	50	103	67816
0	50	103	67816
0	50.05	93	67894
0	50.05	93	67894
0	50.05	93	67894
0	50.0651	95	67914
0	50.1	95	67963
0	50.1	95	67963
0	50.1	95	67963
0	50.1	95	67963
0	50.15	96	68032
0	50.15	81	68032
0	50.15	81	68032
0	50.15	81	68032
0	50.1964	85	68100
0	50.2	85	68101
0	50.2	85	68101
0	50.2	85	68101
0	50.2	79	68101
0	50.2017	80	68103
0	50.25	82	68166
0	50.25	68	68166
0	50.25	68	68166
0	50.25	64	68166
0	50.2503	65	68166
0	50.3	63	68225
0	50.3	54	68225
0	50.3	51	68225
0	50.3187	55	68248
0	50.35	53	68267
0	50.35	45	68267
0	50.35	45	68267
0	50.35	43	68267
0	50.35	43	68267
0	50.3597	45	68275
0	50.4	43	68306
0	50.4	38	68306
0	50.4	38	68306
0	50.4143	40	68314
0	50.45	41	68334
0	50.5535	45	68395
0	50.6679	50	68477
0	50.7652	55	68556
0	50.8524	60	68636
0	50.9566	65	68729
0	51.0615	70	68857
0	51.1441	75	68944
0	51.2	78	69015
0	51.2	76	69015
0	51.2	66	69015
0	51.2	49	69015
0	51.201	50	69015
0	51.265	55	69091
0	51.3634	60	69192
0	51.4703	65	69291
0	51.5749	70	69420
0	51.6644	75	69514
0	51.7849	80	69666
0	51.8689	85	69762
0	51.9983	90	69932
0	52.1425	95	70095
0	52.2831	100	70252
0	52.4263	105	70426
0	53.5834	10	70585
0	53.6253	15	70590
0	53.6275	20	70595
0	53.6671	25	70600
0	53.6702	30	70612
0	53.7147	35	70643
0	53.7583	40	70676
0	53.8048	45	70718
0	53.8537	50	70763
0	53.9045	55	70813
0	53.9561	60	70868
0	54.0104	65	70959
0	54.0532	70	71018
0	54.096	75	71085
0	54.1388	80	71154
0	54.1854	85	71239
0	54.2292	90	71316
0	54.2804	95	71414
0	54.324	100	71499
0	54.3694	105	71591
0	54.4476	110	71750
0	54.4916	115	71840
0	54.5504	120	71962
0	54.6028	125	72072
0	54.6724	130	72233
0	54.7343	135	72351
0	54.7891	140	72470
0	54.8472	145	72602
0	54.9386	150	72801
0	54.95	138	72831
0	54.9534	140	72838
0	55	143	72942
0	55.015	145	72979
0	55.095	150	73134
0	55.15	145	73250
0	55.1791	150	73321
0	55.2	146	73351
0	55.2603	150	73474
0	55.3764	155	73707
0	55.4633	160	73877
0	55.5502	165	74056
0	55.6149	170	74221
0	55.7392	175	74517
0	55.8184	180	74708
0	55.8874	185	74889
0	55.965	190	75122
0	56.0714	195	75409
0	56.1369	200	75626
0	56.2093	205	75845
0	56.25	204	75976
0	56.25	180	75976
0	56.2924	185	76116
0	56.3853	190	76386
0	56.4564	195	76593
0	56.5384	200	76845
0	56.6353	205	77150
0	56.6993	210	77348
0	56.7958	215	77638
0	56.9015	220	77968
0	56.9808	225	78196
0	57.0696	230	78470
0	57.1588	235	78737
0	57.2907	240	79120
0	57.382	245	79388
0	57.4726	250	79653
0	57.5781	255	79962
0	57.7057	260	80334
0	57.8072	265	80631
0	58.8601	10	80668
0	58.9021	15	80673
0	58.903	20	80678
0	58.944	25	80683
0	58.9449	30	80690
0	58.9901	35	80723
0	59.033	40	80758
0	59.0759	45	80798
0	59.1188	50	80843
0	59.1623	55	80894
0	59.206	60	80949
0	59.2496	65	81010
0	59.2933	70	81076
0	59.3369	75	81146
0	59.3822	80	81221
0	59.4294	85	81301
0	59.4783	90	81386
0	59.529	95	81476
0	59.5806	100	81583
0	59.6319	105	81697
0	59.679	110	81793
0	59.7365	115	81915
0	59.7936	120	82036
0	59.8488	125	82155
0	59.9032	130	82271
0	59.9721	135	82408
0	60.0373	140	82556
0	60.1034	145	82699
0	60.1615	150	82833
0	60.2473	155	83023
0	60.3119	160	83167
0	60.3808	165	83324
0	60.4406	170	83454
0	60.528	175	83654
0	60.55	158	83713
0	60.5601	160	83742
0	60.6	163	83827
0	60.6462	165	83917
0	60.65	147	83925
0	60.65	129	83925
0	60.6501	130	83925
0	60.697	135	84017
0	60.7	135	84022
0	60.7	135	84022
0	60.75	126	84093
0	60.75	107	84093
0	60.75	107	84093
0	60.762	110	84113
0	60.8	103	84168
0	60.8	103	84168
0	60.8	83	84168
0	60.8	83	84168
0	60.8	83	84168
0	60.8102	85	84175
0	60.85	87	84220
0	60.85	83	84220
0	60.85	83	84220
0	60.9	84	84251
0	60.9173	85	84257
0	60.95	86	84281
0	60.95	86	84281
0	60.95	83	84281
0	60.95	83	84281
0	61	84	84320
0	61	84	84320
0	61	84	84320
0	61	84	84320
0	61	82	84320
0	61.05	84	84366
0	61.05	84	84366
0	61.05	84	84366
0	61.0827	85	84390
0	61.1	86	84422
0	61.1	86	84422
0	61.1	75	84422
0	61.1	75	84422
0	61.15	78	84472
0	61.15	78	84472
0	61.15	78	84472
0	61.15	72	84472
0	61.2	74	84516
0	61.2	74	84516
0	61.2	70	84516
0	61.2	70	84516
0	61.25	71	84560
0	61.25	71	84560
0	61.3	73	84615
0	61.3058	75	84631
0	61.3934	80	84740
0	61.4786	85	84854
0	61.5457	90	84937
0	61.6061	95	85045
0	61.6787	100	85151
0	61.7318	105	85260
0	61.8078	110	85390
0	61.8764	115	85547
0	61.9345	120	85653
0	62.0229	125	85850
0	62.0937	130	86011
0	62.1595	135	86163
0	62.2143	140	86294
0	62.3	144	86486
0	62.3	126	86486
0	62.3255	130	86552
0	62.4111	135	86709
0	62.4932	140	86884
0	62.5714	145	87044
0	62.663	150	87224
0	62.7678	155	87442
0	62.8388	160	87591
0	62.9674	165	87842
0	63.0615	170	88031
0	63.154	175	88225
0	63.268	180	88470
0	63.3834	185	88720
0	63.4858	190	88941
0	63.5811	195	89183
0	63.6717	200	89411
0	63.7989	205	89730
0	63.8687	210	89920
0	63.9737	215	90224
0	64.0631	220	90494
0	65.189	10	90751
0	65.2316	15	90756
0	65.2326	20	90761
0	65.2742	25	90767
0	65.2753	30	90774
0	65.3198	35	90804
0	65.3634	40	90839
0	65.4087	45	90884
0	65.4558	50	90929
0	65.5047	55	90979
0	65.5554	60	91034
0	65.6069	65	91094
0	65.6609	70	91170
0	65.7199	75	91260
0	65.7698	80	91331
0	65.8215	85	91407
0	65.8793	90	91505
0	65.9549	95	91609
0	66.0105	100	91712
0	66.0541	105	91784
0	66.1077	110	91875
0	66.1929	115	92028
0	66.2561	120	92139
0	66.3169	125	92259
0	66.3688	130	92354
0	66.4532	135	92506
0	66.539	140	92665
0	66.6	130	92772
0	66.6	117	92772
0	66.6128	120	92809
0	66.65	121	92862
0	66.65	121	92862
0	66.7496	125	93007
0	66.8	128	93081
0	66.8	112	93081
0	66.8	96	93081
0	66.8	88	93081
0	66.8059	90	93088
0	66.85	94	93156
0	66.85	94	93156
0	66.85	94	93156
0	66.85	94	93156
0	66.8631	95	93173
0	66.9	95	93206
0	67	99	93311
0	67	99	93311
0	67	90	93311
0	67.1184	95	93441
0	67.2613	100	93589
0	67.4079	105	93752
0	67.5078	110	93873
0	67.6181	115	94023
0	67.7454	120	94216
0	67.8409	125	94367
0	67.9499	130	94545
0	68	132	94638
0	68	117	94638
0	68	103	94638
0	68	98	94638
0	68.0094	100	94651
0	68.05	103	94727
0	68.05	95	94727
0	68.1	98	94792
0	68.1	98	94792
0	68.1	89	94792
0	68.1	84	94792
0	68.1093	85	94802
0	68.2214	90	94940
0	68.3283	95	95078
0	68.453	100	95249
0	68.5698	105	95418
0	68.6748	110	95576
0	68.785	115	95747
0	68.9211	120	95949
0	68.998	125	96071
0	69.1453	130	96300
0	69.2827	135	96512
0	69.4522	140	96770
0	69.5538	145	96926
0	69.7321	150	97213
0	69.8772	155	97452
0	70.0241	160	97719
0	70.15	164	97957
0	70.15	149	97957
0	70.15	149	97957
0	70.1502	150	97957
0	70.2722	155	98175
0	70.4853	160	98546
0	70.6193	165	98795
0	70.7708	170	99076
0	70.9408	175	99412
0	71.0691	180	99669
0	71.2212	185	99978
0	71.3885	190	100304
0	71.509	195	100558
0	72.6848	10	100834
0	72.7265	15	100839
0	72.7284	20	100844
0	72.7695	25	100851
0	72.7718	30	100859
0	72.8208	35	100890
0	72.8975	40	100937
0	72.9403	45	100972
0	72.988	50	101019
0	73.0365	55	101067
0	73.1114	60	101139
0	73.1544	65	101192
0	73.2084	70	101259
0	73.2849	75	101360
0	73.3312	80	101423
0	73.3801	85	101497
0	73.4629	90	101605
0	73.5427	95	101725
0	73.6097	100	101835
0	73.6667	105	101933
0	73.737	110	102056
0	73.7958	115	102162
0	73.85	111	102265
0	73.85	98	102265
0	73.8517	100	102267
0	73.9	100	102358
0	73.9491	105	102441
0	74.0251	110	102570
0	74.1055	115	102716
0	74.1646	120	102834
0	74.2525	125	103002
0	74.3139	130	103121
0	74.4041	135	103311
0	74.4669	140	103453
0	74.5512	145	103637
0	74.6236	150	103808
0	74.7058	155	104003
0	74.7812	160	104173
0	74.85	164	104361
0	74.85	148	104361
0	74.85	148	104361
0	74.8775	150	104417
0	74.9401	155	104580
0	75.0178	160	104770
0	75.099	165	104962
0	75.1888	170	105195
0	75.2744	175	105426
0	75.3494	180	105616
0	75.4341	185	105849
0	75.5135	190	106073
0	75.6116	195	106355
0	75.7021	200	106620
0	75.7868	205	106857
0	75.8704	210	107089
0	75.94	215	107305
0	76.0403	220	107608
0	76.1432	225	107931
0	76.2207	230	108168
0	76.3093	235	108453
0	76.407	240	108770
0	76.4829	245	109020
0	76.5745	250	109326
0	76.6765	255	109655
0	76.7477	260	109902
0	76.8679	265	110294
0	76.95	269	110580
0	76.9683	270	110653
0	78.0865	10	110917
0	78.1278	15	110922
0	78.1297	20	110927
0	78.1697	25	110932
0	78.1721	30	110944
0	78.2158	35	110974
0	78.2595	40	111010
0	78.3031	45	111050
0	78.3466	50	111095
0	78.3902	55	111145
0	78.4338	60	111200
0	78.4793	65	111260
0	78.5265	70	111325
0	78.5764	75	111395
0	78.6281	80	111470
0	78.6841	85	111589
0	78.7269	90	111663
0	78.7712	95	111743
0	78.8248	100	111856
0	78.8746	105	111953
0	78.9262	110	112057
0	78.9926	115	112191
0	79.0439	120	112296
0	79.0943	125	112404
0	79.1705	130	112559
0	79.2258	135	112678
0	79.2821	140	112810
0	79.3564	145	112964
0	79.4047	150	113079
0	79.4867	155	113274
0	79.5444	160	113419
0	79.6	149	113541
0	79.607	150	113554
0	79.65	153	113664
0	79.6679	155	113703
0	79.7384	160	113868
0	79.8	163	114009
0	79.8218	165	114049
0	79.85	166	114120
0	79.9	150	114247
0	79.9	130	114247
0	79.9	130	114247
0	79.9221	135	114300
0	79.95	136	114364
0	79.95	136	114364
0	80	119	114452
0	80	120	114452
0	80.05	123	114556
0	80.05	114	114556
0	80.0503	115	114556
0	80.1	107	114643
0	80.1	95	114643
0	80.1	73	114643
0	80.1	73	114643
0	80.1	73	114643
0	80.1028	75	114650
0	80.15	78	114723
0	80.15	71	114723
0	80.15	71	114723
0	80.15	71	114723
0	80.2234	75	114780
0	80.3228	80	114880
0	80.4003	85	114959
0	80.5118	90	115072
0	80.5673	95	115155
0	80.6483	100	115265
0	80.7292	105	115381
0	80.8092	110	115504
0	80.8622	115	115602
0	80.9631	120	115776
0	81.0271	125	115901
0	81.0969	130	116029
0	81.1833	135	116200
0	81.2	135	116234
0	81.2	121	116234
0	81.2	110	116234
0	81.2	93	116234
0	81.2083	95	116249
0	81.2389	100	116311
0	81.25	100	116329
0	81.25	100	116329
0	81.25	93	116329
0	81.274	95	116351
0	81.3	96	116393
0	81.3	96	116393
0	81.3	96	116393
0	81.35	97	116456
0	81.35	93	116456
0	81.35	93	116456
0	81.35	71	116456
0	81.3903	75	116507
0	81.4	72	116521
0	81.4	72	116521
0	81.4	72	116521
0	81.4	72	116521
0	81.45	73	116570
0	81.45	71	116570
0	81.4833	75	116608
0	81.5	75	116624
0	81.5	69	116624
0	81.5	69	116624
0	81.5012	70	116626
0	81.55	71	116680
0	81.55	67	116680
0	81.55	66	116680
0	81.55	66	116680
0	81.6	69	116734
0	81.6	69	116734
0	81.6	67	116734
0	81.6476	70	116787
0	81.65	57	116792
0	81.65	55	116792
0	81.65	55	116792
0	81.6882	60	116835
0	81.7	61	116852
0	81.7	61	116852
0	81.7	60	116852
0	81.75	62	116899
0	81.7809	65	116942
0	81.8264	70	116996
0	81.8737	75	117056
0	81.9316	80	117125
0	81.95	69	117149
0	81.9511	70	117151
0	81.9988	75	117226
0	82	75	117228
0	82.05	78	117293
0	82.0606	80	117302
0	82.1	82	117364
0	82.1359	85	117410
0	82.1866	90	117492
0	82.2	84	117524
0	82.2162	85	117531
0	82.2735	90	117623
0	82.3	80	117672
0	82.35	77	117749
0	82.384	80	117791
0	82.4	77	117821
0	82.4306	80	117853
0	82.4862	85	117937
0	82.55	83	118026
0	82.5708	85	118049
0	82.6	84	118094
0	82.6146	85	118116
0	82.6882	90	118221
0	82.7	89	118242
0	82.7002	90	118242
0	82.7868	95	118369
0	82.874	100	118503
0	82.9454	105	118632
0	83.0485	110	118802
0	83.1455	115	118945
0	83.2469	120	119122
0	83.3431	125	119284
0	83.4061	130	119394
0	83.5317	135	119624
0	83.5984	140	119759
0	83.6874	145	119934
0	83.8	148	120162
0	83.808	150	120171
0	83.8709	155	120312
0	83.9879	160	120553
0	84.091	165	120781
0	84.1633	170	120932
0	85.2318	10	121000
0	85.2729	15	121008
0	85.2746	20	121014
0	85.3148	25	121029
0	85.3182	30	121041
0	85.3594	35	121071
0	85.3845	40	121103
0	85.4189	45	121143
0	85.4499	50	121193
0	85.4935	55	121257
0	85.5343	60	121321
0	85.5733	65	121384
0	85.6161	70	121463
0	85.6589	75	121551
0	85.7017	80	121645
0	85.7444	85	121742
0	85.7872	90	121841
0	85.83	95	121940
0	85.8728	100	122040
0	85.921	105	122162
0	85.9689	110	122283
0	86.0251	115	122419
0	86.0811	120	122551
0	86.1287	125	122679
0	86.1886	130	122843
0	86.2403	135	122976
0	86.3139	140	123181
0	86.3686	145	123335
0	86.4	140	123414
0	86.4345	145	123509
0	86.45	142	123555
0	86.4875	145	123657
0	86.563	150	123867
0	86.6316	155	124050
0	86.718	160	124290
0	86.7868	165	124474
0	86.8554	170	124667
0	86.9182	175	124838
0	87.0237	180	125126
0	87.11	185	125369
0	87.1727	190	125565
0	87.2508	195	125789
0	87.3388	200	126048
0	87.4207	205	126297
0	87.5	209	126535
0	87.5221	210	126602
0	87.6042	215	126864
0	87.6719	220	127090
0	87.7394	225	127317
0	87.8422	230	127688
0	87.9195	235	127967
0	87.9928	240	128239
0	88.0632	245	128511
0	88.1444	250	128822
0	88.22	255	129106
0	88.3164	260	129469
0	88.3988	265	129789
0	88.4912	270	130134
0	88.5657	275	130408
0	88.6663	280	130785
0	89.795	10	131083
0	89.8373	15	131088
0	89.8386	20	131093
0	89.8802	25	131099
0	89.8814	30	131105
0	89.9261	35	131135
0	89.9695	40	131170
0	90.013	45	131211
0	90.056	50	131256
0	90.1002	55	131307
0	90.1465	60	131366
0	90.1946	65	131426
0	90.2445	70	131491
0	90.2967	75	131561
0	90.3543	80	131667
0	90.3971	85	131737
0	90.4412	90	131812
0	90.4917	95	131908
0	90.5379	100	131995
0	90.5952	105	132100
0	90.6541	110	132213
0	90.7087	115	132320
0	90.7737	120	132446
0	90.8546	125	132598
0	90.9128	130	132717
0	90.9737	135	132851
0	91.03	140	132966
0	91.1165	145	133139
0	91.1746	150	133265
0	91.2459	155	133415
0	91.25	140	133417
0	91.3	143	133519
0	91.323	145	133568
0	91.3839	150	133677
0	91.45	143	133802
0	91.45	127	133802
0	91.4632	130	133816
0	91.5	127	133894
0	91.5	127	133894
0	91.5378	130	133948
0	91.55	113	133966
0	91.55	109	133966
0	91.5501	110	133966
0	91.6308	115	134056
0	91.73	120	134176
0	91.8422	125	134333
0	91.9411	130	134482
0	92.0022	135	134591
0	92.0935	140	134750
0	92.1884	145	134920
0	92.259	150	135063
0	92.3274	155	135205
0	92.4433	160	135444
0	92.5044	165	135590
0	92.578	170	135763
0	92.6	170	135808
0	92.6	155	135808
0	92.6364	160	135898
0	92.65	160	135928
0	92.65	149	135928
0	92.65	122	135928
0	92.65	95	135928
0	92.683	100	135999
0	92.7	101	136026
0	92.7	101	136026
0	92.7	101	136026
0	92.7	94	136026
0	92.7	94	136026
0	92.7039	95	136026
0	92.75	96	136074
0	92.75	96	136074
0	92.8	98	136122
0	92.8	98	136122
0	92.8	98	136122
0	92.8	98	136122
0	92.85	99	136174
0	92.85	99	136174
0	92.85	99	136174
0	92.85	99	136174
0	92.9	99	136240
0	92.9	99	136240
0	92.9	99	136240
0	92.9	99	136240
0	92.9143	100	136262
0	92.95	100	136310
0	92.95	100	136310
0	92.95	100	136310
0	92.95	100	136310
0	93	100	136382
0	93	100	136382
0	93	100	136382
0	93.05	102	136458
0	93.05	93	136458
0	93.0627	95	136476
0	93.1	98	136532
0	93.1	98	136532
0	93.1	98	136532
0	93.1	93	136532
0	93.1493	95	136610
0	93.15	95	136611
0	93.15	79	136611
0	93.15	79	136611
0	93.1502	80	136611
0	93.2	83	136682
0	93.2	79	136682
0	93.2	79	136682
0	93.2	79	136682
0	93.2185	80	136710
0	93.25	80	136745
0	93.25	78	136745
0	93.25	78	136745
0	93.25	78	136745
0	93.2623	80	136767
0	93.3	81	136810
0	93.3	79	136810
0	93.3	79	136810
0	93.3	79	136810
0	93.3041	80	136814
0	93.35	80	136875
0	93.35	79	136875
0	93.35	79	136875
0	93.35	79	136875
0	93.3608	80	136901
0	93.4	82	136941
0	93.4	82	136941
0	93.45	75	137016
0	93.45	75	137016
0	93.45	67	137016
0	93.4516	70	137021
0	93.5	72	137084
0	93.521	75	137113
0	93.55	76	137142
0	93.5767	80	137181
0	93.65	84	137267
0	93.6692	85	137305
0	93.7522	90	137399
0	93.8103	95	137483
0	93.8729	100	137582
0	93.955	105	137677
0	94.0288	110	137801
0	94.117	115	137909
0	94.15	110	137957
0	94.2	110	138028
0	94.25	110	138095
0	94.3	112	138159
0	94.3267	115	138201
0	94.4	95	138283
0	94.4	94	138283
0	94.4	79	138283
0	94.4029	80	138283
0	94.45	84	138346
0	94.45	84	138346
0	94.4717	85	138355
0	94.5	87	138382
0	94.574	90	138437
0	94.6607	95	138515
0	94.7465	100	138602
0	94.8338	105	138698
0	94.9205	110	138804
0	95.0061	115	138919
0	95.0957	120	139044
0	95.1817	125	139171
0	95.2518	130	139298
0	95.3489	135	139457
0	95.434	140	139603
0	95.5	144	139741
0	95.5	126	139741
0	95.5381	130	139810
0	95.6551	135	139984
0	95.7435	140	140140
0	95.847	145	140328
0	95.943	150	140496
0	96.0398	155	140672
0	96.1269	160	140840
0	96.213	165	141010
0	97.3205	10	141166
0	97.3622	15	141171
0	97.363	20	141176
0	97.3841	25	141189
0	97.4041	30	141202
0	97.4291	35	141239
0	97.4513	40	141267
0	97.4896	45	141314
0	97.5167	50	141363
0	97.5595	55	141439
0	97.5812	60	141485
0	97.6184	65	141551
0	97.6533	70	141625
0	97.6899	75	141722
0	97.7129	80	141791
0	97.7551	85	141906
0	97.7927	90	142012
0	97.8235	95	142099
0	97.8677	100	142235
0	97.8979	105	142339
0	97.9257	110	142430
0	97.9719	115	142580
0	98.0147	120	142719
0	98.0589	125	142862
0	98.1027	130	143006
0	98.1537	135	143178
0	98.187	140	143287
0	98.2392	145	143467
0	98.2757	150	143604
0	98.3287	155	143782
0	98.3899	160	143983
0	98.4439	165	144166
0	98.484	170	144312
0	98.5	161	144361
0	98.525	165	144457
0	98.55	166	144531
0	98.5982	170	144690
0	98.6	170	144695
0	98.65	174	144860
0	98.653	175	144867
0	98.7	178	145027
0	98.7336	180	145148
0	98.75	178	145200
0	98.7775	180	145292
0	98.8	179	145368
0	98.8082	180	145394
0	98.8576	185	145557
0	98.9252	190	145786
0	98.95	189	145867
0	98.9538	190	145879
0	98.9937	195	146014
0	99.05	169	146205
0	99.05	139	146205
0	99.0501	140	146205
0	99.0773	145	146290
0	99.1	146	146334
0	99.1	146	146334
0	99.15	148	146422
0	99.15	148	146422
0	99.1705	150	146463
0	99.2	150	146510
0	99.2	131	146510
0	99.2	131	146510
0	99.2413	135	146598
0	99.25	135	146621
0	99.25	135	146621
0	99.25	135	146621
0	99.3	137	146714
0	99.3	137	146714
0	99.35	139	146824
0	99.35	139	146824
0	99.35	118	146824
0	99.35	118	146824
0	99.3813	120	146892
0	99.4	121	146933
0	99.4	121	146933
0	99.4	121	146933
0	99.4	121	146933
0	99.45	122	147029
0	99.45	122	147029
0	99.4935	125	147123
0	99.5	126	147143
0	99.5	115	147143
0	99.5	115	147143
0	99.5	115	147143
0	99.5472	120	147252
0	99.55	120	147256
0	99.55	120	147256
0	99.55	120	147256
0	99.6	123	147373
0	99.6	123	147373
0	99.6	123	147373
0	99.6	123	147373
0	99.6336	125	147462
0	99.65	126	147509
0	99.65	108	147509
0	99.65	90	147509
0	99.6771	95	147572
0	99.7	95	147605
0	99.75	98	147674
0	99.75	98	147674
0	99.75	98	147674
0	99.75	87	147674
0	99.7954	90	147739
0	99.8	90	147743
0	99.8	79	147743
0	99.8	79	147743
0	99.8	79	147743
0	99.8127	80	147752
0	99.85	81	147796
0	99.9176	85	147863
0	100.023	90	147978
0	100.128	95	148094
0	100.206	100	148194
0	100.31	105	148337
0	100.389	110	148456
0	100.461	115	148574
0	100.553	120	148732
0	100.6	123	148822
0	100.6	112	148822
0	100.6	103	148822
0	100.6	85	148822
0	100.64	90	148895
0	100.65	90	148904
0	100.65	90	148904
0	100.65	85	148904
0	100.7	87	148962
0	100.7	81	148962
0	100.7	81	148962
0	100.7	78	148962
0	100.7	78	148962
0	100.705	80	148970
0	100.75	76	149033
0	100.75	74	149033
0	100.75	74	149033
0	100.752	75	149036
0	100.8	77	149107
0	100.845	80	149171
0	100.935	85	149322
0	101.006	90	149449
0	101.078	95	149593
0	101.151	100	149745
0	101.222	105	149904
0	101.291	110	150066
0	101.374	115	150272
0	101.429	120	150416
0	101.502	125	150620
0	101.581	130	150827
0	101.671	135	151062
0	102.79	10	151249
0	102.832	15	151254
0	102.834	20	151259
0	102.874	25	151264
0	102.877	30	151274
0	102.922	35	151304
0	102.965	40	151340
0	103.009	45	151380
0	103.053	50	151425
0	103.096	55	151476
0	103.14	60	151531
0	103.184	65	151591
0	103.227	70	151656
0	103.271	75	151726
0	103.315	80	151802
0	103.361	85	151882
0	103.408	90	151967
0	103.457	95	152057
0	103.508	100	152164
0	103.559	105	152283
0	103.602	110	152380
0	103.645	115	152481
0	103.694	120	152600
0	103.758	125	152737
0	103.818	130	152882
0	103.871	135	153033
0	103.915	140	153147
0	103.96	145	153264
0	104.015	150	153413
0	104.072	155	153564
0	104.13	160	153724
0	104.197	165	153903
0	104.255	170	154070
0	104.309	175	154224
0	104.404	180	154487
0	104.452	185	154626
0	104.5	173	154767
0	104.532	175	154869
0	104.55	177	154924
0	104.591	180	155033
0	104.6	180	155068
0	104.65	162	155209
0	104.65	143	155209
0	104.65	143	155209
0	104.658	145	155231
0	104.7	148	155342
0	104.7	148	155342
0	104.7	148	155342
0	104.727	150	155403
0	104.75	150	155444
0	104.75	150	155444
0	104.8	142	155550
0	104.8	142	155550
0	104.844	145	155645
0	104.85	145	155659
0	104.85	145	155659
0	104.9	148	155774
0	104.9	148	155774
0	104.935	150	155844
0	104.95	151	155895
0	104.95	151	155895
0	105	154	156015
0	105.015	155	156052
0	105.05	156	156132
0	105.076	160	156189
0	105.1	160	156258
0	105.1	135	156258
0	105.1	128	156258
0	105.101	130	156261
0	105.15	135	156385
0	105.15	135	156386
0	105.15	135	156386
0	105.15	131	156386
0	105.2	133	156486
0	105.2	107	156486
0	105.2	107	156486
0	105.2	104	156486
0	105.201	105	156487
0	105.25	108	156591
0	105.25	108	156591
0	105.25	108	156591
0	105.294	110	156666
0	105.3	110	156675
0	105.3	108	156675
0	105.3	108	156675
0	105.3	108	156675
0	105.336	110	156739
0	105.35	111	156768
0	105.35	109	156768
0	105.357	110	156777
0	105.4	112	156859
0	105.4	112	156859
0	105.423	115	156909
0	105.45	105	156957
0	105.45	105	156957
0	105.45	105	156957
0	105.5	103	157055
0	105.5	103	157055
0	105.5	103	157055
0	105.529	105	157112
0	105.55	108	157155
0	105.55	108	157155
0	105.591	110	157229
0	105.6	112	157253
0	105.642	115	157337
0	105.65	101	157355
0	105.65	101	157355
0	105.684	105	157432
0	105.7	105	157454
0	105.7	105	157454
0	105.75	108	157549
0	105.75	108	157549
0	105.762	110	157585
0	105.8	112	157660
0	105.82	115	157709
0	105.85	109	157773
0	105.85	110	157774
0	105.9	114	157880
0	105.902	115	157883
0	105.95	118	157987
0	105.972	120	158042
0	106	122	158094
0	106.019	125	158158
0	106.073	130	158289
0	106.1	117	158347
0	106.104	120	158367
0	106.15	125	158479
0	106.15	125	158480
0	106.2	128	158600
0	106.213	130	158624
0	106.277	135	158788
0	106.322	140	158906
0	106.37	145	159034
0	106.419	150	159170
0	106.45	125	159239
0	106.477	130	159325
0	106.5	132	159381
0	106.537	135	159465
0	106.55	136	159495
0	106.595	140	159600
0	106.6	140	159610
0	106.65	142	159734
0	106.67	145	159803
0	106.738	150	159960
0	106.75	150	159980
0	106.8	154	160103
0	106.805	155	160122
0	106.85	157	160227
0	106.872	160	160314
0	106.9	162	160359
0	106.95	165	160492
0	107	153	160624
0	107.013	155	160666
0	107.05	158	160755
0	107.072	160	160822
0	107.1	160	160873
0	107.15	163	160991
0	107.157	165	161007
0	107.236	170	161216
0	107.25	161	161240
0	108.322	10	161332
0	108.364	15	161337
0	108.365	20	161342
0	108.406	25	161347
0	108.407	30	161352
0	108.451	35	161382
0	108.493	40	161417
0	108.536	45	161457
0	108.581	50	161506
0	108.625	55	161559
0	108.668	60	161613
0	108.712	65	161671
0	108.758	70	161739
0	108.807	75	161810
0	108.858	80	161885
0	108.909	85	161969
0	108.964	90	162087
0	109.007	95	162165
0	109.052	100	162254
0	109.104	105	162361
0	109.154	110	162464
0	109.205	115	162575
0	109.264	120	162723
0	109.312	125	162826
0	109.392	130	162987
0	109.435	135	163093
0	109.504	140	163244
0	109.562	145	163393
0	109.618	150	163531
0	109.697	155	163703
0	109.745	160	163815
0	109.821	165	164025
0	109.9	154	164186
0	109.903	155	164191
0	109.95	159	164301
0	109.97	160	164361
0	110	161	164405
0	110.061	165	164533
0	110.1	167	164615
0	110.15	151	164720
0	110.15	151	164720
0	110.2	135	164828
0	110.2	135	164828
0	110.2	135	164828
0	110.25	139	164925
0	110.25	139	164925
0	110.25	119	164925
0	110.25	120	164925
0	110.3	123	165007
0	110.3	123	165007
0	110.3	123	165007
0	110.345	125	165072
0	110.35	125	165081
0	110.35	125	165081
0	110.35	114	165081
0	110.364	115	165101
0	110.4	117	165160
0	110.4	117	165160
0	110.4	117	165160
0	110.45	109	165228
0	110.45	109	165228
0	110.45	109	165228
0	110.451	110	165229
0	110.5	101	165299
0	110.5	101	165299
0	110.5	96	165299
0	110.55	99	165365
0	110.55	99	165365
0	110.55	99	165365
0	110.571	100	165389
0	110.6	101	165421
0	110.6	101	165421
0	110.6	97	165421
0	110.65	99	165481
0	110.65	99	165481
0	110.65	99	165481
0	110.659	100	165495
0	110.7	101	165546
0	110.7	98	165546
0	110.734	100	165591
0	110.75	102	165611
0	110.75	95	165611
0	110.75	88	165611
0	110.763	90	165629
0	110.8	90	165678
0	110.8	88	165678
0	110.8	84	165678
0	110.802	85	165680
0	110.85	88	165735
0	110.85	84	165735
0	110.862	85	165751
0	110.9	86	165793
0	110.9	84	165793
0	110.9	83	165793
0	110.9	80	165793
0	110.95	83	165851
0	110.95	54	165851
0	110.95	55	165851
0	111.036	60	165938
0	111.121	65	166012
0	111.207	70	166094
0	111.312	75	166196
0	111.405	80	166311
0	111.499	85	166440
0	111.592	90	166585
0	111.673	95	166700
0	111.764	100	166840
0	111.855	105	166982
0	111.95	108	167145
0	111.95	106	167145
0	111.95	87	167145
0	111.95	66	167145
0	111.978	70	167185
0	112.102	75	167321
0	112.199	80	167432
0	112.328	85	167567
0	112.468	90	167735
0	112.585	95	167867
0	112.752	100	168062
0	112.884	105	168227
0	112.981	110	168355
0	113.116	115	168547
0	113.253	120	168762
0	113.386	125	168973
0	113.521	130	169187
0	113.644	135	169422
0	113.762	140	169648
0	113.89	145	169898
0	114	149	170118
0	114	130	170118
0	114	104	170118
0	114	104	170118
0	114	104	170118
0	114.01	105	170129
0	114.119	110	170302
0	114.303	115	170551
0	114.501	120	170803
0	114.678	125	171029
0	114.904	130	171328
0	116.008	10	171415
0	116.049	15	171420
0	116.051	20	171425
0	116.091	25	171430
0	116.094	30	171440
0	116.138	35	171468
0	116.185	40	171507
0	116.235	45	171547
0	116.288	50	171592
0	116.358	55	171659
0	116.404	60	171709
0	116.467	65	171764
0	116.525	70	171832
0	116.588	75	171907
0	116.677	80	172006
0	116.733	85	172081
0	116.79	90	172161
0	116.887	95	172285
0	116.953	100	172372
0	117.022	105	172471
0	117.097	110	172567
0	117.199	115	172724
0	117.25	108	172798
0	117.25	98	172798
0	117.251	100	172800
0	117.3	102	172872
0	117.3	102	172872
0	117.338	105	172926
0	117.35	93	172934
0	117.367	95	172963
0	117.4	96	173002
0	117.4	96	173002
0	117.4	96	173002
0	117.45	98	173064
0	117.45	98	173064
0	117.494	100	173122
0	117.5	100	173125
0	117.5	100	173125
0	117.5	100	173125
0	117.55	85	173188
0	117.55	85	173188
0	117.6	87	173252
0	117.6	87	173252
0	117.6	87	173252
0	117.6	87	173252
0	117.672	90	173339
0	117.7	92	173365
0	117.7	86	173365
0	117.7	80	173365
0	117.7	71	173365
0	117.714	75	173384
0	117.75	76	173423
0	117.8	73	173474
0	117.8	69	173474
0	117.8	65	173474
0	117.835	70	173510
0	117.85	67	173523
0	117.85	60	173523
0	117.9	60	173565
0	117.9	57	173565
0	117.921	60	173575
0	117.95	57	173600
0	117.969	60	173610
0	118	56	173635
0	118	54	173635
0	118	52	173635
0	118.031	55	173658
0	118.05	52	173669
0	118.05	49	173669
0	118.052	50	173669
0	118.14	55	173741
0	118.269	60	173855
0	118.397	65	173982
0	118.525	70	174122
0	118.655	75	174282
0	118.777	80	174436
0	118.894	85	174603
0	119.071	90	174847
0	119.1	91	174895
0	119.1	91	174895
0	119.1	61	174895
0	119.1	59	174895
0	119.104	60	174895
0	119.15	62	174964
0	119.236	65	175042
0	119.428	70	175217
0	119.586	75	175382
0	119.741	80	175553
0	119.964	85	175781
0	120.115	90	175956
0	120.322	95	176203
0	120.506	100	176454
0	120.69	105	176698
0	120.861	110	176946
0	121.025	115	177195
0	121.2	119	177483
0	121.203	120	177488
0	121.25	122	177566
0	121.25	122	177566
0	121.25	92	177566
0	121.25	92	177566
0	121.285	95	177616
0	121.35	99	177698
0	121.35	99	177698
0	121.35	99	177698
0	121.351	100	177699
0	121.4	103	177758
0	121.4	103	177758
0	121.423	105	177785
0	121.45	107	177824
0	121.45	107	177824
0	121.479	110	177863
0	121.5	111	177904
0	121.5	111	177904
0	121.541	115	177965
0	121.55	115	177986
0	121.55	115	177986
0	121.55	84	177986
0	121.55	84	177986
0	121.551	85	177986
0	121.597	90	178068
0	121.6	90	178072
0	121.6	90	178072
0	121.65	94	178139
0	121.65	94	178139
0	121.652	95	178141
0	121.7	99	178213
0	121.7	99	178213
0	121.713	100	178232
0	121.75	102	178299
0	121.75	102	178299
0	121.775	105	178345
0	121.8	107	178391
0	121.8	107	178391
0	121.825	110	178441
0	121.85	111	178489
0	121.85	111	178489
0	121.85	93	178489
0	121.868	95	178524
0	121.9	98	178586
0	121.9	98	178586
0	121.922	100	178620
0	121.95	101	178676
0	121.997	105	178766
0	122	105	178768
0	122.05	108	178856
0	122.069	110	178889
0	122.1	102	178957
0	122.126	105	179014
0	122.15	102	179052
0	122.179	105	179112
0	122.2	102	179146
0	122.223	105	179188
0	122.25	105	179240
0	122.303	110	179344
0	122.384	115	179502
0	122.436	120	179609
0	122.519	125	179774
0	122.599	130	179950
0	122.6	129	179953
0	122.613	130	179983
0	122.698	135	180168
0	122.79	140	180352
0	122.881	145	180540
0	122.954	150	180706
0	123.053	155	180922
0	123.136	160	181104
0	123.207	165	181271
0	124.319	10	181498
0	124.34	15	181503
0	124.341	20	181508
0	124.382	25	181519
0	124.384	30	181530
0	124.427	35	181571
0	124.45	40	181606
0	124.471	45	181641
0	124.51	50	181692
0	124.537	55	181749
0	124.559	60	181797
0	124.595	65	181863
0	124.626	70	181942
0	124.667	75	182047
0	124.689	80	182111
0	124.721	85	182197
0	124.754	90	182303
0	124.777	95	182382
0	124.806	100	182476
0	124.843	105	182606
0	124.871	110	182706
0	124.909	115	182844
0	124.945	120	182970
0	124.979	125	183093
0	125.008	130	183209
0	125.044	135	183337
0	125.088	140	183500
0	125.12	145	183627
0	125.162	150	183786
0	125.204	155	183951
0	125.255	160	184135
0	125.291	165	184271
0	125.35	170	184492
0	125.403	175	184685
0	125.447	180	184842
0	125.511	185	185073
0	125.553	190	185236
0	125.608	195	185428
0	125.681	200	185678
0	125.732	205	185870
0	125.808	210	186136
0	125.876	215	186369
0	125.928	220	186546
0	125.991	225	186767
0	126	209	186801
0	126.005	210	186818
0	126.05	182	186967
0	126.05	182	186967
0	126.05	152	186967
0	126.076	155	187044
0	126.1	158	187086
0	126.178	160	187192
0	126.27	165	187350
0	126.368	170	187522
0	126.493	175	187778
0	126.564	180	187953
0	126.636	185	188128
0	126.732	190	188400
0	126.794	195	188586
0	126.87	200	188816
0	126.932	205	189027
0	126.995	210	189244
0	127.05	213	189450
0	127.05	189	189450
0	127.05	166	189450
0	127.061	170	189486
0	127.1	170	189576
0	127.1	170	189576
0	127.1	170	189576
0	127.15	172	189669
0	127.15	172	189669
0	127.15	172	189669
0	127.2	174	189767
0	127.2	174	189767
0	127.2	146	189767
0	127.2	146	189767
0	127.2	146	189767
0	127.2	146	189767
0	127.25	149	189869
0	127.25	149	189869
0	127.25	121	189869
0	127.25	121	189869
0	127.25	121	189869
0	127.25	121	189869
0	127.3	123	189940
0	127.3	123	189940
0	127.3	123	189940
0	127.3	123	189940
0	127.3	123	189940
0	127.3	123	189940
0	127.3	123	189940
0	127.3	123	189940
0	127.3	123	189940
0	127.35	123	190011
0	127.35	123	190011
0	127.35	123	190011
0	127.35	123	190011
0	127.4	124	190082
0	127.4	124	190082
0	127.4	124	190082
0	127.4	124	190082
0	127.4	124	190082
0	127.4	124	190082
0	127.4	125	190082
0	127.45	116	190178
0	127.45	116	190178
0	127.45	116	190178
0	127.45	116	190178
0	127.45	116	190178
0	127.45	116	190178
0	127.45	116	190178
0	127.5	118	190271
0	127.5	118	190271
0	127.5	118	190271
0	127.5	118	190271
0	127.5	112	190271
0	127.5	112	190271
0	127.5	112	190271
0	127.543	115	190360
0	127.55	116	190374
0	127.55	116	190374
0	127.55	116	190374
0	127.55	116	190374
0	127.55	116	190374
0	127.6	118	190488
0	127.6	118	190488
0	127.6	118	190488
0	127.6	118	190488
0	127.6	118	190488
0	127.6	118	190488
0	127.634	120	190569
0	127.65	120	190613
0	127.65	117	190613
0	127.65	103	190613
0	127.65	103	190613
0	127.65	103	190613
0	127.65	103	190613
0	127.65	103	190613
0	127.65	101	190613
0	127.65	101	190613
0	127.696	105	190732
0	127.746	110	190856
0	127.799	115	190996
0	127.857	120	191152
0	127.904	125	191296
0	127.954	130	191442
0	129.045	10	191581
0	129.087	15	191588
0	129.088	20	191595
0	129.129	25	191609
0	129.132	30	191622
0	129.173	35	191651
0	129.199	40	191684
0	129.234	45	191723
0	129.286	50	191790
0	129.328	55	191843
0	129.373	60	191910
0	129.417	65	191985
0	129.446	70	192047
0	129.497	75	192143
0	129.551	80	192251
0	129.6	85	192353
0	129.643	90	192436
0	129.696	95	192544
0	129.763	100	192683
0	129.807	105	192783
0	129.856	110	192899
0	129.908	115	193013
0	129.98	120	193181
0	130.027	125	193295
0	130.094	130	193458
0	130.135	135	193563
0	130.198	140	193742
0	130.2	130	193748
0	130.2	121	193748
0	130.23	125	193827
0	130.25	121	193880
0	130.297	125	193994
0	130.3	121	194001
0	130.3	116	194001
0	130.326	120	194068
0	130.35	119	194123
0	130.361	120	194151
0	130.4	120	194246
0	130.485	125	194454
0	130.539	130	194594
0	130.602	135	194754
0	130.667	140	194935
0	130.737	145	195128
0	130.795	150	195298
0	130.873	155	195532
0	130.936	160	195717
0	131.006	165	195944
0	131.062	170	196117
0	131.12	175	196313
0	131.193	180	196540
0	131.253	185	196752
0	131.331	190	196998
0	131.39	195	197200
0	131.45	197	197400
0	131.45	174	197400
0	131.45	164	197400
0	131.451	165	197402
0	131.494	170	197544
0	131.5	170	197566
0	131.577	175	197785
0	131.65	180	198004
0	131.712	185	198195
0	131.814	190	198500
0	131.885	195	198706
0	131.951	200	198916
0	132.045	205	199194
0	132.134	210	199447
0	132.237	215	199755
0	132.32	220	200001
0	132.427	225	200314
0	132.52	230	200602
0	132.614	235	200898
0	132.728	240	201232
0	132.842	245	201575
0	133.918	10	201664
0	133.96	15	201672
0	133.961	20	201678
0	134.002	25	201693
0	134.003	30	201699
0	134.047	35	201740
0	134.072	40	201767
0	134.094	45	201807
0	134.135	50	201860
0	134.175	55	201915
0	134.218	60	201988
0	134.261	65	202069
0	134.29	70	202112
0	134.312	75	202182
0	134.349	80	202271
0	134.39	85	202368
0	134.432	90	202469
0	134.475	95	202581
0	134.517	100	202694
0	134.557	105	202796
0	134.586	110	202862
0	134.617	115	202972
0	134.663	120	203102
0	134.712	125	203240
0	134.746	130	203349
0	134.781	135	203477
0	134.842	140	203649
0	134.89	145	203816
0	134.928	150	203947
0	134.967	155	204081
0	135.009	160	204227
0	135.064	165	204445
0	135.116	170	204652
0	135.159	175	204809
0	135.204	180	204980
0	135.247	185	205138
0	135.294	190	205313
0	135.357	195	205540
0	135.407	200	205724
0	135.458	205	205917
0	135.511	210	206105
0	135.573	215	206349
0	135.6	188	206448
0	135.627	190	206559
0	135.65	192	206619
0	135.672	195	206689
0	135.7	196	206772
0	135.75	198	206925
0	135.758	200	206960
0	135.8	201	207096
0	135.8	182	207096
0	135.805	185	207112
0	135.85	188	207254
0	135.85	188	207254
0	135.89	190	207378
0	135.9	190	207404
0	135.95	193	207554
0	135.974	195	207622
0	136	198	207707
0	136.039	200	207840
0	136.05	184	207873
0	136.05	184	207873
0	136.051	185	207875
0	136.1	188	208021
0	136.1	188	208021
0	136.132	190	208101
0	136.15	191	208154
0	136.2	193	208292
0	136.2	182	208292
0	136.227	185	208363
0	136.25	186	208431
0	136.25	186	208431
0	136.3	179	208564
0	136.3	179	208564
0	136.301	180	208566
0	136.35	182	208689
0	136.396	185	208807
0	136.4	185	208815
0	136.4	159	208815
0	136.405	160	208821
0	136.45	163	208943
0	136.476	165	208995
0	136.5	165	209054
0	136.55	169	209167
0	136.559	170	209186
0	136.6	170	209287
0	136.645	175	209398
0	136.65	175	209411
0	136.7	178	209544
0	136.7	170	209544
0	136.75	173	209675
0	136.75	164	209675
0	136.75	165	209675
0	136.8	164	209795
0	136.8	164	209795
0	136.8	136	209795
0	136.85	139	209905
0	136.858	140	209914
0	136.9	141	209987
0	136.95	143	210078
0	136.984	145	210137
0	137	145	210171
0	137.05	148	210265
0	137.1	149	210362
0	137.1	146	210362
0	137.18	150	210520
0	137.27	155	210706
0	137.355	160	210886
0	137.4	160	210984
0	137.4	152	210984
0	137.432	155	211055
0	137.522	160	211249
0	137.598	165	211422
0	137.683	170	211619
0	138.774	10	211747
0	138.815	15	211755
0	138.817	20	211762
0	138.858	25	211771
0	138.861	30	211782
0	138.905	35	211807
0	138.948	40	211842
0	139.03	45	211899
0	139.073	50	211935
0	139.122	55	211990
0	139.201	60	212053
0	139.257	65	212123
0	139.313	70	212185
0	139.372	75	212263
0	139.466	80	212380
0	139.543	85	212470
0	139.602	90	212548
0	139.67	95	212671
0	139.73	100	212752
0	139.843	105	212930
0	139.9	101	213011
0	139.929	105	213085
0	139.95	99	213096
0	139.955	100	213106
0	140	100	213173
0	140	95	213173
0	140.085	100	213313
0	140.186	105	213468
0	140.287	110	213628
0	140.382	115	213794
0	140.483	120	213983
0	140.586	125	214199
0	140.674	130	214385
0	140.769	135	214591
0	140.873	140	214832
0	140.95	142	215018
0	141.002	145	215155
0	141.102	150	215420
0	141.185	155	215641
0	141.264	160	215855
0	141.368	165	216148
0	141.476	170	216456
0	141.565	175	216707
0	141.655	180	216953
0	141.774	185	217292
0	141.899	190	217633
0	142.006	195	217930
0	142.092	200	218181
0	142.226	205	218554
0	142.349	210	218895
0	142.484	215	219279
0	142.614	220	219633
0	142.723	225	219957
0	142.851	230	220343
0	142.95	234	220641
0	142.969	235	220693
0	143.105	240	221107
0	143.248	245	221550
0	144.378	10	221830
0	144.42	15	221835
0	144.421	20	221840
0	144.462	25	221848
0	144.462	30	221855
0	144.506	35	221890
0	144.55	40	221928
0	144.59	45	221965
0	144.633	50	222013
0	144.675	55	222062
0	144.718	60	222116
0	144.761	65	222177
0	144.804	70	222240
0	144.855	75	222322
0	144.899	80	222390
0	144.944	85	222469
0	144.997	90	222569
0	145.04	95	222652
0	145.091	100	222749
0	145.145	105	222875
0	145.189	110	222968
0	145.232	115	223062
0	145.296	120	223197
0	145.347	125	223325
0	145.402	130	223473
0	145.446	135	223581
0	145.504	140	223727
0	145.573	145	223923
0	145.616	150	224047
0	145.663	155	224178
0	145.733	160	224359
0	145.788	165	224531
0	145.831	170	224656
0	145.85	157	224710
0	145.873	160	224793
0	145.9	162	224868
0	145.937	165	224970
0	145.95	166	225018
0	146	168	225169
0	146.002	170	225174
0	146.05	174	225324
0	146.087	175	225435
0	146.1	178	225480
0	146.13	180	225581
0	146.2	184	225820
0	146.212	185	225856
0	146.25	188	225991
0	146.261	190	226027
0	146.32	195	226245
0	146.35	189	226346
0	146.35	168	226346
0	146.35	147	226346
0	146.353	150	226355
0	146.394	155	226503
0	146.4	156	226519
0	146.45	154	226653
0	146.45	154	226653
0	146.461	155	226678
0	146.5	157	226789
0	146.5	157	226789
0	146.55	156	226926
0	146.55	156	226926
0	146.596	160	227053
0	146.6	160	227065
0	146.6	160	227065
0	146.6	158	227065
0	146.648	160	227203
0	146.65	161	227214
0	146.65	149	227214
0	146.65	150	227214
0	146.7	152	227353
0	146.754	155	227495
0	146.817	160	227672
0	146.902	165	227907
0	146.967	170	228093
0	147.035	175	228291
0	147.121	180	228545
0	147.198	185	228772
0	147.276	190	229009
0	147.349	195	229228
0	147.418	200	229427
0	147.514	205	229704
0	147.599	210	229948
0	147.683	215	230215
0	147.7	217	230269
0	147.7	201	230269
0	147.7	181	230269
0	147.731	185	230367
0	147.75	186	230420
0	147.824	190	230616
0	147.899	195	230813
0	147.995	200	231083
0	148.06	205	231273
0	148.155	210	231550
0	148.237	215	231782
0	149.326	10	231913
0	149.367	15	231918
0	149.369	20	231923
0	149.411	25	231930
0	149.412	30	231937
0	149.461	35	231971
0	149.538	40	232017
0	149.581	45	232054
0	149.624	50	232097
0	149.673	55	232152
0	149.719	60	232202
0	149.774	65	232263
0	149.838	70	232359
0	149.881	75	232414
0	149.946	80	232500
0	150.009	85	232606
0	150.052	90	232679
0	150.11	95	232767
0	150.161	100	232860
0	150.223	105	232999
0	150.266	110	233090
0	150.308	115	233185
0	150.367	120	233303
0	150.417	125	233430
0	150.48	130	233594
0	150.5	122	233646
0	150.518	125	233697
0	150.55	122	233783
0	150.568	125	233825
0	150.6	124	233911
0	150.608	125	233931
0	150.65	125	234043
0	150.69	130	234146
0	150.7	130	234170
0	150.75	135	234300
0	150.796	140	234432
0	150.8	127	234449
0	150.822	130	234509
0	150.85	115	234594
0	150.85	115	234594
0	150.884	120	234690
0	150.9	120	234730
0	150.9	120	234730
0	150.95	123	234858
0	150.95	125	234859
0	150.999	130	234988
0	151	130	234991
0	151.05	123	235137
0	151.06	125	235173
0	151.103	130	235298
0	151.15	126	235433
0	151.178	130	235508
0	151.2	126	235576
0	151.221	130	235630
0	151.279	135	235809
0	151.3	134	235857
0	151.307	135	235877
0	151.366	140	236063
0	151.438	145	236266
0	151.487	150	236413
0	151.536	155	236564
0	151.609	160	236789
0	151.691	165	237032
0	151.745	170	237196
0	151.825	175	237431
0	151.911	180	237699
0	151.968	185	237870
0	152.062	190	238153
0	152.145	195	238397
0	152.216	200	238617
0	152.311	205	238904
0	152.394	210	239162
0	152.45	212	239342
0	152.458	215	239372
0	152.568	220	239720
0	152.652	225	239994
0	152.725	230	240232
0	152.794	235	240475
0	152.875	240	240755
0	152.988	245	241151
0	153.076	250	241476
0	153.154	255	241757
0	154.257	10	241996
0	154.299	15	242001
0	154.301	20	242006
0	154.341	25	242011
0	154.344	30	242023
0	154.39	35	242054
0	154.434	40	242087
0	154.483	45	242129
0	154.534	50	242174
0	154.586	55	242224
0	154.642	60	242298
0	154.684	65	242352
0	154.727	70	242413
0	154.77	75	242479
0	154.814	80	242550
0	154.885	85	242635
0	154.942	90	242754
0	154.988	95	242830
0	155.032	100	242908
0	155.093	105	243015
0	155.155	110	243163
0	155.205	115	243271
0	155.257	120	243374
0	155.308	125	243483
0	155.37	130	243633
0	155.437	135	243766
0	155.497	140	243931
0	155.55	133	244067
0	155.552	135	244073
0	155.6	138	244185
0	155.626	140	244240
0	155.7	145	244417
0	155.75	149	244541
0	155.75	133	244541
0	155.773	135	244577
0	155.8	137	244659
0	155.8	137	244659
0	155.841	140	244742
0	155.85	140	244771
0	155.9	143	244888
0	155.9	143	244888
0	155.941	145	244976
0	155.95	146	245005
0	155.999	150	245124
0	156	140	245127
0	156.045	145	245236
0	156.05	139	245252
0	156.05	133	245252
0	156.077	135	245308
0	156.1	134	245371
0	156.1	130	245371
0	156.151	135	245479
0	156.2	136	245580
0	156.235	140	245650
0	156.3	122	245801
0	156.322	125	245851
0	156.383	130	245970
0	156.469	135	246154
0	156.54	140	246302
0	156.598	145	246446
0	156.684	150	246647
0	156.762	155	246836
0	156.82	160	246998
0	156.885	165	247176
0	156.957	170	247386
0	157.02	175	247582
0	157.094	180	247803
0	157.165	185	248022
0	157.238	190	248259
0	157.296	195	248455
0	157.3	194	248465
0	157.3	173	248465
0	157.303	175	248473
0	157.37	180	248679
0	157.459	185	248944
0	157.537	190	249182
0	157.601	195	249379
0	157.681	200	249628
0	157.754	205	249846
0	157.862	210	250176
0	157.928	215	250372
0	158.004	220	250607
0	158.112	225	250945
0	158.194	230	251192
0	158.289	235	251496
0	158.363	240	251750
0	158.456	245	252052
0	159.505	10	252079
0	159.546	15	252084
0	159.547	20	252089
0	159.588	25	252094
0	159.589	30	252103
0	159.633	35	252132
0	159.677	40	252171
0	159.721	45	252210
0	159.765	50	252257
0	159.808	55	252307
0	159.853	60	252362
0	159.897	65	252422
0	159.94	70	252487
0	159.984	75	252557
0	160.027	80	252632
0	160.072	85	252711
0	160.118	90	252797
0	160.162	95	252887
0	160.207	100	252982
0	160.251	105	253080
0	160.299	110	253185
0	160.351	115	253305
0	160.409	120	253448
0	160.459	125	253576
0	160.502	130	253692
0	160.546	135	253805
0	160.591	140	253921
0	160.661	145	254098
0	160.717	150	254256
0	160.77	155	254399
0	160.829	160	254558
0	160.885	165	254707
0	160.951	170	254877
0	161.02	175	255070
0	161.078	180	255233
0	161.147	185	255409
0	161.219	190	255610
0	161.298	195	255817
0	161.3	176	255823
0	161.34	180	255943
0	161.4	165	256079
0	161.4	165	256079
0	161.442	170	256195
0	161.45	170	256203
0	161.5	172	256320
0	161.55	174	256443
0	161.559	175	256469
0	161.6	178	256570
0	161.65	179	256695
0	161.65	157	256695
0	161.65	146	256695
0	161.687	150	256797
0	161.7	150	256816
0	161.7	150	256816
0	161.7	150	256816
0	161.75	152	256911
0	161.75	152	256911
0	161.75	152	256911
0	161.8	154	257012
0	161.8	154	257012
0	161.8	154	257012
0	161.832	155	257086
0	161.85	155	257117
0	161.9	158	257241
0	161.9	158	257241
0	161.9	133	257241
0	161.9	108	257241
0	161.9	110	257242
0	161.95	113	257357
0	161.95	113	257357
0	161.95	113	257357
0	161.95	113	257357
0	162	114	257433
0	162	114	257433
0	162	114	257433
0	162	114	257433
0	162.02	115	257467
0	162.05	115	257517
0	162.05	103	257517
0	162.063	105	257545
0	162.1	101	257607
0	162.1	94	257607
0	162.1	94	257607
0	162.1	94	257607
0	162.1	81	257607
0	162.117	85	257640
0	162.15	87	257685
0	162.15	83	257685
0	162.15	83	257685
0	162.15	78	257685
0	162.167	80	257703
0	162.2	82	257750
0	162.2	74	257750
0	162.2	74	257750
0	162.2	71	257750
0	162.22	75	257778
0	162.25	73	257808
0	162.25	70	257808
0	162.25	70	257808
0	162.25	65	257808
0	162.25	65	257808
0	162.296	70	257863
0	162.3	70	257868
0	162.3	68	257868
0	162.3	68	257868
0	162.3	64	257868
0	162.303	65	257875
0	162.348	70	257934
0	162.35	70	257936
0	162.35	68	257936
0	162.35	65	257936
0	162.35	65	257936
0	162.397	70	257998
0	162.4	70	257999
0	162.4	70	257999
0	162.45	74	258068
0	162.454	75	258076
0	162.497	80	258145
0	162.5	65	258148
0	162.532	70	258200
0	162.55	55	258225
0	162.579	60	258270
0	162.6	54	258300
0	162.6	54	258300
0	162.613	55	258310
0	162.649	60	258362
0	162.693	65	258420
0	162.7	55	258426
0	162.728	60	258471
0	162.75	54	258498
0	162.75	48	258498
0	162.754	50	258506
0	162.789	55	258549
0	162.8	52	258565
0	162.824	55	258594
0	162.863	60	258646
0	162.907	65	258708
0	162.952	70	258776
0	162.995	75	258843
0	163.037	80	258917
0	163.08	85	258994
0	163.123	90	259074
0	163.169	95	259166
0	163.218	100	259266
0	163.267	105	259367
0	163.321	110	259476
0	163.377	115	259604
0	163.423	120	259712
0	163.472	125	259832
0	163.523	130	259959
0	163.569	135	260071
0	163.625	140	260201
0	163.687	145	260359
0	163.741	150	260497
0	163.807	155	260650
0	163.875	160	260827
0	163.939	165	260996
0	164.01	170	261162
0	164.05	154	261271
0	164.051	155	261272
0	164.1	159	261399
0	164.105	160	261406
0	164.178	165	261575
0	164.25	150	261740
0	164.25	150	261740
0	164.291	155	261840
0	164.3	155	261857
0	164.38	160	262033
0	164.4	139	262068
0	164.404	140	262069
0	165.477	10	262162
0	165.518	15	262170
0	165.519	20	262176
0	165.56	25	262191
0	165.561	30	262197
0	165.605	35	262238
0	165.63	40	262265
0	165.652	45	262305
0	165.692	50	262354
0	165.733	55	262414
0	165.776	60	262487
0	165.819	65	262568
0	165.848	70	262610
0	165.87	75	262680
0	165.906	80	262765
0	165.948	85	262864
0	165.99	90	262969
0	166.033	95	263081
0	166.076	100	263190
0	166.116	105	263287
0	166.145	110	263360
0	166.18	115	263472
0	166.231	120	263610
0	166.273	125	263731
0	166.333	130	263915
0	166.375	135	264038
0	166.411	140	264136
0	166.47	145	264321
0	166.519	150	264469
0	166.569	155	264624
0	166.621	160	264782
0	166.691	165	264994
0	166.735	170	265132
0	166.792	175	265305
0	166.861	180	265513
0	166.917	185	265680
0	166.974	190	265859
0	167.058	195	266107
0	167.114	200	266282
0	167.15	173	266392
0	167.156	175	266408
0	167.2	178	266528
0	167.25	179	266642
0	167.25	161	266642
0	167.278	165	266717
0	167.3	166	266759
0	167.35	169	266873
0	167.35	169	266873
0	167.397	170	266986
0	167.4	170	266989
0	167.45	172	267118
0	167.45	152	267118
0	167.469	155	267177
0	167.5	158	267249
0	167.5	158	267249
0	167.5	158	267249
0	167.533	160	267322
0	167.55	161	267358
0	167.6	146	267478
0	167.6	146	267478
0	167.6	146	267478
0	167.642	150	267571
0	167.65	150	267587
0	167.65	127	267587
0	167.65	127	267587
0	167.687	130	267660
0	167.7	130	267689
0	167.7	130	267689
0	167.75	132	267784
0	167.75	108	267784
0	167.75	97	267784
0	167.75	97	267784
0	167.75	97	267784
0	167.786	100	267842
0	167.8	100	267867
0	167.8	100	267867
0	167.85	103	267923
0	167.85	103	267923
0	167.85	97	267923
0	167.85	97	267923
0	167.9	89	267995
0	167.9	89	267995
0	167.9	89	267995
0	167.9	85	267995
0	167.9	85	267995
0	167.95	81	268058
0	167.95	81	268058
0	167.95	81	268058
0	168.023	85	268136
0	168.143	90	268278
0	168.243	95	268405
0	168.361	100	268572
0	168.427	105	268684
0	168.548	110	268875
0	168.631	115	269017
0	168.738	120	269210
0	168.8	123	269334
0	168.8	119	269334
0	168.8	101	269334
0	168.849	105	269423
0	168.967	110	269622
0	169.048	115	269761
0	169.169	120	269975
0	169.27	125	270181
0	169.35	130	270342
0	169.461	135	270564
0	169.56	140	270795
0	169.651	145	271009
0	169.765	150	271275
0	169.849	155	271489
0	169.937	160	271714
0	170.045	165	272006
0	171.167	10	272245
0	171.188	15	272250
0	171.209	20	272261
0	171.211	25	272270
0	171.251	30	272293
0	171.255	35	272311
0	171.296	40	272355
0	171.32	45	272391
0	171.342	50	272435
0	171.383	55	272506
0	171.424	60	272574
0	171.45	65	272635
0	171.473	70	272695
0	171.514	75	272795
0	171.538	80	272857
0	171.581	85	272977
0	171.602	90	273053
0	171.642	95	273180
0	171.673	100	273257
0	171.718	105	273405
0	171.744	110	273500
0	171.778	115	273615
0	171.819	120	273752
0	171.866	125	273906
0	171.899	130	274015
0	171.942	135	274165
0	171.984	140	274313
0	172.03	145	274471
0	172.071	150	274619
0	172.122	155	274798
0	172.174	160	274978
0	172.216	165	275133
0	172.27	170	275336
0	172.31	175	275481
0	172.37	180	275713
0	172.412	185	275872
0	172.469	190	276086
0	172.521	195	276285
0	172.55	185	276395
0	172.6	189	276582
0	172.601	190	276585
0	172.66	195	276797
0	172.7	196	276940
0	172.715	200	277002
0	172.75	200	277123
0	172.8	204	277314
0	172.805	205	277336
0	172.85	179	277508
0	172.85	180	277508
0	172.888	185	277644
0	172.9	155	277684
0	172.9	155	277684
0	172.9	148	277684
0	172.909	150	277706
0	172.95	152	277812
0	172.95	152	277812
0	172.98	155	277893
0	173	155	277919
0	173	155	277919
0	173	150	277919
0	173.05	153	278042
0	173.05	153	278042
0	173.085	155	278133
0	173.1	155	278168
0	173.1	155	278168
0	173.15	157	278297
0	173.15	157	278297
0	173.15	154	278297
0	173.183	155	278396
0	173.2	156	278433
0	173.2	156	278433
0	173.25	159	278568
0	173.25	159	278568
0	173.274	160	278654
0	173.3	162	278722
0	173.3	145	278722
0	173.35	149	278865
0	173.35	149	278865
0	173.356	150	278879
0	173.433	155	279095
0	173.507	160	279294
0	173.571	165	279492
0	173.633	170	279696
0	173.694	175	279898
0	173.765	180	280159
0	173.828	185	280385
0	173.882	190	280575
0	173.956	195	280847
0	174.005	200	281021
0	174.076	205	281285
0	174.136	210	281515
0	174.185	215	281713
0	174.2	215	281768
0	174.2	188	281768
0	174.2	157	281768
0	174.2	139	281768
0	174.2	140	281768
0	174.226	145	281875
0	174.25	146	281932
0	174.25	146	281932
0	174.25	146	281932
0	174.3	147	282041
0	174.3	147	282041
0	174.351	150	282163
0	175.46	10	282328
0	175.502	15	282333
0	175.504	20	282338
0	175.545	25	282343
0	175.548	30	282354
0	175.597	35	282384
0	175.65	40	282419
0	175.717	45	282475
0	175.76	50	282519
0	175.804	55	282567
0	175.853	60	282620
0	175.934	65	282705
0	175.979	70	282764
0	176.033	75	282832
0	176.094	80	282899
0	176.162	85	283012
0	176.225	90	283088
0	176.294	95	283191
0	176.351	100	283280
0	176.427	105	283387
0	176.51	110	283528
0	176.591	115	283651
0	176.6	108	283668
0	176.6	98	283668
0	176.604	100	283674
0	176.65	98	283748
0	176.65	92	283748
0	176.688	95	283792
0	176.75	95	283873
0	176.8	95	283932
0	176.8	93	283932
0	176.851	95	283989
0	176.964	100	284123
0	177.137	105	284313
0	177.252	110	284438
0	177.41	115	284655
0	177.526	120	284825
0	177.644	125	285013
0	177.763	130	285215
0	177.887	135	285436
0	177.9	133	285473
0	177.9	132	285473
0	177.946	135	285559
0	178.074	140	285818
0	178.17	145	286023
0	178.284	150	286280
0	178.397	155	286537
0	178.495	160	286774
0	178.602	165	287035
0	178.725	170	287328
0	178.865	175	287645
0	178.969	180	287879
0	179.095	185	288151
0	179.253	190	288494
0	179.41	195	288838
0	179.579	200	289205
0	179.693	205	289448
0	179.854	210	289837
0	179.95	213	290078
0	179.975	215	290157
0	180	215	290216
0	180	179	290216
0	180	180	290216
0	180.137	185	290523
0	180.307	190	290877
0	180.463	195	291220
0	180.597	200	291531
0	180.726	205	291826
0	180.905	210	292235
0	182.027	10	292411
0	182.068	15	292416
0	182.07	20	292421
0	182.11	25	292426
0	182.113	30	292437
0	182.157	35	292466
0	182.203	40	292504
0	182.252	45	292544
0	182.303	50	292589
0	182.354	55	292639
0	182.41	60	292713
0	182.453	65	292766
0	182.498	70	292829
0	182.555	75	292906
0	182.615	80	292990
0	182.673	85	293090
0	182.72	90	293167
0	182.77	95	293249
0	182.834	100	293338
0	182.902	105	293432
0	182.985	110	293582
0	183.059	115	293686
0	183.114	120	293784
0	183.202	125	293925
0	183.268	130	294040
0	183.338	135	294160
0	183.35	123	294169
0	183.371	125	294213
0	183.4	125	294252
0	183.45	115	294327
0	183.5	119	294401
0	183.521	120	294428
0	183.55	120	294464
0	183.6	122	294529
0	183.6	107	294529
0	183.6	107	294529
0	183.65	109	294597
0	183.65	109	294597
0	183.654	110	294598
0	183.7	112	294659
0	183.75	106	294725
0	183.795	110	294788
0	183.8	110	294798
0	183.8	106	294798
0	183.8	88	294798
0	183.824	90	294816
0	183.85	91	294856
0	183.85	73	294856
0	183.85	73	294856
0	183.85	65	294856
0	183.9	66	294899
0	183.9	66	294899
0	183.9	66	294899
0	183.9	66	294899
0	183.95	67	294925
0	184.05	70	294989
0	184.177	75	295086
0	184.302	80	295190
0	184.391	85	295284
0	184.489	90	295387
0	184.594	95	295510
0	184.675	100	295613
0	184.772	105	295749
0	184.858	110	295873
0	184.94	115	295999
0	184.95	114	296016
0	184.95	97	296016
0	184.95	87	296016
0	184.95	72	296016
0	184.95	57	296016
0	184.955	60	296024
0	185	64	296086
0	185.024	65	296086
0	185.159	70	296182
0	185.283	75	296273
0	185.379	80	296364
0	185.495	85	296465
0	185.599	90	296578
0	185.737	95	296713
0	185.799	100	296805
0	185.923	105	296941
0	186.036	110	297069
0	186.131	115	297196
0	186.21	120	297312
0	186.393	125	297523
0	186.498	130	297667
0	186.601	135	297805
0	186.716	140	297962
0	186.872	145	298183
0	186.985	150	298366
0	187.05	153	298475
0	187.05	135	298475
0	187.05	115	298475
0	187.05	94	298475
0	187.05	76	298475
0	187.06	80	298503
0	187.381	85	298617
0	187.681	90	298729
0	187.978	95	298863
0	188.193	100	298986
0	188.394	105	299121
0	188.574	110	299261
0	188.735	115	299414
0	188.933	120	299584
0	189.114	125	299748
0	189.311	130	299935
0	189.515	135	300126
0	189.723	140	300324
0	189.918	145	300509
0	190.129	150	300752
0	190.324	155	301001
0	190.447	160	301169
0	190.618	165	301420
0	190.774	170	301661
0	190.942	175	301954
0	191.057	180	302169
0	191.15	183	302346
0	191.15	183	302346
0	191.15	155	302346
0	191.15	128	302346
0	191.15	100	302346
0	191.15	100	302346
0	191.15	100	302346
0	191.15	100	302346
0	191.193	105	302432
0	192.404	10	302494
0	192.446	15	302499
0	192.447	20	302504
0	192.488	25	302509
0	192.49	30	302521
0	192.539	35	302552
0	192.592	40	302587
0	192.66	45	302645
0	192.702	50	302690
0	192.745	55	302737
0	192.789	60	302786
0	192.84	65	302849
0	192.916	70	302938
0	192.959	75	303000
0	193.002	80	303067
0	193.073	85	303147
0	193.13	90	303259
0	193.18	95	303341
0	193.239	100	303430
0	193.303	105	303552
0	193.368	110	303663
0	193.439	115	303820
0	193.482	120	303911
0	193.55	115	304057
0	193.581	120	304117
0	193.6	120	304167
0	193.653	125	304281
0	193.7	128	304383
0	193.736	130	304473
0	193.75	120	304495
0	193.75	120	304495
0	193.8	124	304617
0	193.824	125	304672
0	193.85	127	304733
0	193.885	130	304816
0	193.95	134	304964
0	193.95	117	304964
0	193.969	120	305019
0	194	122	305083
0	194	122	305083
0	194	117	305083
0	194.05	119	305190
0	194.052	120	305193
0	194.1	120	305307
0	194.143	125	305409
0	194.15	118	305423
0	194.15	107	305423
0	194.166	110	305460
0	194.2	108	305536
0	194.2	101	305536
0	194.2	99	305536
0	194.203	100	305540
0	194.241	105	305624
0	194.25	101	305632
0	194.3	101	305719
0	194.329	105	305778
0	194.35	103	305808
0	194.359	105	305828
0	194.413	110	305930
0	194.497	115	306086
0	194.572	120	306232
0	194.628	125	306349
0	194.706	130	306500
0	194.755	135	306611
0	194.843	140	306818
0	194.888	145	306930
0	194.976	150	307145
0	195.054	155	307340
0	195.111	160	307502
0	195.176	165	307674
0	195.235	170	307853
0	195.293	175	308026
0	195.378	180	308279
0	195.4	182	308339
0	195.4	170	308339
0	195.457	175	308519
0	195.518	180	308711
0	195.583	185	308901
0	195.663	190	309140
0	195.735	195	309354
0	195.805	200	309564
0	195.907	205	309878
0	195.986	210	310121
0	196.063	215	310356
0	196.14	220	310598
0	196.241	225	310929
0	196.315	230	311171
0	196.403	235	311452
0	196.491	240	311738
0	196.571	245	312000
0	196.679	250	312359
0	197.767	10	312577
0	197.809	15	312582
0	197.811	20	312587
0	197.851	25	312596
0	197.852	30	312601
0	197.896	35	312637
0	197.938	40	312674
0	197.98	45	312714
0	198.023	50	312764
0	198.064	55	312824
0	198.105	60	312877
0	198.148	65	312949
0	198.191	70	313022
0	198.231	75	313092
0	198.272	80	313171
0	198.3	85	313248
0	198.342	90	313337
0	198.378	95	313421
0	198.412	100	313505
0	198.452	105	313607
0	198.495	110	313714
0	198.527	115	313812
0	198.57	120	313932
0	198.615	125	314061
0	198.663	130	314200
0	198.708	135	314324
0	198.76	140	314465
0	198.821	145	314621
0	198.875	150	314769
0	198.929	155	314917
0	198.987	160	315076
0	199.046	165	315241
0	199.105	170	315402
0	199.175	175	315579
0	199.245	180	315770
0	199.305	185	315925
0	199.393	190	316143
0	199.477	195	316370
0	199.53	200	316507
0	199.55	183	316560
0	199.568	185	316608
0	199.6	165	316690
0	199.65	169	316804
0	199.65	169	316804
0	199.662	170	316829
0	199.76	175	317031
0	199.872	180	317280
0	199.99	185	317547
