1	1.04642	10	4
1	1.08915	15	9
1	1.09377	20	14
1	1.13274	25	19
1	1.3216	30	130
1	1.55079	35	290
1	1.80933	40	475
1	2.1	22	684
1	2.1	22	684
1	2.17569	25	731
1	2.46362	30	866
1	2.76185	35	1026
1	2.85	18	1070
1	2.86845	20	1089
1	2.9	20	1098
1	2.95	21	1113
1	2.95	21	1113
1	3	11	1137
1	3.05	13	1155
1	3.12793	15	1176
1	3.38093	20	1261
1	3.62754	25	1371
1	3.75	13	1437
1	3.76332	15	1451
1	3.8	15	1462
1	3.97822	20	1536
1	4.1922	25	1646
1	4.40617	30	1781
1	4.63862	35	1941
1	4.92831	40	2126
1	5.24387	45	2336
1	5.6036	50	2571
1	5.65	25	2601
1	5.7	27	2633
1	5.75	27	2646
1	5.75	27	2646
1	5.85	28	2675
1	5.9	29	2691
1	5.94534	30	2711
1	5.95	30	2717
1	6	15	2743
1	6.05	17	2764
1	6.15	18	2782
1	6.2	18	2793
1	6.25	9	2809
1	6.25037	10	2809
1	6.35	11	2828
1	6.4	6	2835
1	6.5	4	2848
1	6.50063	5	2848
1	6.55	3	2854
1	6.60511	5	2858
1	6.65	2	2863
1	6.73345	5	2870
1	6.95209	10	2905
1	7.16979	15	2965
1	7.38377	20	3050
1	7.59774	25	3160
1	7.81172	30	3295
1	8.0257	35	3455
1	8.2432	40	3640
1	8.47044	45	3850
1	8.73236	50	4085
1	9.03291	55	4345
1	9.35706	60	4630
1	9.55	31	4796
1	9.6	33	4840
1	9.65	33	4857
1	9.7	34	4875
1	9.7	34	4875
1	9.74269	35	4895
1	9.75	35	4896
1	9.8	35	4923
1	9.85	36	4954
1	9.95	19	5016
1	9.95116	20	5016
1	10	21	5044
1	10.05	21	5057
1	10.1	22	5071
1	10.2	12	5117
1	10.25	14	5135
1	10.2918	15	5144
1	10.3	7	5145
1	10.4	9	5162
1	10.4054	10	5162
1	10.45	5	5172
1	10.5	3	5180
1	10.5328	5	5184
1	10.7468	10	5219
1	10.9608	15	5279
1	11.1748	20	5364
1	11.3887	25	5474
1	11.6027	30	5609
1	11.8167	35	5769
1	12.0307	40	5954
1	12.2446	45	6164
1	12.4633	50	6399
1	12.7035	55	6659
1	12.9669	60	6944
1	13.2533	65	7254
1	13.5628	70	7589
1	13.8	36	7846
1	13.85	38	7900
1	13.9	39	7924
1	13.95	39	7948
1	13.9694	40	7960
1	14	40	7974
1	14.05	41	8009
1	14.1	42	8047
1	14.15	43	8086
1	14.25	22	8157
1	14.3	24	8192
1	14.3303	25	8204
1	14.35	25	8208
1	14.4	25	8229
1	14.45	13	8257
1	14.4866	15	8271
1	14.55	16	8289
1	14.6	16	8301
1	14.65	8	8314
1	14.6615	10	8323
1	14.75	5	8344
1	14.8	3	8353
1	14.8336	5	8357
1	15.0475	10	8392
1	15.2615	15	8452
1	15.4755	20	8537
1	15.6895	25	8647
1	15.9035	30	8782
1	16.1174	35	8942
1	16.3314	40	9127
1	16.5454	45	9337
1	16.764	50	9572
1	17.0043	55	9832
1	18.25	2	10083
1	18.25	2	10083
1	18.25	2	10083
1	18.25	2	10083
1	18.25	2	10083
1	18.25	2	10083
1	18.25	2	10083
1	18.25	2	10083
1	18.25	2	10083
1	18.25	2	10083
1	18.25	2	10083
1	18.25	2	10083
1	18.25	2	10083
1	18.25	2	10083
1	18.25	2	10083
1	18.25	2	10083
1	18.25	2	10083
1	18.25	2	10083
1	18.25	2	10083
1	18.25	2	10083
1	18.25	2	10083
1	18.25	2	10083
1	18.25	2	10083
1	18.25	2	10083
1	18.25	2	10083
1	18.25	2	10083
1	18.25	2	10083
1	18.25	2	10083
1	18.25	2	10083
1	18.25	2	10083
1	18.25	2	10083
1	18.25	2	10083
1	18.25	2	10083
1	18.25	2	10083
1	18.25	2	10083
1	18.25	2	10083
1	18.25	2	10083
1	18.25	2	10083
1	18.25	2	10083
1	18.2918	5	10090
1	18.3564	10	10125
1	18.5147	15	10185
1	18.684	20	10270
1	18.8579	25	10380
1	19.0489	30	10515
1	19.2301	35	10675
1	19.4187	40	10860
1	19.6136	45	11070
1	19.8296	50	11305
1	20.0686	55	11565
1	20.3306	60	11850
1	20.6155	65	12160
1	20.9	34	12470
1	20.9005	35	12470
1	20.95	36	12524
1	21	37	12550
1	21.05	37	12576
1	21.1	38	12605
1	21.15	39	12643
1	21.1613	40	12655
1	21.2	40	12683
1	21.25	41	12725
1	21.3	21	12763
1	21.35	23	12800
1	21.4	24	12819
1	21.4198	25	12832
1	21.5	13	12872
1	21.5334	15	12886
1	21.55	15	12896
1	21.6	8	12911
1	21.6236	10	12920
1	21.65	5	12927
1	21.7	3	12938
1	21.7128	5	12942
1	21.75	2	12947
1	21.7756	5	12954
1	21.85	3	12966
1	21.8593	5	12970
1	21.9	3	12978
1	21.923	5	12982
1	22.0504	10	13017
1	22.1969	15	13077
1	22.3644	20	13162
1	22.5509	25	13272
1	22.7309	30	13407
1	22.9184	35	13567
1	23.1331	40	13752
1	23.3621	45	13962
1	23.6131	50	14197
1	23.8861	55	14457
1	24.15	29	14724
1	24.1506	30	14724
1	24.2	31	14776
1	24.3657	35	14884
1	24.4	35	14906
1	24.45	18	14946
1	24.4793	20	14965
1	24.5	20	14979
1	24.55	21	14998
1	24.6	11	15019
1	24.65	13	15041
1	24.696	15	15058
1	24.85	9	15125
1	24.8592	10	15125
1	24.9	11	15146
1	24.95	6	15161
1	25.0036	10	15185
1	25.1673	15	15245
1	25.3348	20	15330
1	25.5068	25	15440
1	25.6852	30	15575
1	25.8761	35	15735
1	26.0619	40	15920
1	26.2569	45	16130
1	26.4729	50	16365
1	26.7119	55	16625
1	26.9739	60	16910
1	27.2588	65	17220
1	27.55	34	17537
1	27.5502	35	17537
1	27.6	36	17592
1	27.65	37	17617
1	27.7	37	17643
1	27.75	38	17673
1	27.8	39	17711
1	27.811	40	17722
1	27.85	40	17750
1	27.9	41	17792
1	27.95	21	17830
1	28	23	17867
1	28.05	24	17886
1	28.0695	25	17899
1	28.1	25	17908
1	28.2	13	17973
1	28.2323	15	17987
1	28.25	15	17998
1	28.3	16	18014
1	28.35	8	18031
1	28.3643	10	18040
1	28.4	10	18050
1	28.5	7	18090
1	28.55	4	18107
1	28.5527	5	18107
1	28.6693	10	18142
1	28.8349	15	18202
1	29.0033	20	18287
1	29.1772	25	18397
1	29.3565	30	18532
1	29.5654	35	18692
1	29.795	40	18877
1	30.0811	45	19087
1	30.3871	50	19322
1	30.6	26	19493
1	30.65	28	19532
1	30.7	29	19550
1	30.7	29	19550
1	30.75	29	19570
1	30.75	29	19570
1	30.7692	30	19577
1	30.8	30	19592
1	30.9	16	19654
1	30.95	18	19680
1	31	19	19694
1	31.0337	20	19708
1	31.05	10	19710
1	31.1	12	19727
1	31.2	7	19758
1	31.277	10	19775
1	31.3	5	19780
1	31.35	3	19790
1	31.3635	5	19794
1	31.5	4	19823
1	31.529	5	19823
1	31.55	3	19834
1	31.5773	5	19838
1	31.6	2	19843
1	31.6228	5	19850
1	31.753	10	19885
1	31.9195	15	19945
1	32.0888	20	20030
1	32.2635	25	20140
1	33.3498	10	20170
1	33.35	5	20171
1	33.35	5	20171
1	33.4937	10	20201
1	33.6885	15	20261
1	33.9141	20	20346
1	34.1718	25	20456
1	34.4442	30	20591
1	34.6981	35	20751
1	34.9466	40	20936
1	34.95	20	20940
1	34.95	20	20940
1	35	22	20975
1	35.1	24	21020
1	35.1149	25	21030
1	35.15	12	21046
1	35.2	14	21070
1	35.2051	15	21073
1	35.25	8	21091
1	35.2837	10	21100
1	35.4585	15	21160
1	35.6678	20	21245
1	35.8771	25	21355
1	36.0729	30	21490
1	36.3179	35	21650
1	36.6041	40	21835
1	36.9188	45	22045
1	37.2	24	22226
1	37.2059	25	22226
1	37.3	26	22273
1	37.35	27	22287
1	37.4	28	22310
1	37.45	14	22335
1	37.4683	15	22335
1	37.5	16	22354
1	37.55	16	22362
1	37.6	17	22371
1	37.65	17	22382
1	37.7	9	22397
1	37.7005	10	22397
1	37.75	5	22410
1	37.8	3	22417
1	37.8678	5	22421
1	37.9	2	22423
1	37.95	3	22426
1	37.9952	5	22430
1	38	2	22432
1	38.0799	5	22439
1	38.1	2	22442
1	38.1636	5	22449
1	38.3337	10	22484
1	38.5104	15	22544
1	38.7161	20	22629
1	38.9208	25	22739
1	39.1255	30	22874
1	39.3178	35	23034
1	39.5226	40	23219
1	39.7273	45	23429
1	39.9439	50	23664
1	40.1835	55	23924
1	40.4461	60	24209
1	40.7318	65	24519
1	41.0406	70	24854
1	41.15	35	24973
1	41.2	37	25027
1	41.25	38	25052
1	41.3	38	25077
1	41.35	39	25105
1	41.3675	40	25123
1	41.45	41	25179
1	41.5	42	25218
1	41.55	21	25253
1	41.6	23	25288
1	41.65	24	25304
1	41.7	24	25322
1	41.7024	25	25322
1	41.75	13	25348
1	41.7861	15	25362
1	41.85	8	25382
1	41.8772	10	25391
1	41.9	5	25395
1	41.95	3	25403
1	41.9837	5	25407
1	42	2	25408
1	42.0692	5	25415
1	42.1	2	25417
1	42.15	2	25423
1	42.1967	5	25430
1	42.3777	10	25465
1	42.5544	15	25525
1	42.7564	20	25610
1	42.9692	25	25720
1	43.2201	30	25855
1	43.5225	35	26015
1	43.8501	40	26200
1	44.1	21	26332
1	44.1	21	26332
1	44.15	23	26357
1	44.2	23	26367
1	44.25	23	26377
1	44.3	24	26388
1	44.35	24	26401
1	44.3523	25	26401
1	44.4	25	26420
1	44.45	13	26438
1	44.4925	15	26452
1	44.55	15	26462
1	44.6	8	26470
1	44.65	9	26479
1	44.6653	10	26479
1	44.75	5	26490
1	44.8	6	26496
1	44.9	3	26503
1	44.95	4	26507
1	44.9617	5	26507
1	45.05	3	26516
1	45.0952	5	26520
1	45.1	2	26521
1	45.1	2	26521
1	45.1869	5	26528
1	45.3998	10	26563
1	45.7944	15	26623
1	46.25	9	26694
1	46.2504	10	26694
1	46.3	10	26702
1	46.35	10	26703
1	46.4	11	26705
1	46.5	11	26713
1	46.55	6	26717
1	46.65	4	26725
1	46.6735	5	26725
1	46.7	2	26728
1	46.8	3	26729
1	46.9	3	26731
1	46.9837	5	26735
1	47	2	26736
1	47.0692	5	26743
1	47.1	2	26745
1	47.1539	5	26752
1	47.25	3	26767
1	47.2804	5	26771
1	47.4515	10	26806
1	47.6562	15	26866
1	47.8357	20	26951
1	48.0404	25	27061
1	48.2451	30	27196
1	48.4402	35	27356
1	48.6458	40	27541
1	48.8506	45	27751
1	49.0671	50	27986
1	49.3068	55	28246
1	49.5694	60	28531
1	49.8551	65	28841
1	50.1638	70	29176
1	50.3	36	29324
1	50.35	38	29378
1	50.4	39	29405
1	50.45	39	29431
1	50.4636	40	29438
1	50.5	40	29460
1	50.55	41	29497
1	50.6	42	29537
1	50.65	43	29578
1	50.7	22	29617
1	50.75	24	29654
1	50.7778	25	29664
1	50.85	26	29691
1	50.9	13	29719
1	50.9337	15	29733
1	50.95	15	29742
1	51	16	29755
1	51.05	8	29769
1	51.0673	10	29778
1	51.15	5	29794
1	51.2	4	29809
1	51.2073	5	29809
1	51.25	3	29818
1	51.283	5	29822
1	51.4542	10	29857
1	51.6589	15	29917
1	51.8383	20	30002
1	52.0431	25	30112
1	52.2478	30	30247
1	53.25	2	30249
1	53.25	2	30249
1	53.25	2	30249
1	53.25	2	30249
1	53.25	2	30249
1	53.25	2	30249
1	53.25	2	30249
1	53.25	2	30249
1	53.25	2	30249
1	53.25	2	30249
1	53.25	2	30249
1	53.25	2	30249
1	53.25	2	30249
1	53.25	2	30249
1	53.25	2	30249
1	53.25	2	30249
1	53.25	2	30249
1	53.25	2	30249
1	53.25	2	30249
1	53.25	2	30249
1	53.25	2	30249
1	53.25	2	30249
1	53.25	2	30249
1	53.25	2	30249
1	53.25	2	30249
1	53.25	2	30249
1	53.25	2	30249
1	53.25	2	30249
1	53.25	2	30249
1	53.25	2	30249
1	53.25	2	30249
1	53.2951	5	30256
1	53.3834	10	30291
1	53.5472	15	30351
1	53.7153	20	30436
1	53.8912	25	30546
1	54.0725	30	30681
1	54.2745	35	30841
1	54.5253	40	31026
1	54.8181	45	31236
1	55.1354	50	31471
1	55.25	25	31549
1	55.3	27	31586
1	55.35	27	31601
1	55.4	28	31617
1	55.45	29	31639
1	55.45	29	31639
1	55.4935	30	31659
1	55.5	30	31666
1	55.55	15	31695
1	55.6	17	31719
1	55.65	18	31731
1	55.75	9	31759
1	55.7512	10	31759
1	55.8	11	31774
1	55.85	6	31789
1	55.9	4	31799
1	55.9264	5	31799
1	56	3	31812
1	56.0158	5	31816
1	56.05	2	31819
1	56.0996	5	31826
1	56.1	2	31827
1	56.1432	5	31834
1	56.15	2	31838
1	56.1889	5	31845
1	56.25	3	31855
1	56.2708	5	31859
1	56.3992	10	31894
1	56.563	15	31954
1	56.7305	20	32039
1	56.904	25	32149
1	57.1003	30	32284
1	57.3449	35	32444
1	57.6126	40	32629
1	57.9138	45	32839
1	58.15	24	33044
1	58.15	24	33044
1	58.1503	25	33044
1	58.2	26	33084
1	58.25	27	33104
1	58.3	28	33131
1	58.35	29	33159
1	58.3855	30	33179
1	58.4	15	33193
1	58.45	17	33220
1	58.55	9	33253
1	58.5539	10	33253
1	58.6	11	33271
1	58.65	6	33287
1	58.7	4	33303
1	58.7012	5	33303
1	58.75	3	33314
1	58.7756	5	33318
1	58.85	3	33332
1	58.861	5	33336
1	58.9938	10	33371
1	59.1524	15	33431
1	59.3199	20	33516
1	59.5085	25	33626
1	59.7023	30	33761
1	59.9268	35	33921
1	60.2021	40	34106
1	60.4829	45	34316
1	60.7	24	34466
1	60.7037	25	34466
1	60.75	26	34504
1	60.8	27	34522
1	60.95	14	34600
1	60.95	14	34600
1	60.9507	15	34600
1	61	16	34622
1	61.05	17	34634
1	61.15	9	34662
1	61.15	10	34662
1	61.2	5	34678
1	61.25	3	34689
1	61.2875	5	34693
1	61.3	2	34695
1	61.3721	5	34702
1	61.4	2	34705
1	61.4559	5	34712
1	61.5	3	34721
1	61.5396	5	34725
1	61.55	3	34731
1	61.5842	5	34735
1	61.65	3	34749
1	61.6688	5	34753
1	61.7972	10	34788
1	61.961	15	34848
1	62.1289	20	34933
1	62.3206	25	35043
1	62.4992	30	35178
1	62.6994	35	35338
1	62.9397	40	35523
1	63.1993	45	35733
1	63.4801	50	35968
1	63.7	26	36169
1	63.8	29	36237
1	63.8291	30	36253
1	63.85	30	36261
1	63.9	31	36290
1	63.95	16	36325
1	64	18	36354
1	64.0701	20	36379
1	64.1	10	36391
1	64.2	6	36425
1	64.2931	10	36449
1	64.3	5	36453
1	64.45	4	36483
1	64.4506	5	36483
1	64.55	4	36512
1	64.55	5	36512
1	64.7	4	36547
1	64.7101	5	36547
1	64.8059	10	36582
1	64.9716	15	36642
1	65.1409	20	36727
1	65.3149	25	36837
1	65.5027	30	36972
1	65.6954	35	37132
1	65.93	40	37317
1	66.1931	45	37527
1	66.4931	50	37762
1	66.8	27	38005
1	66.85	29	38044
1	66.9	29	38062
1	66.9079	30	38062
1	66.95	30	38081
1	66.95	30	38081
1	67	31	38103
1	67.05	32	38128
1	67.1	16	38160
1	67.15	18	38186
1	67.2	19	38199
1	67.25	19	38214
1	67.2593	20	38214
1	67.35	10	38255
1	67.4	12	38273
1	67.45	6	38284
1	67.5	4	38296
1	67.5149	5	38296
1	67.6	3	38311
1	67.6043	5	38315
1	67.65	3	38325
1	67.6889	5	38329
1	67.7	2	38333
1	67.7345	5	38340
1	67.8	3	38350
1	67.8164	5	38354
1	67.9448	10	38389
1	68.1086	15	38449
1	68.2761	20	38534
1	68.4483	25	38644
1	68.626	30	38779
1	68.8102	35	38939
1	69.002	40	39124
1	69.1978	45	39334
1	69.4155	50	39569
1	69.6564	55	39829
1	69.9204	60	40114
1	71.15	2	40332
1	71.15	2	40332
1	71.15	2	40332
1	71.15	2	40332
1	71.15	2	40332
1	71.15	2	40332
1	71.15	2	40332
1	71.15	2	40332
1	71.15	2	40332
1	71.15	2	40332
1	71.15	2	40332
1	71.15	2	40332
1	71.15	2	40332
1	71.15	2	40332
1	71.15	2	40332
1	71.15	2	40332
1	71.15	2	40332
1	71.15	2	40332
1	71.15	2	40332
1	71.15	2	40332
1	71.15	2	40332
1	71.15	2	40332
1	71.15	2	40332
1	71.1841	5	40339
1	71.2904	10	40374
1	71.4274	15	40434
1	71.5981	20	40519
1	71.7724	25	40629
1	71.9645	30	40764
1	72.1459	35	40924
1	72.3372	40	41109
1	72.5274	45	41319
1	72.7361	50	41554
1	72.9743	55	41814
1	73.2352	60	42099
1	73.5105	65	42409
1	73.8	34	42736
1	73.8	34	42736
1	73.8008	35	42736
1	73.85	36	42792
1	73.9	37	42834
1	73.95	38	42873
1	74	39	42917
1	74.0044	40	42921
1	74.05	41	42966
1	74.1	21	43017
1	74.1832	25	43086
1	74.3	13	43164
1	74.313	15	43178
1	74.4802	20	43263
1	74.6625	25	43373
1	74.8386	30	43508
1	75.0217	35	43668
1	75.213	40	43853
1	75.405	45	44063
1	75.6136	50	44298
1	75.8445	55	44558
1	76.0976	60	44843
1	76.3729	65	45153
1	76.6704	70	45488
1	76.8	36	45634
1	76.8	36	45634
1	76.85	38	45691
1	76.9	39	45719
1	76.95	39	45747
1	76.9565	40	45748
1	77	40	45779
1	77.05	41	45820
1	77.1	42	45862
1	77.2	22	45946
1	77.25	24	45984
1	77.2739	25	45993
1	77.3	25	46003
1	77.35	26	46025
1	77.4	13	46057
1	77.4322	15	46071
1	77.45	15	46082
1	77.5	16	46097
1	77.55	8	46113
1	77.5647	10	46122
1	77.65	6	46145
1	77.7	4	46161
1	77.7053	5	46161
1	77.75	3	46173
1	77.7764	5	46177
1	77.8	3	46184
1	77.8217	5	46188
1	77.9489	10	46223
1	78.1125	15	46283
1	78.2797	20	46368
1	78.4514	25	46478
1	78.6291	30	46613
1	78.8454	35	46773
1	79.106	40	46958
1	79.4247	45	47168
1	79.8	24	47375
1	79.8035	25	47375
1	79.85	26	47404
1	79.85	26	47404
1	79.9	26	47413
1	79.9	26	47413
1	79.95	26	47425
1	79.95	26	47425
1	80	27	47444
1	80	27	47444
1	80.05	28	47460
1	80.1	28	47478
1	80.15	29	47497
1	80.1699	30	47510
1	80.2	15	47521
1	80.25	17	47543
1	80.25	17	47543
1	80.3	18	47557
1	80.35	18	47572
1	80.35	18	47572
1	80.4	9	47591
1	80.4056	10	47591
1	80.45	11	47608
1	80.5	6	47619
1	80.55	4	47631
1	80.5545	5	47631
1	80.65	4	47650
1	80.65	5	47650
1	80.75	4	47675
1	80.7513	5	47675
1	80.8	3	47686
1	80.8237	5	47690
1	80.9526	10	47725
1	81.1151	15	47785
1	81.3061	20	47870
1	81.4983	25	47980
1	81.7005	30	48115
1	81.8913	35	48275
1	82.1166	40	48460
1	82.3	21	48600
1	82.35	23	48639
1	82.4117	25	48669
1	82.634	30	48804
1	82.8724	35	48964
1	83.0993	40	49149
1	83.1	20	49150
1	83.1	20	49150
1	83.15	22	49188
1	83.2	23	49211
1	83.2	23	49211
1	83.25	24	49237
1	83.2554	25	49240
1	83.3	13	49272
1	83.3132	15	49286
1	83.4804	20	49371
1	83.6631	25	49481
1	83.8989	30	49616
1	84.1495	35	49776
1	84.3829	40	49961
1	84.6052	45	50171
1	84.75	24	50320
1	84.7502	25	50320
1	84.8	26	50366
1	85.9	5	50415
1	85.9	5	50415
1	85.9	5	50415
1	85.9	5	50415
1	85.9	5	50415
1	85.9	5	50415
1	85.9	5	50415
1	85.9	5	50415
1	85.9	5	50415
1	85.9	5	50415
1	85.9	5	50415
1	85.9	5	50415
1	85.9	5	50415
1	85.9	5	50415
1	85.9	5	50415
1	85.9	5	50415
1	85.9	5	50415
1	85.9	5	50415
1	85.9	5	50415
1	85.9	5	50415
1	85.9	5	50415
1	85.9	5	50415
1	85.9	5	50415
1	85.9201	10	50419
1	85.9244	15	50424
1	85.9407	20	50429
1	85.945	25	50434
1	86.1629	30	50545
1	86.4539	35	50705
1	86.7666	40	50890
1	86.95	21	50993
1	86.95	21	50993
1	86.95	21	50993
1	86.95	21	50993
1	86.95	21	50993
1	86.95	21	50993
1	86.95	21	50993
1	86.95	21	50993
1	86.95	21	50993
1	86.95	21	50993
1	87	23	51022
1	87.0846	25	51062
1	87.3555	30	51197
1	87.55	16	51289
1	87.6	18	51313
1	87.65	19	51327
1	87.6942	20	51343
1	87.75	10	51360
1	87.8	12	51376
1	87.85	6	51386
1	87.95	4	51405
1	87.9506	5	51405
1	88.1272	10	51440
1	88.25	6	51463
1	88.35	4	51484
1	88.3548	5	51484
1	88.4	3	51494
1	88.4072	5	51498
1	88.45	2	51502
1	88.478	5	51509
1	88.5	2	51511
1	88.5277	5	51518
1	88.7042	10	51553
1	88.9478	15	51613
1	89.1839	20	51698
1	89.4024	25	51808
1	89.6	14	51921
1	89.6	14	51921
1	89.6007	15	51921
1	89.65	16	51949
1	89.7	9	51970
1	89.7005	10	51970
1	89.75	6	51992
1	89.8	4	52007
1	89.8072	5	52007
1	89.9181	10	52042
1	90.0773	15	52102
1	90.2453	20	52187
1	90.4192	25	52297
1	90.6283	30	52432
1	90.8532	35	52592
1	91.1398	40	52777
1	91.4495	45	52987
1	91.65	23	53121
1	91.6725	25	53145
1	91.7	25	53154
1	91.75	25	53169
1	91.8	26	53189
1	91.85	27	53206
1	91.9	28	53225
1	91.95	28	53246
1	92	14	53272
1	92.0004	15	53272
1	92.05	16	53295
1	92.1	17	53311
1	92.15	9	53325
1	92.1501	10	53325
1	92.2	5	53340
1	92.3	4	53355
1	92.3077	5	53355
1	92.35	3	53362
1	92.3551	5	53366
1	92.4	3	53374
1	92.4398	5	53378
1	92.45	2	53381
1	92.5216	5	53388
1	92.55	3	53395
1	92.5671	5	53399
1	92.6	2	53404
1	92.6127	5	53411
1	92.7462	10	53446
1	92.9139	15	53506
1	93.0864	20	53591
1	93.2608	25	53701
1	93.4529	30	53836
1	93.6419	35	53996
1	93.8614	40	54181
1	94.1322	45	54391
1	94.4132	50	54626
1	94.7245	55	54886
1	94.75	27	54901
1	94.8	29	54942
1	94.8424	30	54958
1	94.85	30	54961
1	94.9	30	54982
1	94.95	31	55004
1	95	32	55027
1	95.05	33	55058
1	95.1	17	55091
1	95.15	19	55119
1	95.1819	20	55128
1	95.2	20	55134
1	95.25	10	55151
1	95.3	12	55169
1	95.3995	15	55201
1	95.45	8	55217
1	95.4814	10	55226
1	95.5	5	55232
1	95.55	3	55242
1	95.5688	5	55246
1	95.65	3	55257
1	95.6544	5	55261
1	95.7	3	55271
1	95.7372	5	55275
1	95.75	3	55281
1	95.7809	5	55285
1	95.9093	10	55320
1	96.0775	15	55380
1	96.2733	20	55465
1	96.4655	25	55575
1	96.6681	30	55710
1	96.8728	35	55870
1	97.0776	40	56055
1	97.25	22	56233
1	97.3	24	56279
1	97.3	24	56279
1	97.3118	25	56280
1	97.4885	30	56415
1	97.6716	35	56575
1	97.8625	40	56760
1	98.0577	45	56970
1	98.2743	50	57205
1	98.5139	55	57465
1	98.7766	60	57750
1	99.0623	65	58060
1	99.35	34	58373
1	99.3507	35	58373
1	99.4	36	58427
1	99.45	37	58453
1	99.5	37	58479
1	99.55	38	58508
1	99.6	39	58546
1	99.6117	40	58558
1	99.65	40	58586
1	99.7	41	58627
1	99.75	21	58666
1	99.8	23	58703
1	99.85	24	58722
1	99.8702	25	58735
1	99.9	25	58743
1	100	13	58808
1	100.032	15	58822
1	100.05	15	58833
1	100.1	16	58849
1	100.15	8	58866
1	100.164	10	58875
1	100.2	10	58885
1	100.3	7	58925
1	100.35	4	58942
1	100.353	5	58942
1	100.469	10	58977
1	100.635	15	59037
1	100.803	20	59122
1	100.977	25	59232
1	101.157	30	59367
1	101.348	35	59527
1	101.535	40	59712
1	101.73	45	59922
1	101.947	50	60157
1	102.187	55	60417
1	103.3	5	60498
1	103.3	5	60498
1	103.3	5	60498
1	103.3	5	60498
1	103.3	5	60498
1	103.3	5	60498
1	103.3	5	60498
1	103.3	5	60498
1	103.3	5	60498
1	103.3	5	60498
1	103.3	5	60498
1	103.307	10	60502
1	103.324	15	60507
1	103.329	20	60512
1	103.351	25	60517
1	103.51	30	60628
1	103.748	35	60788
1	104.011	40	60973
1	104.315	45	61183
1	104.35	22	61202
1	104.441	25	61249
1	104.65	14	61328
1	104.65	14	61328
1	104.65	15	61328
1	104.7	16	61347
1	104.75	16	61359
1	104.8	8	61372
1	104.835	10	61381
1	104.85	10	61384
1	104.95	5	61396
1	105	3	61403
1	105.048	5	61407
1	105.05	2	61409
1	105.1	3	61412
1	105.15	2	61415
1	105.2	2	61419
1	105.26	5	61426
1	105.3	2	61431
1	105.343	5	61438
1	105.35	2	61440
1	105.387	5	61447
1	105.522	10	61482
1	105.69	15	61542
1	105.85	9	61608
1	105.85	10	61608
1	105.985	15	61668
1	106.154	20	61753
1	106.335	25	61863
1	106.545	30	61998
1	106.831	35	62158
1	107.14	40	62343
1	107.45	22	62549
1	107.5	24	62582
1	107.5	24	62582
1	107.542	25	62596
1	107.55	25	62598
1	107.55	25	62598
1	107.6	25	62617
1	107.65	26	62645
1	107.75	14	62699
1	107.751	15	62699
1	107.8	16	62723
1	107.85	8	62737
1	107.866	10	62746
1	107.9	10	62752
1	107.95	5	62765
1	108	3	62778
1	108.033	5	62782
1	108.1	3	62793
1	108.118	5	62797
1	108.15	2	62801
1	108.165	5	62808
1	108.25	4	62827
1	108.25	5	62827
1	108.378	10	62862
1	108.548	15	62922
1	108.721	20	63007
1	108.9	25	63117
1	109.106	30	63252
1	109.327	35	63412
1	109.614	40	63597
1	109.924	45	63807
1	110.15	24	63967
1	110.15	25	63967
1	110.2	26	64001
1	110.25	26	64015
1	110.3	27	64030
1	110.3	27	64030
1	110.35	28	64048
1	110.4	28	64070
1	110.45	14	64098
1	110.45	15	64098
1	110.5	16	64120
1	110.55	17	64131
1	110.65	9	64157
1	110.65	10	64157
1	110.7	5	64172
1	110.75	3	64181
1	110.788	5	64185
1	110.8	2	64186
1	110.85	2	64190
1	110.915	5	64197
1	110.95	2	64199
1	110.998	5	64206
1	111	2	64208
1	111.043	5	64215
1	111.05	2	64217
1	111.087	5	64224
1	111.15	3	64234
1	111.169	5	64238
1	111.298	10	64273
1	111.462	15	64333
1	111.629	20	64418
1	111.801	25	64528
1	111.979	30	64663
1	112.163	35	64823
1	112.355	40	65008
1	112.55	45	65218
1	112.767	50	65453
1	113.008	55	65713
1	113.271	60	65998
1	113.557	65	66308
1	113.85	34	66625
1	113.85	35	66625
1	113.9	36	66679
1	113.95	37	66705
1	114	37	66731
1	114.05	38	66760
1	114.1	39	66798
1	114.111	40	66810
1	114.15	40	66838
1	114.2	41	66880
1	114.25	21	66918
1	114.3	23	66955
1	114.35	24	66974
1	114.37	25	66987
1	114.4	25	66996
1	114.45	13	67027
1	114.463	15	67041
1	114.55	8	67070
1	114.574	10	67079
1	114.6	5	67086
1	114.65	3	67097
1	114.673	5	67101
1	114.7	2	67106
1	114.736	5	67113
1	114.75	2	67114
1	114.779	5	67121
1	114.85	3	67137
1	114.864	5	67141
1	115.009	10	67176
1	115.147	15	67236
1	115.317	20	67321
1	115.493	25	67431
1	115.684	30	67566
1	115.866	35	67726
1	116.057	40	67911
1	116.267	45	68121
1	116.512	50	68356
1	116.779	55	68616
1	117.075	60	68901
1	117.3	31	69118
1	117.35	33	69168
1	117.4	34	69190
1	117.45	34	69214
1	117.457	35	69217
1	117.5	35	69243
1	117.55	36	69277
1	117.6	37	69314
1	117.65	19	69351
1	117.65	20	69351
1	117.7	21	69383
1	117.75	22	69400
1	117.8	11	69419
1	117.85	13	69439
1	117.9	7	69456
1	117.981	10	69473
1	118	5	69479
1	118.05	3	69489
1	118.068	5	69493
1	118.1	2	69497
1	118.15	2	69504
1	118.193	5	69511
1	118.25	3	69529
1	118.28	5	69533
1	118.408	10	69568
1	118.572	15	69628
1	118.74	20	69713
1	118.912	25	69823
1	119.09	30	69958
1	119.274	35	70118
1	119.465	40	70303
1	119.661	45	70513
1	120.75	2	70581
1	120.75	2	70581
1	120.75	2	70581
1	120.75	2	70581
1	120.75	2	70581
1	120.75	2	70581
1	120.75	2	70581
1	120.75	2	70581
1	120.75	2	70581
1	120.75	2	70581
1	120.75	2	70581
1	120.75	2	70581
1	120.75	2	70581
1	120.75	2	70581
1	120.75	2	70581
1	120.75	2	70581
1	120.75	2	70581
1	120.75	2	70581
1	120.75	2	70581
1	120.75	2	70581
1	120.75	2	70581
1	120.75	2	70581
1	120.75	2	70581
1	120.75	2	70581
1	120.75	2	70581
1	120.786	5	70588
1	120.871	10	70623
1	121.028	15	70683
1	121.197	20	70768
1	121.372	25	70878
1	121.563	30	71013
1	121.747	35	71173
1	121.961	40	71358
1	122.23	45	71568
1	122.516	50	71803
1	122.851	55	72063
1	122.9	27	72102
1	122.95	29	72141
1	123	29	72158
1	123.023	30	72159
1	123.05	30	72175
1	123.05	30	72175
1	123.1	31	72195
1	123.15	31	72217
1	123.2	32	72247
1	123.25	33	72279
1	123.3	17	72312
1	123.35	19	72340
1	123.35	19	72340
1	123.383	20	72349
1	123.4	20	72356
1	123.5	11	72393
1	123.55	13	72413
1	123.598	15	72432
1	123.6	7	72434
1	123.65	9	72449
1	123.678	10	72451
1	123.75	5	72472
1	123.8	3	72485
1	123.809	5	72489
1	123.9	4	72514
1	123.901	5	72514
1	124.027	10	72549
1	124.194	15	72609
1	124.363	20	72694
1	124.538	25	72804
1	124.729	30	72939
1	124.91	35	73099
1	125.099	40	73284
1	125.294	45	73494
1	125.511	50	73729
1	125.752	55	73989
1	126.015	60	74274
1	126.301	65	74584
1	126.6	34	74908
1	126.601	35	74908
1	126.65	36	74962
1	126.7	37	74988
1	126.75	37	75014
1	126.8	38	75043
1	126.85	39	75081
1	126.862	40	75093
1	126.9	40	75120
1	126.95	41	75162
1	127	21	75201
1	127.05	23	75238
1	127.1	24	75257
1	127.121	25	75270
1	127.15	25	75278
1	127.2	13	75310
1	127.214	15	75324
1	127.25	15	75335
1	127.35	8	75370
1	127.364	10	75379
1	127.4	10	75388
1	127.45	6	75404
1	127.5	4	75419
1	127.507	5	75419
1	127.6	4	75444
1	127.61	5	75444
1	127.719	10	75479
1	127.873	15	75539
1	128.043	20	75624
1	128.217	25	75734
1	128.401	30	75869
1	128.588	35	76029
1	128.776	40	76214
1	128.971	45	76424
1	129.19	50	76659
1	129.449	55	76919
1	129.735	60	77204
1	130.055	65	77514
1	130.15	33	77606
1	130.182	35	77640
1	130.2	35	77654
1	130.2	35	77654
1	130.2	35	77654
1	130.25	36	77677
1	130.3	36	77701
1	130.35	37	77729
1	130.35	37	77729
1	130.4	38	77764
1	130.45	39	77801
1	130.486	40	77825
1	130.55	20	77875
1	130.6	22	77909
1	130.65	23	77926
1	130.7	24	77947
1	130.741	25	77965
1	130.75	12	77975
1	130.75	12	77975
1	130.8	14	77997
1	130.828	15	78002
1	130.9	8	78026
1	130.916	10	78035
1	130.95	5	78042
1	131	3	78054
1	131.004	5	78058
1	131.1	4	78080
1	131.125	5	78080
1	131.15	3	78091
1	131.174	5	78095
1	131.303	10	78130
1	131.466	15	78190
1	131.634	20	78275
1	131.806	25	78385
1	131.984	30	78520
1	132.168	35	78680
1	132.36	40	78865
1	132.555	45	79075
1	132.772	50	79310
1	133.013	55	79570
1	133.276	60	79855
1	133.562	65	80165
1	133.85	34	80477
1	133.851	35	80477
1	133.9	36	80531
1	133.95	37	80557
1	134	37	80583
1	134.05	38	80611
1	134.1	39	80648
1	134.113	40	80662
1	135.15	5	80664
1	135.15	5	80664
1	135.15	5	80664
1	135.15	5	80664
1	135.15	5	80664
1	135.15	5	80664
1	135.15	5	80664
1	135.15	5	80664
1	135.15	5	80664
1	135.15	5	80664
1	135.15	5	80664
1	135.15	5	80664
1	135.15	5	80664
1	135.15	5	80664
1	135.15	5	80664
1	135.15	5	80664
1	135.161	10	80668
1	135.174	15	80673
1	135.181	20	80678
1	135.185	25	80683
1	135.414	30	80794
1	135.741	35	80954
1	136.098	40	81139
1	136.2	41	81193
1	136.2	41	81193
1	136.2	41	81193
1	136.2	41	81193
1	136.2	41	81193
1	136.2	41	81193
1	136.2	41	81193
1	136.2	41	81193
1	136.2	41	81193
1	136.2	41	81193
1	136.491	45	81349
1	136.55	23	81395
1	136.588	25	81419
1	136.65	25	81435
1	136.7	26	81446
1	136.75	26	81459
1	136.85	14	81499
1	136.86	15	81499
1	136.9	16	81515
1	136.95	16	81521
1	137.05	8	81535
1	137.1	9	81543
1	137.142	10	81544
1	137.2	10	81548
1	137.2	10	81548
1	137.2	10	81548
1	137.2	10	81548
1	137.2	10	81548
1	137.2	10	81548
1	137.2	10	81548
1	137.2	10	81548
1	137.2	10	81548
1	137.2	10	81548
1	137.3	5	81557
1	137.35	6	81562
1	137.665	10	81587
1	138.001	15	81647
1	138.2	9	81703
1	138.2	9	81703
1	138.2	9	81703
1	138.2	9	81703
1	138.2	9	81703
1	138.2	9	81703
1	138.2	9	81703
1	138.2	9	81703
1	138.2	9	81703
1	138.208	10	81703
1	138.354	15	81763
1	138.521	20	81848
1	138.693	25	81958
1	138.881	30	82093
1	139.062	35	82253
1	139.274	40	82438
1	139.529	45	82648
1	139.847	50	82883
1	140.246	55	83143
1	140.3	27	83179
1	140.3	27	83179
1	140.35	29	83211
1	140.35	29	83211
1	140.4	29	83221
1	140.4	29	83221
1	140.45	29	83233
1	140.45	29	83233
1	140.472	30	83236
1	140.5	30	83247
1	140.5	30	83247
1	140.55	30	83264
1	140.55	30	83264
1	140.6	31	83286
1	140.6	31	83286
1	140.65	32	83311
1	140.7	33	83336
1	140.75	33	83360
1	140.75	33	83360
1	140.8	17	83384
1	140.8	17	83384
1	140.85	19	83408
1	140.9	19	83420
1	140.927	20	83421
1	140.95	20	83433
1	141	10	83448
1	141.1	6	83472
1	141.2	4	83487
1	141.2	4	83487
1	141.202	5	83487
1	141.25	2	83492
1	141.32	5	83499
1	141.548	10	83534
1	141.7	6	83565
1	141.75	4	83575
1	141.75	4	83575
1	141.793	5	83575
1	141.8	3	83582
1	141.8	3	83582
1	141.846	5	83586
1	142.099	10	83621
1	142.6	7	83672
1	142.7	8	83677
1	142.85	8	83680
1	142.9	4	83682
1	142.93	5	83682
1	142.95	5	83685
1	143	5	83686
1	143	5	83686
1	143.05	3	83689
1	143.1	2	83693
1	143.2	2	83699
1	143.25	2	83703
1	143.3	1	83706
1	143.393	5	83715
1	143.45	3	83723
1	143.474	5	83727
1	143.6	4	83754
1	143.601	5	83754
1	143.729	10	83789
1	143.896	15	83849
1	144.069	20	83934
1	144.25	12	84043
1	144.288	15	84070
1	144.459	20	84155
1	144.651	25	84265
1	144.827	30	84400
1	145.02	35	84560
1	145.266	40	84745
1	145.575	45	84955
1	145.956	50	85190
1	146.05	25	85253
1	146.1	27	85284
1	146.1	27	85284
1	146.15	27	85294
1	146.15	27	85294
1	146.2	27	85306
1	146.2	27	85306
1	146.25	28	85326
1	146.25	28	85326
1	146.3	29	85346
1	146.3	29	85346
1	146.339	30	85363
1	146.35	30	85366
1	146.4	30	85388
1	146.45	15	85413
1	146.5	17	85437
1	146.55	18	85450
1	146.6	9	85468
1	146.602	10	85468
1	146.7	6	85491
1	146.75	4	85500
1	146.763	5	85500
1	146.8	3	85506
1	146.8	3	85506
1	146.811	5	85510
1	146.85	2	85513
1	146.894	5	85520
1	147	3	85538
1	147.02	5	85542
1	147.05	2	85547
1	147.05	2	85547
1	147.066	5	85554
1	147.227	10	85589
1	147.364	15	85649
1	147.534	20	85734
1	147.714	25	85844
1	147.915	30	85979
1	148.114	35	86139
1	148.35	40	86324
1	148.563	45	86534
1	148.777	50	86769
1	149.008	55	87029
1	149.15	28	87190
1	149.176	30	87219
1	149.2	30	87247
1	149.25	31	87279
1	149.25	31	87279
1	149.3	33	87315
1	149.366	35	87379
1	149.561	40	87564
1	149.778	45	87774
1	150.044	50	88009
1	150.325	55	88269
1	150.651	60	88554
1	150.7	30	88598
1	150.7	30	88598
1	150.75	32	88642
1	150.75	32	88642
1	150.8	33	88662
1	150.85	33	88685
1	150.924	35	88728
1	150.95	35	88743
1	151	36	88770
1	151.05	18	88805
1	151.05	18	88805
1	151.084	20	88824
1	151.1	20	88834
1	151.2	22	88867
1	151.25	22	88886
1	151.3	12	88913
1	151.35	14	88934
1	151.35	14	88934
1	151.381	15	88940
1	151.4	7	88948
1	151.466	10	88965
1	151.5	5	88973
1	151.6	4	89001
1	151.601	5	89001
1	151.7	4	89021
1	151.7	4	89021
1	151.719	5	89021
1	151.845	10	89056
1	151.982	15	89116
1	152.152	20	89201
1	152.326	25	89311
1	152.518	30	89446
1	152.699	35	89606
1	152.891	40	89791
1	153.081	45	90001
1	153.289	50	90236
1	153.52	55	90496
1	154.75	2	90747
1	154.75	2	90747
1	154.75	2	90747
1	154.75	2	90747
1	154.75	2	90747
1	154.75	2	90747
1	154.75	2	90747
1	154.75	2	90747
1	154.75	2	90747
1	154.75	2	90747
1	154.75	2	90747
1	154.75	2	90747
1	154.75	2	90747
1	154.75	2	90747
1	154.75	2	90747
1	154.75	2	90747
1	154.75	2	90747
1	154.75	2	90747
1	154.75	2	90747
1	154.75	2	90747
1	154.75	2	90747
1	154.75	2	90747
1	154.75	2	90747
1	154.75	2	90747
1	154.75	2	90747
1	154.75	2	90747
1	154.75	2	90747
1	154.75	2	90747
1	154.75	2	90747
1	154.75	2	90747
1	154.75	2	90747
1	154.75	2	90747
1	154.75	2	90747
1	154.75	2	90747
1	154.75	2	90747
1	154.75	2	90747
1	154.75	2	90747
1	154.75	2	90747
1	154.75	2	90747
1	154.75	2	90747
1	154.75	2	90747
1	154.75	2	90747
1	154.75	2	90747
1	154.75	2	90747
1	154.75	2	90747
1	154.75	2	90747
1	154.75	2	90747
1	154.792	5	90754
1	154.856	10	90789
1	155.018	15	90849
1	155.186	20	90934
1	155.382	25	91044
1	155.628	30	91179
1	155.917	35	91339
1	156.261	40	91524
1	156.35	20	91580
1	156.4	22	91607
1	156.45	22	91619
1	156.5	23	91631
1	156.55	23	91645
1	156.6	24	91660
1	156.615	25	91670
1	156.65	12	91682
1	156.7	14	91700
1	156.75	14	91709
1	156.766	15	91709
1	156.85	8	91730
1	156.868	10	91739
1	156.9	5	91742
1	156.95	3	91749
1	156.964	5	91753
1	157	2	91755
1	157.05	2	91761
1	157.132	5	91768
1	157.15	2	91770
1	157.2	2	91776
1	157.26	5	91783
1	157.3	3	91790
1	157.309	5	91794
1	157.35	2	91799
1	157.36	5	91806
1	157.541	10	91841
1	157.761	15	91901
1	158.061	20	91986
1	158.415	25	92096
1	158.5	13	92124
1	158.522	15	92138
1	158.55	15	92141
1	158.6	15	92149
1	158.65	8	92164
1	158.692	10	92173
1	158.7	5	92174
1	158.8	3	92181
1	158.85	4	92184
1	158.892	5	92185
1	159.05	3	92197
1	159.071	5	92201
1	159.1	2	92202
1	159.15	2	92206
1	159.199	5	92213
1	159.2	2	92215
1	159.281	5	92222
1	159.3	2	92227
1	159.35	2	92234
1	159.407	5	92241
1	159.45	3	92251
1	159.454	5	92255
1	159.583	10	92290
1	159.748	15	92350
1	159.917	20	92435
1	160.091	25	92545
1	160.278	30	92680
1	160.517	35	92840
1	160.784	40	93025
1	161.088	45	93235
1	161.35	24	93416
1	161.366	25	93416
1	161.4	26	93451
1	161.45	26	93466
1	161.5	27	93482
1	161.5	27	93482
1	161.55	28	93501
1	161.6	14	93527
1	161.601	15	93527
1	161.65	16	93549
1	161.7	17	93560
1	161.8	9	93588
1	161.801	10	93588
1	161.85	5	93602
1	161.95	4	93616
1	161.952	5	93616
1	162	3	93622
1	162.029	5	93626
1	162.05	2	93628
1	162.1	2	93633
1	162.156	5	93640
1	162.2	3	93649
1	162.24	5	93653
1	162.25	2	93657
1	162.285	5	93664
1	162.3	2	93665
1	162.328	5	93672
1	162.458	10	93707
1	162.625	15	93767
1	162.794	20	93852
1	162.969	25	93962
1	163.171	30	94097
1	163.388	35	94257
1	163.651	40	94442
1	163.95	45	94652
1	164.25	24	94865
1	164.251	25	94865
1	164.3	26	94900
1	164.35	26	94916
1	164.35	26	94916
1	164.4	27	94933
1	164.45	28	94952
1	164.5	29	94975
1	164.545	30	95000
1	164.55	15	95006
1	164.7	18	95055
1	164.75	9	95069
1	164.751	10	95069
1	164.8	11	95084
1	164.85	6	95101
1	164.9	4	95111
1	164.928	5	95111
1	164.95	3	95118
1	164.976	5	95122
1	165.05	3	95130
1	165.06	5	95134
1	165.1	2	95138
1	165.143	5	95145
1	165.15	3	95151
1	165.188	5	95155
1	165.25	3	95169
1	165.272	5	95173
1	165.401	10	95208
1	165.565	15	95268
1	165.737	20	95353
1	165.913	25	95463
1	166.096	30	95598
1	166.307	35	95758
1	166.58	40	95943
1	166.862	45	96153
1	167.194	50	96388
1	167.25	25	96431
1	167.3	27	96467
1	167.35	27	96484
1	167.4	28	96501
1	167.4	28	96501
1	167.45	29	96521
1	167.485	30	96541
1	167.5	30	96545
1	167.55	15	96575
1	167.6	17	96600
1	167.65	18	96613
1	167.7	9	96628
1	167.701	10	96628
1	167.75	11	96644
1	167.9	7	96688
1	167.95	4	96701
1	167.97	5	96701
1	168	3	96710
1	168.021	5	96714
1	168.1	3	96725
1	168.107	5	96729
1	168.15	3	96738
1	168.189	5	96742
1	168.2	3	96748
1	168.233	5	96752
1	168.361	10	96787
1	168.525	15	96847
1	168.692	20	96932
1	168.864	25	97042
1	169.042	30	97177
1	169.226	35	97337
1	169.418	40	97522
1	169.613	45	97732
1	169.831	50	97967
1	170.071	55	98227
1	170.334	60	98512
1	170.621	65	98822
1	170.9	34	99125
1	170.901	35	99125
1	170.95	36	99179
1	171	37	99205
1	171.05	37	99231
1	171.1	38	99260
1	171.15	39	99298
1	171.162	40	99310
1	171.2	40	99338
1	171.25	41	99379
1	171.3	21	99418
1	171.35	23	99455
1	171.4	24	99474
1	171.42	25	99487
1	171.5	13	99526
1	171.531	15	99540
1	171.55	15	99550
1	171.6	8	99566
1	171.623	10	99575
1	171.65	5	99582
1	171.7	3	99593
1	171.721	5	99597
1	171.75	2	99602
1	171.784	5	99609
1	171.85	3	99621
1	171.867	5	99625
1	171.9	3	99633
1	171.931	5	99637
1	172.059	10	99672
1	172.205	15	99732
1	172.373	20	99817
1	172.559	25	99927
1	172.736	30	100062
1	172.919	35	100222
1	173.11	40	100407
1	173.305	45	100617
1	174.547	10	100834
1	174.55	5	100835
1	174.716	10	100865
1	174.925	15	100925
1	175.135	20	101010
1	175.344	25	101120
1	175.553	30	101255
1	175.763	35	101415
1	175.987	40	101600
1	176.246	45	101810
1	176.545	50	102045
1	176.864	55	102305
1	177.05	28	102451
1	177.077	30	102480
1	177.1	30	102492
1	177.15	30	102508
1	177.2	31	102525
1	177.2	31	102525
1	177.25	32	102552
1	177.35	33	102603
1	177.4	34	102628
1	177.415	35	102640
1	177.45	17	102660
1	177.5	19	102687
1	177.535	20	102697
1	177.55	20	102701
1	177.65	21	102735
1	177.75	11	102777
1	177.85	7	102806
1	177.9	4	102817
1	177.916	5	102817
1	177.95	3	102824
1	177.964	5	102828
1	178.05	3	102840
1	178.09	5	102844
1	178.3	10	102879
1	178.513	15	102939
1	178.756	20	103024
1	179.063	25	103134
1	179.426	30	103269
1	179.7	16	103363
1	179.75	18	103381
1	179.8	18	103386
1	179.85	18	103392
1	179.9	19	103400
1	179.95	19	103412
1	179.99	20	103417
1	180	10	103422
1	180.1	12	103436
1	180.15	12	103441
1	180.25	6	103456
1	180.3	7	103463
1	180.4	4	103470
1	180.416	5	103470
1	180.45	2	103474
1	180.55	3	103477
1	180.634	5	103481
1	180.65	2	103484
1	180.7	2	103488
1	180.766	5	103495
1	180.976	10	103530
1	181.186	15	103590
1	181.395	20	103675
1	181.604	25	103785
1	181.814	30	103920
1	182.023	35	104080
1	182.232	40	104265
1	182.464	45	104475
1	182.726	50	104710
1	183.024	55	104970
1	183.356	60	105255
1	183.5	31	105379
1	183.55	33	105424
1	183.6	33	105442
1	183.65	34	105461
1	183.67	35	105478
1	183.7	35	105488
1	183.75	36	105518
1	183.8	36	105548
1	183.8	36	105548
1	183.85	37	105578
1	183.95	19	105644
1	183.951	20	105644
1	184	21	105675
1	184.05	22	105690
1	184.1	23	105713
1	184.195	25	105754
1	184.2	12	105758
1	184.25	14	105779
1	184.28	15	105785
1	184.3	15	105791
1	184.4	8	105826
1	184.426	10	105835
1	184.45	10	105842
1	184.636	15	105895
1	184.845	20	105980
1	185.054	25	106090
1	185.264	30	106225
1	185.473	35	106385
1	185.699	40	106570
1	185.956	45	106780
1	186.236	50	107015
1	186.558	55	107275
1	186.75	28	107438
1	186.783	30	107467
1	186.8	30	107480
1	186.9	31	107514
1	186.95	32	107535
1	187	33	107562
1	187.05	33	107592
1	187.1	34	107620
1	187.122	35	107627
1	187.2	18	107676
1	187.221	20	107695
1	187.25	20	107704
1	187.35	11	107740
1	187.4	13	107756
1	187.45	13	107765
1	187.5	7	107775
1	187.576	10	107792
1	187.6	5	107793
1	187.65	3	107803
1	187.687	5	107807
1	187.7	2	107809
1	187.772	5	107816
1	187.981	10	107851
1	188.19	15	107911
1	188.4	20	107996
1	188.609	25	108106
1	188.819	30	108241
1	189.032	35	108401
1	189.27	40	108586
1	189.537	45	108796
1	189.838	50	109031
1	190.16	55	109291
1	190.25	28	109360
1	190.291	30	109389
1	190.3	30	109399
1	190.35	30	109416
1	190.4	31	109433
1	190.45	32	109452
1	190.5	32	109476
1	190.55	33	109506
1	190.63	35	109549
1	190.7	18	109592
1	190.724	20	109611
1	190.75	20	109619
1	190.8	21	109632
1	190.85	21	109651
1	190.95	11	109691
1	191	13	109709
1	191.05	7	109719
1	191.1	4	109730
1	191.106	5	109730
1	191.2	3	109746
1	191.237	5	109750
1	191.25	2	109752
1	191.322	5	109759
1	191.531	10	109794
1	191.741	15	109854
1	191.95	20	109939
1	192.159	25	110049
1	192.368	30	110184
1	192.579	35	110344
1	192.796	40	110529
1	193.046	45	110739
1	194.3	4	110917
1	194.3	4	110917
1	194.3	4	110917
1	194.3	4	110917
1	194.3	4	110917
1	194.3	4	110917
1	194.301	5	110917
1	194.403	10	110952
1	194.509	15	111012
1	194.63	20	111097
1	194.757	25	111207
1	194.886	30	111342
1	195.031	35	111502
1	195.198	40	111687
1	195.387	45	111897
1	195.598	50	112132
1	195.841	55	112392
1	196.05	29	112596
1	196.05	29	112596
1	196.051	30	112596
1	196.1	31	112628
1	196.15	31	112641
1	196.25	32	112672
1	196.25	32	112672
1	196.25	32	112672
1	196.25	32	112672
1	196.4	34	112741
1	196.431	35	112756
1	196.5	18	112795
1	196.5	18	112795
1	196.565	20	112814
1	196.6	20	112819
1	196.6	20	112819
1	196.6	20	112819
1	196.6	20	112819
1	196.6	20	112819
1	196.6	20	112819
1	196.7	21	112851
1	196.7	21	112851
1	196.7	21	112851
1	196.7	21	112851
1	196.7	21	112851
1	196.7	21	112851
1	196.8	11	112885
1	196.8	11	112885
1	196.8	11	112885
1	196.85	12	112897
1	196.95	7	112913
1	196.95	7	112913
1	196.95	7	112913
1	197	8	112920
1	197	8	112920
1	197.049	10	112930
1	197.238	15	112990
1	197.421	20	113075
1	197.594	25	113185
1	197.7	13	113262
1	197.7	13	113262
1	197.7	13	113262
1	197.7	13	113262
1	197.717	15	113276
1	197.75	15	113291
1	197.75	15	113291
1	197.75	15	113291
1	197.75	15	113291
1	197.845	20	113361
1	197.971	25	113471
1	198.102	30	113606
1	198.247	35	113766
1	198.414	40	113951
1	198.603	45	114161
1	198.815	50	114396
1	199.049	55	114656
1	199.3	29	114935
1	199.3	30	114935
1	199.35	31	114980
1	199.35	31	114980
1	199.45	33	115036
1	199.5	34	115068
1	199.539	35	115095
1	199.6	18	115141
1	199.6	18	115141
1	199.6	18	115141
1	199.6	18	115141
1	199.6	18	115141
1	199.6	18	115141
1	199.635	20	115160
1	199.65	20	115171
1	199.8	12	115247
1	199.8	12	115247
1	199.864	15	115274
1	199.95	8	115312
1	199.95	8	115312
1	199.977	10	115321
