2	1.04641	10	4
2	1.08913	15	9
2	1.09374	20	14
2	1.13271	25	19
2	1.32152	30	130
2	1.5507	35	290
2	1.80898	40	475
2	2.1	22	684
2	2.1	22	684
2	2.17491	25	731
2	2.46282	30	866
2	2.7602	35	1026
2	2.85	18	1069
2	2.86814	20	1088
2	2.9	20	1097
2	2.95	21	1112
2	2.95	21	1112
2	3	11	1136
2	3.05	13	1154
2	3.12756	15	1175
2	3.38053	20	1260
2	3.62711	25	1370
2	3.75	13	1437
2	3.76377	15	1451
2	3.8	15	1462
2	3.97863	20	1536
2	4.19256	25	1646
2	4.4065	30	1781
2	4.63875	35	1941
2	4.92815	40	2126
2	5.24336	45	2336
2	5.59635	50	2571
2	5.65	25	2609
2	5.7	27	2642
2	5.75	27	2656
2	5.75	27	2656
2	5.85	28	2687
2	5.9	29	2704
2	5.9174	30	2719
2	5.95	30	2731
2	6	15	2759
2	6.05	17	2781
2	6.15	18	2801
2	6.2	9	2813
2	6.20214	10	2813
2	6.35	6	2844
2	6.4	7	2851
2	6.45	4	2855
2	6.46433	5	2855
2	6.55	3	2864
2	6.59412	5	2868
2	6.6	2	2869
2	6.67969	5	2876
2	6.89363	10	2911
2	7.10756	15	2971
2	7.3215	20	3056
2	7.53544	25	3166
2	7.74937	30	3301
2	7.96331	35	3461
2	8.1781	40	3646
2	8.4016	45	3856
2	8.66504	50	4091
2	8.95048	55	4351
2	9.27728	60	4636
2	9.55	32	4883
2	9.6	34	4927
2	9.65	34	4945
2	9.67588	35	4950
2	9.7	35	4963
2	9.7	35	4963
2	9.75	35	4984
2	9.8	36	5010
2	9.85	37	5041
2	9.9	38	5075
2	9.99391	40	5135
2	10	20	5136
2	10.05	22	5166
2	10.1	23	5180
2	10.15	23	5198
2	10.2063	25	5226
2	10.25	12	5246
2	10.3	14	5265
2	10.3349	15	5273
2	10.35	15	5275
2	10.45	8	5301
2	10.4674	10	5310
2	10.5	5	5314
2	10.55	3	5322
2	10.5752	5	5326
2	10.7891	10	5361
2	11.0031	15	5421
2	11.217	20	5506
2	11.4309	25	5616
2	11.6449	30	5751
2	11.8632	35	5911
2	12.1288	40	6096
2	12.405	45	6306
2	12.7375	50	6541
2	13.05	27	6791
2	13.1	29	6830
2	13.15	29	6846
2	13.1647	30	6848
2	13.2	30	6863
2	13.25	31	6886
2	13.3	32	6915
2	13.35	16	6943
2	13.45	18	6977
2	13.5	19	6988
2	13.5172	20	6997
2	13.55	10	7001
2	13.6	12	7016
2	13.7	6	7037
2	13.75	4	7046
2	13.7701	5	7046
2	13.85	3	7054
2	13.8984	5	7058
2	13.9	2	7060
2	13.9849	5	7067
2	14.1988	10	7102
2	14.4127	15	7162
2	14.6267	20	7247
2	14.8406	25	7357
2	15.0587	30	7492
2	15.3244	35	7652
2	15.5961	40	7837
2	15.9111	45	8047
2	16.2666	50	8282
2	16.3	25	8298
2	16.35	27	8331
2	16.4	27	8345
2	16.45	28	8359
2	16.5	28	8375
2	16.55	29	8392
2	16.5756	30	8408
2	16.6	30	8417
2	16.7	16	8470
2	16.75	18	8493
2	16.8	18	8504
2	16.8672	20	8524
2	16.9	10	8529
2	16.95	12	8543
2	17	6	8556
2	17.15	4	8575
2	17.162	5	8575
2	17.25	3	8586
2	17.2931	5	8590
2	17.3	2	8592
2	17.3796	5	8599
2	17.5935	10	8634
2	17.8074	15	8694
2	18.0214	20	8779
2	18.2353	25	8889
2	18.4492	30	9024
2	18.6632	35	9184
2	18.886	40	9369
2	19.1487	45	9579
2	19.4249	50	9814
2	19.7361	55	10074
2	20.8001	10	10087
2	20.842	15	10092
2	20.8466	20	10097
2	20.8838	25	10102
2	21.0668	30	10213
2	21.3154	35	10373
2	21.6051	40	10558
2	21.8423	45	10768
2	22.0834	50	11003
2	22.3	27	11236
2	22.35	29	11285
2	22.373	30	11293
2	22.4	30	11311
2	22.5	32	11378
2	22.55	16	11417
2	22.6643	20	11471
2	22.8783	25	11581
2	23.0923	30	11716
2	23.311	35	11876
2	23.5632	40	12061
2	23.8427	45	12271
2	24.1215	50	12506
2	24.4331	55	12766
2	24.45	27	12774
2	24.5	29	12819
2	24.5278	30	12831
2	24.65	32	12893
2	24.8138	35	12991
2	24.85	17	13013
2	24.9	19	13041
2	24.9296	20	13050
2	25	21	13071
2	25.05	21	13088
2	25.1	11	13114
2	25.15	13	13134
2	25.2	7	13146
2	25.2699	10	13163
2	25.4839	15	13223
2	25.6979	20	13308
2	25.915	25	13418
2	26.1607	30	13553
2	26.4529	35	13713
2	26.7664	40	13898
2	27.1279	45	14108
2	27.15	22	14109
2	27.25	24	14147
2	27.2918	25	14156
2	27.3	25	14160
2	27.35	25	14178
2	27.4	26	14191
2	27.5	27	14221
2	27.55	14	14241
2	27.5506	15	14241
2	27.65	16	14267
2	27.65	16	14267
2	27.75	8	14287
2	27.786	10	14296
2	27.8	10	14297
2	27.9	5	14307
2	27.95	6	14313
2	28	3	14316
2	28.0558	5	14320
2	28.1	2	14324
2	28.15	3	14327
2	28.2242	5	14331
2	28.4382	10	14366
2	28.6522	15	14426
2	28.8663	20	14511
2	29.0856	25	14621
2	29.3042	30	14756
2	29.5237	35	14916
2	29.7722	40	15101
2	30.0692	45	15311
2	30.4132	50	15546
2	30.7	26	15746
2	30.75	28	15782
2	30.8	28	15795
2	30.85	29	15809
2	30.85	29	15809
2	30.9	29	15829
2	30.9018	30	15830
2	31	31	15877
2	31.05	16	15899
2	31.1	18	15921
2	31.15	18	15931
2	31.15	18	15931
2	31.2256	20	15953
2	31.25	10	15964
2	31.3	12	15978
2	31.35	12	15986
2	31.45	7	16005
2	31.5	4	16016
2	31.5	5	16016
2	31.6	3	16032
2	31.6349	5	16036
2	31.849	10	16071
2	32.063	15	16131
2	32.277	20	16216
2	32.4927	25	16326
2	32.7067	30	16461
2	32.9207	35	16621
2	33.1378	40	16806
2	33.3982	45	17016
2	33.6751	50	17251
2	33.9871	55	17511
2	34.3	29	17771
2	34.3019	30	17771
2	34.35	31	17814
2	34.4	31	17831
2	34.5	33	17873
2	34.55	34	17902
2	34.6	34	17930
2	34.6093	35	17931
2	34.65	35	17955
2	34.7	18	17983
2	34.7224	20	18002
2	34.75	20	18010
2	34.85	21	18043
2	34.9	11	18062
2	34.95	13	18078
2	35	13	18087
2	35.0619	15	18101
2	35.1	7	18108
2	35.15	9	18123
2	35.1593	10	18125
2	35.2	5	18133
2	35.3655	10	18163
2	35.585	15	18223
2	35.8036	20	18308
2	36.0222	25	18418
2	36.2485	30	18553
2	36.5334	35	18713
2	36.8423	40	18898
2	37.1973	45	19108
2	37.3	23	19170
2	37.3457	25	19194
2	37.35	25	19199
2	37.45	26	19220
2	37.5	26	19232
2	37.55	26	19245
2	37.6	27	19265
2	37.65	14	19287
2	37.6602	15	19287
2	37.75	16	19310
2	37.8	16	19317
2	37.85	8	19325
2	37.9182	10	19334
2	37.95	10	19336
2	38	10	19340
2	38.05	5	19347
2	38.15	3	19355
2	38.2	4	19358
2	38.2418	5	19359
2	38.3	2	19364
2	38.35	3	19367
2	38.4111	5	19371
2	38.6251	10	19406
2	38.8391	15	19466
2	39.0531	20	19551
2	39.2689	25	19661
2	39.4862	30	19796
2	39.7293	35	19956
2	40.0216	40	20141
2	41.1	2	20166
2	41.1	2	20166
2	41.1	2	20166
2	41.1	2	20166
2	41.1	2	20166
2	41.1	2	20166
2	41.1	2	20166
2	41.1	2	20166
2	41.1	2	20166
2	41.1268	5	20173
2	41.2543	10	20208
2	41.4149	15	20268
2	41.5824	20	20353
2	41.7549	25	20463
2	41.933	30	20598
2	42.1226	35	20758
2	42.3327	40	20943
2	42.5781	45	21153
2	42.8502	50	21388
2	43.1609	55	21648
2	43.35	28	21802
2	43.3888	30	21831
2	43.4	30	21844
2	43.45	30	21861
2	43.5	31	21879
2	43.55	32	21899
2	43.55	32	21899
2	43.6	32	21924
2	43.65	33	21956
2	43.7	34	21990
2	43.7017	35	21991
2	43.75	17	22023
2	43.8	19	22052
2	43.8273	20	22060
2	43.9	21	22083
2	43.95	11	22106
2	43.95	11	22106
2	44	13	22126
2	44.05	7	22141
2	44.1	4	22155
2	44.1147	5	22155
2	44.2	3	22173
2	44.205	5	22177
2	44.25	3	22186
2	44.2868	5	22190
2	44.3	3	22198
2	44.3324	5	22202
2	44.4608	10	22237
2	44.6246	15	22297
2	44.7921	20	22382
2	44.9642	25	22492
2	45.1418	30	22627
2	45.3259	35	22787
2	45.5177	40	22972
2	45.7133	45	23182
2	45.9304	50	23417
2	46.1707	55	23677
2	46.434	60	23962
2	46.7204	65	24272
2	47	34	24575
2	47.0004	35	24575
2	47.05	36	24629
2	47.1	37	24655
2	47.15	37	24681
2	47.2	38	24710
2	47.25	39	24748
2	47.2615	40	24760
2	47.3	40	24788
2	47.35	41	24830
2	47.4	21	24868
2	47.45	23	24905
2	47.5	24	24924
2	47.5201	25	24937
2	47.6	13	24976
2	47.6313	15	24990
2	47.65	15	25000
2	47.7	8	25016
2	47.723	10	25025
2	47.75	5	25032
2	47.8	3	25043
2	47.8206	5	25047
2	47.85	2	25052
2	47.8834	5	25059
2	47.95	3	25071
2	47.9673	5	25075
2	48	3	25083
2	48.0309	5	25087
2	48.1584	10	25122
2	48.3128	15	25182
2	48.4872	20	25267
2	48.6765	25	25377
2	48.8972	30	25512
2	49.1957	35	25672
2	49.5499	40	25857
2	49.7	20	25933
2	49.75	22	25958
2	49.75	22	25958
2	49.8	22	25967
2	49.85	23	25977
2	49.85	23	25977
2	49.9	23	25990
2	49.95	24	26004
2	49.9999	25	26023
2	50	12	26024
2	50.05	14	26041
2	50.1	14	26049
2	50.1236	15	26051
2	50.15	15	26058
2	50.2	8	26069
2	50.2183	10	26078
2	50.25	5	26081
2	50.3	3	26088
2	50.3195	5	26092
2	50.35	2	26093
2	50.4	2	26097
2	50.4469	5	26104
2	50.45	2	26106
2	50.5297	5	26113
2	50.55	2	26118
2	50.6	2	26125
2	50.65	2	26132
2	50.6618	5	26139
2	50.8226	10	26174
2	50.9603	15	26234
2	51.1305	20	26319
2	51.3054	25	26429
2	51.4972	30	26564
2	51.6818	35	26724
2	51.9012	40	26909
2	52.1362	45	27119
2	52.3888	50	27354
2	52.6491	55	27614
2	52.9	29	27886
2	52.9004	30	27886
2	52.95	31	27940
2	52.95	31	27940
2	53	32	27971
2	53.103	35	28046
2	53.3	19	28216
2	53.3031	20	28216
2	53.35	21	28255
2	53.4755	25	28326
2	53.5	12	28341
2	53.55	14	28368
2	53.5592	15	28368
2	53.7393	20	28453
2	53.9	12	28553
2	53.9403	15	28580
2	54.1151	20	28665
2	54.2945	25	28775
2	54.4915	30	28910
2	54.7377	35	29070
2	55.0299	40	29255
2	55.3452	45	29465
2	55.5	23	29567
2	55.5425	25	29591
2	55.55	25	29600
2	55.6	25	29613
2	55.6	25	29613
2	55.65	26	29628
2	55.7	27	29645
2	55.75	27	29665
2	55.8	28	29692
2	55.85	14	29720
2	55.8508	15	29720
2	55.9	16	29743
2	56	17	29768
2	56.05	9	29782
2	56.0553	10	29782
2	56.1	5	29797
2	56.15	3	29807
2	56.1715	5	29811
2	56.25	3	29820
2	56.2775	5	29824
2	56.3	2	29827
2	56.35	2	29833
2	56.4031	5	29840
2	56.45	3	29852
2	56.4869	5	29856
2	56.5	3	29862
2	56.5311	5	29866
2	56.6708	10	29901
2	56.8736	15	29961
2	57.1733	20	30046
2	57.5328	25	30156
2	57.75	13	30224
2	57.75	13	30224
2	57.7928	15	30238
2	57.8	15	30239
2	57.85	15	30245
2	58.9	5	30249
2	58.9	5	30249
2	58.9	5	30249
2	58.9212	10	30253
2	58.9428	15	30258
2	58.964	20	30263
2	58.9686	25	30268
2	59.1416	30	30379
2	59.3484	35	30539
2	59.5874	40	30724
2	59.8574	45	30934
2	60	23	31038
2	60.038	25	31062
2	60.342	30	31197
2	60.5	16	31280
2	60.55	18	31304
2	60.6	19	31316
2	60.65	19	31331
2	60.6536	20	31334
2	60.7	10	31354
2	60.7	10	31354
2	60.75	12	31370
2	60.85	7	31393
2	60.9	4	31406
2	60.9065	5	31406
2	60.95	3	31415
2	60.9549	5	31419
2	61	3	31428
2	61.0386	5	31432
2	61.2051	10	31467
2	61.3761	15	31527
2	61.5537	20	31612
2	61.7539	25	31722
2	61.9514	30	31857
2	62.2003	35	32017
2	62.4925	40	32202
2	62.8077	45	32412
2	63	23	32533
2	63.0427	25	32557
2	63.05	25	32565
2	63.1	25	32579
2	63.15	26	32593
2	63.25	27	32626
2	63.3	28	32648
2	63.35	14	32675
2	63.3507	15	32675
2	63.4	16	32696
2	63.45	16	32706
2	63.5	17	32717
2	63.55	9	32730
2	63.5544	10	32730
2	63.65	6	32757
2	63.7	4	32766
2	63.7281	5	32766
2	63.75	3	32772
2	63.7757	5	32776
2	63.85	3	32782
2	63.8603	5	32786
2	63.9	2	32789
2	63.9441	5	32796
2	64	3	32807
2	64.0296	5	32811
2	64.2006	10	32846
2	64.3709	15	32906
2	64.5485	20	32991
2	64.7486	25	33101
2	64.9354	30	33236
2	65.1355	35	33396
2	65.3362	40	33581
2	65.5624	45	33791
2	65.822	50	34026
2	66.1166	55	34286
2	66.4379	60	34571
2	66.55	30	34670
2	66.6	32	34714
2	66.65	32	34731
2	66.7	33	34749
2	66.7	33	34749
2	66.75	34	34770
2	66.8	34	34798
2	66.8019	35	34800
2	66.85	35	34829
2	66.9	36	34861
2	66.95	18	34893
2	66.9799	20	34912
2	67	20	34922
2	67.05	21	34936
2	67.15	22	34973
2	67.2	11	34997
2	67.2	11	34997
2	67.25	13	35016
2	67.3242	15	35036
2	67.35	7	35041
2	67.4	9	35055
2	67.4089	10	35058
2	67.45	5	35068
2	67.55	4	35094
2	67.5674	5	35094
2	67.7066	10	35129
2	67.8786	15	35189
2	68.063	20	35274
2	68.26	25	35384
2	68.4631	30	35519
2	68.6576	35	35679
2	68.8955	40	35864
2	69.1625	45	36074
2	69.4673	50	36309
2	69.8	27	36559
2	69.85	29	36597
2	69.85	29	36597
2	69.9	29	36615
2	69.909	30	36616
2	69.95	30	36634
2	70	31	36660
2	70.1	32	36705
2	70.15	16	36735
2	70.2	18	36760
2	70.25	19	36773
2	70.297	20	36789
2	70.3	10	36790
2	70.35	12	36805
2	70.45	6	36824
2	70.5	4	36834
2	70.5064	5	36834
2	70.55	3	36840
2	70.5658	5	36844
2	70.65	3	36853
2	70.6905	5	36857
2	70.7	2	36861
2	70.75	2	36867
2	70.8179	5	36874
2	70.9528	10	36909
2	71.1676	15	36969
2	71.3787	20	37054
2	71.6791	25	37164
2	71.9377	30	37299
2	72.1925	35	37459
2	72.25	18	37499
2	72.2763	20	37518
2	72.3	20	37530
2	72.35	21	37547
2	72.4	11	37567
2	72.45	13	37587
2	72.4982	15	37606
2	72.5	7	37608
2	72.55	9	37623
2	72.5783	10	37625
2	72.65	5	37646
2	72.754	10	37676
2	72.927	15	37736
2	73.1271	20	37821
2	73.3075	25	37931
2	73.5185	30	38066
2	73.7665	35	38226
2	74.0384	40	38411
2	74.3739	45	38621
2	74.6	24	38779
2	74.6007	25	38779
2	74.65	26	38811
2	74.7	26	38825
2	74.75	27	38839
2	74.8	27	38855
2	74.85	28	38872
2	74.9	14	38899
2	74.9001	15	38899
2	74.95	16	38919
2	75	16	38928
2	75.05	17	38938
2	75.1	9	38950
2	75.105	10	38950
2	75.2	6	38972
2	75.25	4	38980
2	75.2629	5	38980
2	75.3	2	38985
2	75.4	2	38990
2	75.45	2	38996
2	75.5	2	39000
2	75.5756	5	39007
2	75.6	2	39011
2	75.6585	5	39018
2	75.8005	10	39053
2	76.0488	15	39113
2	76.388	20	39198
2	76.7612	25	39308
2	76.85	12	39331
2	76.9	14	39346
2	76.95	14	39352
2	76.9942	15	39358
2	77	15	39360
2	77.05	15	39369
2	77.15	8	39390
2	77.1742	10	39399
2	77.2	10	39402
2	77.25	10	39409
2	77.35	6	39434
2	77.4728	10	39458
2	77.5	5	39460
2	77.643	10	39490
2	77.65	5	39493
2	77.7	3	39503
2	77.7277	5	39507
2	77.8	3	39518
2	77.8133	5	39522
2	77.9798	10	39557
2	78.1509	15	39617
2	78.3285	20	39702
2	78.5286	25	39812
2	78.7154	30	39947
2	78.9453	35	40107
2	79.206	40	40292
2	80.3	4	40336
2	80.3	4	40336
2	80.3	4	40336
2	80.3	4	40336
2	80.3	4	40336
2	80.3	4	40336
2	80.3	4	40336
2	80.3	4	40336
2	80.3	4	40336
2	80.3	4	40336
2	80.3	4	40336
2	80.303	5	40336
2	80.3516	10	40371
2	80.4869	15	40431
2	80.6253	20	40516
2	80.7907	25	40626
2	80.9712	30	40761
2	81.1926	35	40921
2	81.4128	40	41106
2	81.6471	45	41316
2	81.9231	50	41551
2	81.95	25	41580
2	82	27	41623
2	82.05	28	41647
2	82.1	29	41672
2	82.1	29	41672
2	82.1251	30	41690
2	82.15	30	41702
2	82.2	15	41738
2	82.3407	20	41808
2	82.55	12	41918
2	82.6	14	41943
2	82.603	15	41945
2	82.65	8	41966
2	82.6738	10	41975
2	82.75	6	42003
2	82.8	4	42019
2	82.8104	5	42019
2	82.85	3	42033
2	82.8587	5	42037
2	82.9	3	42048
2	82.9131	5	42052
2	82.95	3	42064
2	82.9586	5	42068
2	83.0487	10	42103
2	83.1771	15	42163
2	83.3238	20	42248
2	83.4748	25	42358
2	83.6385	30	42493
2	83.806	35	42653
2	83.9801	40	42838
2	84.1736	45	43048
2	84.3902	50	43283
2	84.6298	55	43543
2	84.8924	60	43828
2	85.1781	65	44138
2	85.3	33	44271
2	85.332	35	44305
2	85.35	35	44325
2	85.4	36	44356
2	85.45	37	44385
2	85.45	37	44385
2	85.5	38	44420
2	85.55	39	44463
2	85.5842	40	44490
2	85.6	40	44508
2	85.65	20	44552
2	85.7	22	44592
2	85.75	23	44614
2	85.8	24	44638
2	85.8083	25	44642
2	85.85	13	44668
2	85.8631	15	44682
2	85.95	8	44721
2	85.9761	10	44730
2	86	5	44742
2	86.05	4	44758
2	86.0645	5	44758
2	86.1	3	44772
2	86.1161	5	44776
2	86.15	3	44786
2	86.1608	5	44790
2	86.2	3	44800
2	86.2045	5	44804
2	86.2947	10	44839
2	86.4271	15	44899
2	86.6148	20	44984
2	86.8262	25	45094
2	87.092	30	45229
2	87.4284	35	45389
2	87.5	18	45430
2	87.5387	20	45449
2	87.55	20	45455
2	87.6	20	45466
2	87.65	21	45478
2	87.65	21	45478
2	87.7	11	45493
2	87.75	13	45509
2	87.8	7	45519
2	87.85	4	45529
2	87.8657	5	45529
2	87.9	3	45535
2	87.95	2	45539
2	88	1	45542
2	88.05	1	45545
2	88.1	2	45554
2	88.1788	5	45561
2	88.2	3	45567
2	88.2259	5	45571
2	88.25	2	45576
2	88.2756	5	45583
2	88.3	2	45585
2	88.3226	5	45592
2	88.4	3	45606
2	88.4191	5	45610
2	88.45	3	45617
2	88.4696	5	45621
2	88.5	3	45628
2	88.5201	5	45632
2	88.6727	10	45667
2	88.8966	15	45727
2	89.1059	20	45812
2	89.3152	25	45922
2	89.4	13	45975
2	89.4	13	45975
2	89.4137	15	45989
2	89.5	8	46027
2	89.5236	10	46036
2	89.55	5	46047
2	89.6	4	46062
2	89.6091	5	46062
2	89.65	3	46075
2	89.663	5	46079
2	89.7	3	46089
2	89.7076	5	46093
2	89.75	3	46106
2	89.7541	5	46110
2	89.8459	10	46145
2	89.9789	15	46205
2	90.1272	20	46290
2	90.2845	25	46400
2	90.4637	30	46535
2	90.6738	35	46695
2	90.9272	40	46880
2	91.2202	45	47090
2	91.5	24	47304
2	91.5	24	47304
2	91.5004	25	47304
2	91.55	26	47340
2	91.6	27	47358
2	91.65	27	47377
2	91.65	27	47377
2	91.7	28	47398
2	91.75	29	47425
2	91.7649	30	47439
2	91.8	15	47458
2	91.85	17	47484
2	91.9	18	47499
2	91.95	9	47516
2	91.9557	10	47516
2	92	11	47534
2	92.05	6	47550
2	92.1	4	47565
2	92.1016	5	47565
2	92.15	3	47575
2	92.1744	5	47579
2	92.25	3	47593
2	92.2581	5	47597
2	92.3	3	47606
2	92.3037	5	47610
2	92.35	3	47625
2	92.3846	5	47629
2	92.4	3	47638
2	92.4283	5	47642
2	92.5	4	47665
2	92.5091	5	47665
2	92.5976	10	47700
2	92.7232	15	47760
2	92.8589	20	47845
2	93.0172	25	47955
2	93.1722	30	48090
2	93.3424	35	48250
2	93.519	40	48435
2	93.7282	45	48645
2	93.9634	50	48880
2	94.2383	55	49140
2	94.5394	60	49425
2	94.7	31	49579
2	94.7	31	49579
2	94.75	33	49626
2	94.75	33	49626
2	94.8	34	49650
2	94.85	34	49675
2	94.8623	35	49678
2	94.9	35	49702
2	94.95	36	49735
2	94.95	36	49735
2	95	37	49772
2	95.05	19	49812
2	95.05	20	49812
2	95.1	21	49846
2	95.1	21	49846
2	95.15	22	49866
2	95.2	11	49888
2	95.25	13	49911
2	95.2966	15	49927
2	95.3	7	49931
2	95.3476	10	49948
2	95.4	5	49965
2	95.45	4	49979
2	95.4649	5	49979
2	95.5	3	49991
2	95.5124	5	49995
2	95.55	3	50003
2	95.5569	5	50007
2	95.65	4	50040
2	95.6506	5	50040
2	95.7	3	50056
2	95.7245	5	50060
2	95.8146	10	50095
2	95.9429	15	50155
2	96.0924	20	50240
2	96.2898	25	50350
2	97.4	2	50415
2	97.4	2	50415
2	97.4	2	50415
2	97.4	2	50415
2	97.4	2	50415
2	97.4	2	50415
2	97.4	2	50415
2	97.4	2	50415
2	97.4	2	50415
2	97.4	2	50415
2	97.4	2	50415
2	97.4	2	50415
2	97.4	2	50415
2	97.4	2	50415
2	97.4	2	50415
2	97.4	2	50415
2	97.4	2	50415
2	97.4	2	50415
2	97.4	2	50415
2	97.4	2	50415
2	97.4	2	50415
2	97.4	2	50415
2	97.4	2	50415
2	97.4	2	50415
2	97.4	2	50415
2	97.4	2	50415
2	97.4	2	50415
2	97.4418	5	50422
2	97.5274	10	50457
2	97.6883	15	50517
2	97.8576	20	50602
2	98.0333	25	50712
2	98.2346	30	50847
2	98.4752	35	51007
2	98.7322	40	51192
2	99.0177	45	51402
2	99.25	24	51581
2	99.2508	25	51581
2	99.3	26	51619
2	99.35	27	51637
2	99.35	27	51637
2	99.5065	30	51716
2	99.55	15	51741
2	99.6	17	51765
2	99.65	18	51778
2	99.7499	20	51811
2	99.75	10	51812
2	99.75	10	51812
2	99.8	12	51830
2	99.9058	15	51862
2	99.95	8	51878
2	99.9858	10	51887
2	100.05	5	51905
2	100.15	4	51926
2	100.15	4	51926
2	100.15	4	51926
2	100.154	5	51926
2	100.281	10	51961
2	100.422	15	52021
2	100.602	20	52106
2	100.778	25	52216
2	100.965	30	52351
2	101.167	35	52511
2	101.399	40	52696
2	101.653	45	52906
2	101.902	50	53141
2	102.143	55	53401
2	102.2	28	53463
2	102.227	30	53492
2	102.3	31	53544
2	102.35	32	53575
2	102.446	35	53652
2	102.45	17	53656
2	102.45	17	53656
2	102.518	20	53693
2	102.55	20	53712
2	102.55	20	53712
2	102.697	25	53803
2	102.75	13	53843
2	102.778	15	53857
2	102.945	20	53942
2	103.117	25	54052
2	103.296	30	54187
2	103.515	35	54347
2	103.747	40	54532
2	104.03	45	54742
2	104.328	50	54977
2	104.5	26	55122
2	104.55	28	55163
2	104.6	29	55182
2	104.65	29	55203
2	104.65	29	55203
2	104.663	30	55206
2	104.75	31	55257
2	104.8	16	55290
2	104.85	18	55317
2	104.925	20	55344
2	104.95	10	55348
2	105	12	55365
2	105.099	15	55398
2	105.1	7	55399
2	105.15	9	55413
2	105.18	10	55416
2	105.25	5	55434
2	105.35	4	55457
2	105.35	5	55457
2	105.4	3	55473
2	105.437	5	55477
2	105.45	3	55483
2	105.481	5	55487
2	105.609	10	55522
2	105.773	15	55582
2	105.94	20	55667
2	106.114	25	55777
2	106.315	30	55912
2	106.562	35	56072
2	106.828	40	56257
2	107.129	45	56467
2	107.25	23	56553
2	107.28	25	56577
2	107.3	25	56590
2	107.35	26	56608
2	107.4	26	56628
2	107.545	30	56712
2	107.55	15	56715
2	107.6	17	56740
2	107.65	18	56754
2	107.7	9	56770
2	107.705	10	56770
2	107.8	6	56801
2	107.85	4	56813
2	107.851	5	56813
2	107.95	3	56828
2	107.968	5	56832
2	108	2	56836
2	108.05	5	56843
2	108.1	3	56859
2	108.138	5	56863
2	108.2	3	56879
2	108.223	5	56883
2	108.352	10	56918
2	108.516	15	56978
2	108.683	20	57063
2	108.855	25	57173
2	109.04	30	57308
2	109.274	35	57468
2	109.527	40	57653
2	109.8	45	57863
2	110.096	50	58098
2	110.15	25	58143
2	110.2	27	58183
2	110.3	28	58222
2	110.35	29	58243
2	110.35	29	58243
2	110.362	30	58253
2	110.4	30	58273
2	110.45	15	58306
2	110.55	18	58347
2	110.6	9	58363
2	110.605	10	58363
2	110.75	7	58412
2	110.831	10	58429
2	110.85	5	58434
2	110.95	4	58452
2	110.955	5	58452
2	111.05	4	58478
2	111.083	5	58478
2	111.1	3	58488
2	111.13	5	58492
2	111.15	2	58497
2	111.176	5	58504
2	111.306	10	58539
2	111.473	15	58599
2	111.648	20	58684
2	111.854	25	58794
2	112.097	30	58929
2	112.34	35	59089
2	112.6	40	59274
2	112.75	21	59382
2	112.8	23	59419
2	112.8	23	59419
2	112.85	24	59440
2	112.879	25	59451
2	112.9	25	59468
2	112.95	13	59493
2	112.972	15	59507
2	113.181	20	59592
2	113.401	25	59702
2	113.5	13	59755
2	113.513	15	59769
2	113.55	15	59782
2	113.6	8	59805
2	113.636	10	59814
2	113.7	6	59841
2	113.772	10	59865
2	113.95	15	59925
2	114.14	20	60010
2	114.343	25	60120
2	114.533	30	60255
2	114.769	35	60415
2	115.9	5	60498
2	115.9	5	60498
2	115.9	5	60498
2	115.9	5	60498
2	115.9	5	60498
2	115.9	5	60498
2	115.9	5	60498
2	115.9	5	60498
2	115.9	5	60498
2	115.9	5	60498
2	115.9	5	60498
2	115.9	5	60498
2	115.9	5	60498
2	115.9	5	60498
2	115.9	5	60498
2	115.9	5	60498
2	115.9	5	60498
2	115.9	5	60498
2	115.9	5	60498
2	115.9	5	60498
2	115.9	5	60498
2	115.924	10	60502
2	115.929	15	60507
2	115.945	20	60512
2	115.95	25	60517
2	116.116	30	60628
2	116.303	35	60788
2	116.521	40	60973
2	116.772	45	61183
2	117	24	61376
2	117.012	25	61376
2	117.258	30	61511
2	117.543	35	61671
2	117.55	17	61678
2	117.6	19	61706
2	117.637	20	61715
2	117.65	20	61720
2	117.65	20	61720
2	117.7	21	61739
2	117.75	11	61758
2	117.8	13	61778
2	117.85	7	61791
2	117.9	4	61805
2	117.9	4	61805
2	117.901	5	61805
2	117.95	3	61821
2	117.988	5	61825
2	118	3	61831
2	118.031	5	61835
2	118.16	10	61870
2	118.323	15	61930
2	118.491	20	62015
2	118.663	25	62125
2	118.853	30	62260
2	119.095	35	62420
2	119.363	40	62605
2	119.673	45	62815
2	119.9	24	62958
2	119.902	25	62958
2	119.95	26	62992
2	120	26	63006
2	120	26	63006
2	120.05	27	63025
2	120.1	28	63049
2	120.15	14	63074
2	120.165	15	63074
2	120.2	16	63095
2	120.3	17	63115
2	120.35	9	63128
2	120.351	10	63128
2	120.4	5	63142
2	120.45	3	63149
2	120.5	4	63153
2	120.525	5	63153
2	120.6	3	63160
2	120.627	5	63164
2	120.65	2	63165
2	120.7	2	63172
2	120.755	5	63179
2	120.8	3	63187
2	120.839	5	63191
2	120.85	2	63195
2	120.885	5	63202
2	120.9	2	63203
2	120.93	5	63210
2	121.066	10	63245
2	121.264	15	63305
2	121.518	20	63390
2	121.785	25	63500
2	122.041	30	63635
2	122.2	16	63725
2	122.25	18	63752
2	122.3	19	63769
2	122.332	20	63779
2	122.35	10	63787
2	122.4	12	63806
2	122.45	6	63819
2	122.5	4	63833
2	122.505	5	63833
2	122.55	3	63845
2	122.554	5	63849
2	122.72	10	63884
2	122.917	15	63944
2	123.15	9	64022
2	123.154	10	64022
2	123.398	15	64082
2	123.647	20	64167
2	123.85	12	64261
2	123.9	14	64283
2	123.911	15	64288
2	123.95	7	64300
2	124	10	64317
2	124	5	64318
2	124.05	3	64329
2	124.076	5	64333
2	124.1	2	64338
2	124.127	5	64345
2	124.15	2	64346
2	124.168	5	64353
2	124.297	10	64388
2	124.462	15	64448
2	124.634	20	64533
2	124.811	25	64643
2	125.002	30	64778
2	125.225	35	64938
2	125.474	40	65123
2	125.742	45	65333
2	126.025	50	65568
2	126.1	25	65633
2	126.2	28	65696
2	126.297	30	65743
2	126.35	15	65776
2	126.35	15	65776
2	126.35	15	65776
2	126.35	15	65776
2	126.4	17	65801
2	126.519	20	65846
2	126.6	10	65881
2	126.65	12	65901
2	126.65	12	65901
2	126.746	15	65931
2	126.9	9	65998
2	126.902	10	65998
2	126.95	11	66019
2	127.05	7	66053
2	127.093	10	66070
2	127.244	15	66130
2	127.414	20	66215
2	127.592	25	66325
2	127.783	30	66460
2	128.006	35	66620
2	128.222	40	66805
2	128.431	45	67015
2	128.648	50	67250
2	128.889	55	67510
2	128.9	27	67523
2	128.9	27	67523
2	128.967	30	67580
2	129	30	67609
2	129.05	32	67643
2	129.157	35	67740
2	129.361	40	67925
2	129.59	45	68135
2	129.86	50	68370
2	129.9	25	68404
2	130.069	30	68514
2	130.327	35	68674
2	130.5	19	68793
2	130.5	20	68793
2	130.55	21	68826
2	130.55	21	68826
2	130.6	22	68845
2	130.65	11	68866
2	130.7	13	68888
2	130.755	15	68905
2	130.8	8	68924
2	130.8	8	68924
2	130.836	10	68933
2	130.85	5	68941
2	130.9	3	68954
2	130.922	5	68958
2	131.051	10	68993
2	131.219	15	69053
2	131.417	20	69138
2	131.608	25	69248
2	131.817	30	69383
2	132.056	35	69543
2	132.313	40	69728
2	132.35	20	69750
2	132.4	22	69785
2	132.45	23	69804
2	132.507	25	69840
2	132.759	30	69975
2	132.95	16	70091
2	133.07	20	70145
2	133.1	10	70154
2	133.2	6	70189
2	133.25	4	70202
2	133.25	4	70202
2	133.279	5	70202
2	133.3	3	70210
2	133.325	5	70214
2	133.35	2	70218
2	133.373	5	70225
2	133.536	10	70260
2	133.703	15	70320
2	133.875	20	70405
2	133.9	10	70420
2	134.012	15	70470
2	134.186	20	70555
2	135.25	5	70581
2	135.25	5	70581
2	135.25	5	70581
2	135.25	5	70581
2	135.25	5	70581
2	135.25	5	70581
2	135.25	5	70581
2	135.25	5	70581
2	135.25	5	70581
2	135.25	5	70581
2	135.25	5	70581
2	135.25	5	70581
2	135.274	10	70585
2	135.279	15	70590
2	135.295	20	70595
2	135.317	25	70600
2	135.522	30	70711
2	135.817	35	70871
2	136.138	40	71056
2	136.3	21	71156
2	136.3	21	71156
2	136.3	21	71156
2	136.3	21	71156
2	136.3	21	71156
2	136.3	21	71156
2	136.443	25	71225
2	136.45	25	71230
2	136.5	13	71251
2	136.53	15	71265
2	136.55	15	71273
2	136.7	9	71321
2	136.7	10	71321
2	136.85	6	71361
2	136.9	4	71373
2	136.911	5	71373
2	137.05	4	71404
2	137.058	5	71404
2	137.1	3	71414
2	137.131	5	71418
2	137.15	2	71422
2	137.177	5	71429
2	137.3	4	71453
2	137.3	5	71453
2	137.425	10	71488
2	137.562	15	71548
2	137.735	20	71633
2	137.927	25	71743
2	138.103	30	71878
2	138.286	35	72038
2	138.477	40	72223
2	138.672	45	72433
2	138.888	50	72668
2	139.139	55	72928
2	139.415	60	73213
2	139.722	65	73523
2	139.95	34	73755
2	139.95	34	73755
2	139.95	34	73755
2	139.951	35	73755
2	140	36	73807
2	140.05	37	73831
2	140.1	37	73857
2	140.15	38	73889
2	140.2	39	73926
2	140.217	40	73940
2	140.25	40	73965
2	140.3	20	74004
2	140.35	22	74038
2	140.4	23	74055
2	140.45	24	74074
2	140.492	25	74094
2	140.5	12	74101
2	140.55	14	74123
2	140.55	14	74123
2	140.576	15	74128
2	140.65	8	74154
2	140.666	10	74163
2	140.7	5	74170
2	140.75	3	74182
2	140.759	5	74186
2	140.8	3	74193
2	140.81	5	74197
2	140.9	4	74217
2	140.917	5	74217
2	141.022	10	74252
2	141.183	15	74312
2	141.352	20	74397
2	141.525	25	74507
2	141.716	30	74642
2	141.897	35	74802
2	142.086	40	74987
2	142.28	45	75197
2	142.496	50	75432
2	142.735	55	75692
2	142.997	60	75977
2	143.282	65	76287
2	143.59	70	76622
2	143.6	35	76633
2	143.65	37	76687
2	143.7	38	76715
2	143.7	38	76715
2	143.75	38	76743
2	143.8	39	76774
2	143.808	40	76783
2	143.9	41	76855
2	143.95	42	76898
2	144	21	76939
2	144.05	23	76977
2	144.1	24	76996
2	144.121	25	77008
2	144.15	25	77017
2	144.2	13	77048
2	144.214	15	77062
2	144.25	15	77073
2	144.3	8	77093
2	144.324	10	77102
2	144.4	5	77121
2	144.45	3	77134
2	144.468	5	77138
2	144.5	3	77144
2	144.512	5	77148
2	144.55	3	77154
2	144.556	5	77158
2	144.684	10	77193
2	144.848	15	77253
2	145.016	20	77338
2	145.193	25	77448
2	145.415	30	77583
2	145.668	35	77743
2	145.949	40	77928
2	146.287	45	78138
2	146.35	22	78181
2	146.4	24	78212
2	146.45	24	78226
2	146.45	24	78226
2	146.473	25	78228
2	146.5	25	78241
2	146.55	26	78258
2	146.6	27	78281
2	146.7	14	78332
2	146.701	15	78332
2	146.75	16	78354
2	146.8	8	78366
2	146.826	10	78375
2	146.85	10	78379
2	146.9	5	78387
2	146.95	3	78396
2	146.961	5	78400
2	147.05	3	78412
2	147.088	5	78416
2	147.1	2	78419
2	147.15	2	78425
2	147.213	5	78432
2	147.25	3	78438
2	147.258	5	78442
2	147.3	3	78451
2	147.304	5	78455
2	147.464	10	78490
2	147.602	15	78550
2	147.778	20	78635
2	147.953	25	78745
2	148.155	30	78880
2	148.362	35	79040
2	148.562	40	79225
2	148.763	45	79435
2	148.979	50	79670
2	149.218	55	79930
2	149.25	27	79966
2	149.3	29	80020
2	149.319	30	80023
2	149.519	35	80183
2	149.733	40	80368
2	149.98	45	80578
2	151.1	5	80664
2	151.1	5	80664
2	151.1	5	80664
2	151.1	5	80664
2	151.1	5	80664
2	151.1	5	80664
2	151.1	5	80664
2	151.1	5	80664
2	151.1	5	80664
2	151.1	5	80664
2	151.1	5	80664
2	151.1	5	80664
2	151.1	5	80664
2	151.1	5	80664
2	151.1	5	80664
2	151.1	5	80664
2	151.1	5	80664
2	151.1	5	80664
2	151.1	5	80664
2	151.1	5	80664
2	151.124	10	80668
2	151.129	15	80673
2	151.145	20	80678
2	151.15	25	80683
2	151.332	30	80794
2	151.564	35	80954
2	151.851	40	81139
2	152.15	22	81338
2	152.15	22	81338
2	152.15	22	81338
2	152.2	24	81372
2	152.2	24	81372
2	152.222	25	81385
2	152.508	30	81520
2	152.6	15	81568
2	152.65	17	81594
2	152.7	18	81609
2	152.75	9	81631
2	152.75	10	81631
2	152.8	11	81648
2	152.9	6	81671
2	152.95	4	81684
2	152.961	5	81684
2	153	3	81693
2	153.009	5	81697
2	153.05	3	81704
2	153.056	5	81708
2	153.15	4	81728
2	153.174	5	81728
2	153.274	10	81763
2	153.44	15	81823
2	153.609	20	81908
2	153.784	25	82018
2	153.975	30	82153
2	154.156	35	82313
2	154.348	40	82498
2	154.562	45	82708
2	154.813	50	82943
2	155.097	55	83203
2	155.404	60	83488
2	155.55	31	83624
2	155.6	33	83671
2	155.65	34	83691
2	155.7	34	83713
2	155.7	34	83713
2	155.713	35	83723
2	155.75	35	83742
2	155.8	36	83775
2	155.85	37	83810
2	155.9	19	83844
2	155.901	20	83844
2	155.95	21	83875
2	156	22	83891
2	156.05	11	83909
2	156.1	13	83928
2	156.16	15	83948
2	156.2	7	83959
2	156.25	9	83972
2	156.277	10	83976
2	156.3	5	83981
2	156.35	3	83991
2	156.364	5	83995
2	156.45	3	84011
2	156.488	5	84015
2	156.5	2	84020
2	156.535	5	84027
2	156.55	2	84028
2	156.577	5	84035
2	156.708	10	84070
2	156.874	15	84130
2	157.043	20	84215
2	157.218	25	84325
2	157.409	30	84460
2	157.591	35	84620
2	157.779	40	84805
2	157.975	45	85015
2	158.192	50	85250
2	158.432	55	85510
2	158.696	60	85795
2	158.982	65	86105
2	159.25	34	86396
2	159.251	35	86396
2	159.3	36	86450
2	159.35	37	86476
2	159.4	37	86502
2	159.45	38	86531
2	159.5	39	86569
2	159.513	40	86581
2	159.55	40	86606
2	159.6	41	86646
2	159.65	21	86688
2	159.75	24	86743
2	159.778	25	86757
2	159.8	25	86763
2	159.85	13	86785
2	159.864	15	86799
2	159.9	15	86809
2	159.95	8	86828
2	159.967	10	86837
2	160	5	86845
2	160.05	3	86856
2	160.075	5	86860
2	160.15	3	86872
2	160.162	5	86876
2	160.2	3	86882
2	160.209	5	86886
2	160.25	3	86894
2	160.265	5	86898
2	160.393	10	86933
2	160.556	15	86993
2	160.737	20	87078
2	160.949	25	87188
2	161.237	30	87323
2	161.555	35	87483
2	161.8	19	87596
2	161.801	20	87596
2	161.85	21	87618
2	161.9	21	87627
2	161.9	21	87627
2	161.95	22	87638
2	162.05	11	87662
2	162.1	13	87675
2	162.15	13	87680
2	162.2	7	87688
2	162.25	8	87695
2	162.3	4	87698
2	162.325	5	87698
2	162.4	5	87703
2	162.45	3	87705
2	162.45	3	87705
2	162.5	2	87708
2	162.587	5	87715
2	162.6	2	87717
2	162.65	2	87722
2	162.713	5	87729
2	162.75	2	87733
2	162.796	5	87740
2	162.8	2	87745
2	162.8	2	87745
2	162.842	5	87752
2	162.973	10	87787
2	163.138	15	87847
2	163.308	20	87932
2	163.486	25	88042
2	163.693	30	88177
2	163.946	35	88337
2	164.244	40	88522
2	164.561	45	88732
2	164.65	23	88807
2	164.673	25	88831
2	164.7	25	88843
2	164.7	25	88843
2	164.75	26	88861
2	164.8	27	88886
2	164.85	14	88911
2	164.853	15	88911
2	164.9	16	88934
2	164.95	8	88947
2	164.972	10	88956
2	165.05	5	88969
2	165.1	3	88980
2	165.141	5	88984
2	165.15	2	88987
2	165.2	2	88992
2	165.268	5	88999
2	165.35	3	89010
2	165.354	5	89014
2	165.4	3	89026
2	165.439	5	89030
2	165.45	3	89036
2	165.482	5	89040
2	165.613	10	89075
2	165.781	15	89135
2	165.952	20	89220
2	166.127	25	89330
2	166.321	30	89465
2	166.565	35	89625
2	166.832	40	89810
2	167.137	45	90020
2	167.35	24	90171
2	167.368	25	90171
2	167.4	26	90206
2	167.45	26	90221
2	167.5	27	90237
2	167.55	28	90255
2	167.6	14	90278
2	167.601	15	90278
2	167.65	16	90299
2	167.7	17	90310
2	167.75	17	90323
2	167.8	9	90338
2	167.801	10	90338
2	167.9	6	90360
2	168	4	90376
2	168.002	5	90376
2	168.05	3	90384
2	168.091	5	90388
2	168.1	2	90389
2	168.15	2	90394
2	168.2	2	90399
2	168.253	5	90406
2	168.3	3	90415
2	168.304	5	90419
2	168.35	3	90430
2	168.386	5	90434
2	168.516	10	90469
2	168.673	15	90529
2	168.845	20	90614
2	169.021	25	90724
2	170.101	10	90751
2	170.144	15	90756
2	170.149	20	90761
2	170.186	25	90766
2	170.363	30	90877
2	170.577	35	91037
2	170.791	40	91222
2	171.004	45	91432
2	171.223	50	91667
2	171.462	55	91927
2	171.725	60	92212
2	172.011	65	92522
2	172.319	70	92857
2	172.55	36	93108
2	172.6	38	93162
2	172.65	39	93186
2	172.7	39	93210
2	172.72	40	93222
2	172.75	40	93236
2	172.8	41	93271
2	172.85	42	93309
2	172.95	43	93382
2	173	22	93418
2	173.05	24	93453
2	173.08	25	93465
2	173.1	25	93469
2	173.15	25	93490
2	173.25	14	93544
2	173.25	15	93544
2	173.3	16	93566
2	173.35	8	93579
2	173.375	10	93588
2	173.4	10	93593
2	173.5	6	93611
2	173.55	4	93623
2	173.554	5	93623
2	173.755	10	93658
2	173.969	15	93718
2	174.183	20	93803
2	174.397	25	93913
2	174.611	30	94048
2	174.825	35	94208
2	175.039	40	94393
2	175.253	45	94603
2	175.471	50	94838
2	175.723	55	95098
2	176.012	60	95383
2	176.326	65	95693
2	176.6	34	95956
2	176.601	35	95956
2	176.65	36	96003
2	176.7	36	96022
2	176.75	37	96041
2	176.75	37	96041
2	176.8	37	96063
2	176.85	38	96093
2	176.9	39	96126
2	176.933	40	96141
2	177	20	96188
2	177.05	22	96217
2	177.1	22	96229
2	177.15	23	96242
2	177.2	24	96264
2	177.24	25	96278
2	177.25	12	96286
2	177.3	14	96304
2	177.35	14	96313
2	177.35	14	96313
2	177.368	15	96313
2	177.4	15	96324
2	177.5	8	96359
2	177.537	10	96368
2	177.55	10	96374
2	177.752	15	96428
2	177.966	20	96513
2	178.18	25	96623
2	178.394	30	96758
2	178.608	35	96918
2	178.822	40	97103
2	179.036	45	97313
2	179.254	50	97548
2	179.494	55	97808
2	179.756	60	98093
2	180.042	65	98403
2	180.351	70	98738
2	180.6	36	99009
2	180.65	38	99063
2	180.7	39	99087
2	180.75	39	99111
2	180.769	40	99123
2	180.8	40	99137
2	180.85	41	99172
2	180.9	42	99210
2	180.95	43	99249
2	181	43	99284
2	181.063	45	99333
2	181.1	22	99363
2	181.15	24	99400
2	181.179	25	99410
2	181.2	25	99417
2	181.25	26	99440
2	181.3	27	99466
2	181.4	14	99525
2	181.405	15	99525
2	181.45	16	99550
2	181.5	17	99565
2	181.6	9	99601
2	181.6	10	99601
2	181.781	15	99661
2	181.994	20	99746
2	182.213	25	99856
2	182.431	30	99991
2	182.652	35	100151
2	182.902	40	100336
2	183.2	45	100546
2	183.533	50	100781
2	184.6	5	100830
2	184.6	5	100830
2	184.6	5	100830
2	184.6	5	100830
2	184.6	5	100830
2	184.6	5	100830
2	184.6	5	100830
2	184.6	5	100830
2	184.6	5	100830
2	184.6	5	100830
2	184.6	5	100830
2	184.6	5	100830
2	184.6	5	100830
2	184.6	5	100830
2	184.6	5	100830
2	184.6	5	100830
2	184.6	5	100830
2	184.6	5	100830
2	184.6	5	100830
2	184.6	5	100830
2	184.6	5	100830
2	184.6	5	100830
2	184.6	5	100830
2	184.6	5	100830
2	184.6	5	100830
2	184.6	5	100830
2	184.6	5	100830
2	184.624	10	100834
2	184.637	15	100839
2	184.645	20	100844
2	184.65	25	100849
2	184.831	30	100960
2	185.048	35	101120
2	185.258	40	101305
2	185.481	45	101515
2	185.65	24	101676
2	185.65	24	101676
2	185.65	24	101676
2	185.65	24	101676
2	185.651	25	101676
2	185.828	30	101811
2	186.032	35	101971
2	186.262	40	102156
2	186.52	45	102366
2	186.6	23	102433
2	186.629	25	102457
2	186.65	25	102474
2	186.859	30	102592
2	187.109	35	102752
2	187.25	19	102864
2	187.251	20	102864
2	187.3	21	102899
2	187.35	22	102919
2	187.4	11	102941
2	187.45	13	102964
2	187.497	15	102980
2	187.5	7	102984
2	187.548	10	103001
2	187.55	5	103003
2	187.6	3	103016
2	187.624	5	103020
2	187.752	10	103055
2	187.916	15	103115
2	188.083	20	103200
2	188.256	25	103310
2	188.433	30	103445
2	188.624	35	103605
2	188.853	40	103790
2	189.106	45	104000
2	189.381	50	104235
2	189.686	55	104495
2	189.8	28	104583
2	189.827	30	104612
2	189.85	30	104624
2	189.9	31	104643
2	189.95	31	104663
2	190	32	104692
2	190.05	33	104721
2	190.1	17	104749
2	190.15	19	104775
2	190.182	20	104786
2	190.2	20	104788
2	190.3	10	104821
2	190.35	12	104837
2	190.4	6	104848
2	190.45	4	104858
2	190.466	5	104858
2	190.55	3	104869
2	190.563	5	104873
2	190.6	2	104874
2	190.647	5	104881
2	190.65	2	104884
2	190.7	2	104890
2	190.772	5	104897
2	190.8	3	104903
2	190.8	3	104903
2	190.817	5	104907
2	190.946	10	104942
2	191.111	15	105002
2	191.283	20	105087
2	191.456	25	105197
2	191.634	30	105332
2	191.825	35	105492
2	192.011	40	105677
2	192.206	45	105887
2	192.423	50	106122
2	192.669	55	106382
2	192.954	60	106667
2	193.267	65	106977
2	193.5	34	107209
2	193.501	35	107209
2	193.55	36	107259
2	193.55	36	107259
2	193.55	36	107259
2	193.55	36	107259
2	193.55	36	107259
2	193.6	37	107283
2	193.65	37	107309
2	193.7	38	107336
2	193.75	39	107372
2	193.785	40	107394
2	193.8	40	107410
2	193.85	20	107450
2	193.9	22	107484
2	193.95	23	107501
2	194	24	107520
2	194.042	25	107540
2	194.05	12	107545
2	194.1	14	107567
2	194.117	15	107572
2	194.15	15	107584
2	194.25	8	107618
2	194.27	10	107627
2	194.3	10	107635
2	194.35	5	107648
2	194.4	4	107663
2	194.4	5	107663
2	194.5	4	107690
2	194.509	5	107690
2	194.622	10	107725
2	194.783	15	107785
2	194.952	20	107870
2	195.126	25	107980
2	195.311	30	108115
2	195.53	35	108275
2	195.749	40	108460
2	196.007	45	108670
2	196.305	50	108905
2	196.633	55	109165
2	196.65	27	109184
2	196.7	29	109226
2	196.742	30	109241
2	196.75	30	109244
2	196.75	30	109244
2	196.8	30	109265
2	196.85	31	109287
2	196.95	33	109350
2	197	17	109384
2	197	17	109384
2	197.05	19	109412
2	197.079	20	109421
2	197.1	20	109428
2	197.15	10	109446
2	197.2	12	109465
2	197.294	15	109496
2	197.35	8	109517
2	197.379	10	109526
2	197.4	5	109533
2	197.45	3	109544
2	197.466	5	109548
2	197.6	4	109582
2	197.632	5	109582
2	197.65	3	109594
2	197.68	5	109598
2	197.809	10	109633
2	197.972	15	109693
2	198.14	20	109778
2	198.312	25	109888
2	198.495	30	110023
2	198.716	35	110183
2	198.943	40	110368
2	199.194	45	110578
2	199.47	50	110813
