3	1.04642	10	4
3	1.08915	15	9
3	1.09377	20	14
3	1.13274	25	19
3	1.3216	30	130
3	1.55079	35	290
3	1.80933	40	475
3	2.1	22	684
3	2.1	22	684
3	2.17569	25	731
3	2.46362	30	866
3	2.76185	35	1026
3	2.85	18	1070
3	2.86845	20	1089
3	2.9	20	1098
3	2.95	21	1113
3	2.95	21	1113
3	3	11	1137
3	3.05	13	1155
3	3.12793	15	1176
3	3.38093	20	1261
3	3.62754	25	1371
3	3.75	13	1437
3	3.76332	15	1451
3	3.8	15	1462
3	3.97822	20	1536
3	4.1922	25	1646
3	4.40617	30	1781
3	4.63862	35	1941
3	4.92831	40	2126
3	5.24387	45	2336
3	5.6036	50	2571
3	5.65	25	2601
3	5.7	27	2633
3	5.75	27	2646
3	5.75	27	2646
3	5.85	28	2675
3	5.9	29	2691
3	5.94534	30	2711
3	5.95	30	2717
3	6	15	2743
3	6.05	17	2764
3	6.15	18	2782
3	6.2	18	2793
3	6.25	9	2809
3	6.25037	10	2809
3	6.35	11	2828
3	6.4	6	2835
3	6.5	4	2848
3	6.50063	5	2848
3	6.55	3	2854
3	6.60511	5	2858
3	6.65	2	2863
3	6.73345	5	2870
3	6.95209	10	2905
3	7.16979	15	2965
3	7.38377	20	3050
3	7.59774	25	3160
3	7.81172	30	3295
3	8.0257	35	3455
3	8.2432	40	3640
3	8.47044	45	3850
3	8.73236	50	4085
3	9.03291	55	4345
3	9.35706	60	4630
3	9.55	31	4796
3	9.6	33	4840
3	9.65	33	4857
3	9.7	34	4875
3	9.7	34	4875
3	9.74269	35	4895
3	9.75	35	4896
3	9.8	35	4923
3	9.85	36	4954
3	9.95	19	5016
3	9.95116	20	5016
3	10	21	5044
3	10.05	21	5057
3	10.1	22	5071
3	10.2	12	5117
3	10.25	14	5135
3	10.2918	15	5144
3	10.3	7	5145
3	10.4	9	5162
3	10.4054	10	5162
3	10.45	5	5172
3	10.5	3	5180
3	10.5328	5	5184
3	10.7468	10	5219
3	10.9608	15	5279
3	11.1748	20	5364
3	11.3887	25	5474
3	11.6027	30	5609
3	11.8167	35	5769
3	12.0307	40	5954
3	12.2446	45	6164
3	12.4633	50	6399
3	12.7035	55	6659
3	12.9669	60	6944
3	13.2533	65	7254
3	13.5628	70	7589
3	13.8	36	7846
3	13.85	38	7900
3	13.9	39	7924
3	13.95	39	7948
3	13.9694	40	7960
3	14	40	7974
3	14.05	41	8009
3	14.1	42	8047
3	14.15	43	8086
3	14.25	22	8157
3	14.3	24	8192
3	14.3303	25	8204
3	14.35	25	8208
3	14.4	25	8229
3	14.45	13	8257
3	14.4866	15	8271
3	14.55	16	8289
3	14.6	16	8301
3	14.65	8	8314
3	14.6615	10	8323
3	14.75	5	8344
3	14.8	3	8353
3	14.8336	5	8357
3	15.0475	10	8392
3	15.2615	15	8452
3	15.4755	20	8537
3	15.6895	25	8647
3	15.9035	30	8782
3	16.1174	35	8942
3	16.3314	40	9127
3	16.5454	45	9337
3	16.764	50	9572
3	17.0043	55	9832
3	18.25	2	10083
3	18.25	2	10083
3	18.25	2	10083
3	18.25	2	10083
3	18.25	2	10083
3	18.25	2	10083
3	18.25	2	10083
3	18.25	2	10083
3	18.25	2	10083
3	18.25	2	10083
3	18.25	2	10083
3	18.25	2	10083
3	18.25	2	10083
3	18.25	2	10083
3	18.25	2	10083
3	18.25	2	10083
3	18.25	2	10083
3	18.25	2	10083
3	18.25	2	10083
3	18.25	2	10083
3	18.25	2	10083
3	18.25	2	10083
3	18.25	2	10083
3	18.25	2	10083
3	18.25	2	10083
3	18.25	2	10083
3	18.25	2	10083
3	18.25	2	10083
3	18.25	2	10083
3	18.25	2	10083
3	18.25	2	10083
3	18.25	2	10083
3	18.25	2	10083
3	18.25	2	10083
3	18.25	2	10083
3	18.25	2	10083
3	18.25	2	10083
3	18.25	2	10083
3	18.25	2	10083
3	18.2918	5	10090
3	18.3564	10	10125
3	18.5147	15	10185
3	18.684	20	10270
3	18.8581	25	10380
3	19.0489	30	10515
3	19.2302	35	10675
3	19.4189	40	10860
3	19.6141	45	11070
3	19.8307	50	11305
3	20.0703	55	11565
3	20.333	60	11850
3	20.6187	65	12160
3	20.9	34	12466
3	20.9007	35	12466
3	20.95	36	12520
3	21	37	12546
3	21.05	37	12572
3	21.1	38	12601
3	21.15	39	12639
3	21.1616	40	12651
3	21.2	40	12679
3	21.25	41	12721
3	21.3	21	12759
3	21.35	23	12796
3	21.4	24	12815
3	21.4202	25	12828
3	21.5	13	12867
3	21.5313	15	12881
3	21.55	15	12891
3	21.6	8	12907
3	21.6231	10	12916
3	21.65	5	12923
3	21.7	3	12934
3	21.7206	5	12938
3	21.75	2	12943
3	21.7834	5	12950
3	21.85	3	12962
3	21.8671	5	12966
3	21.9	3	12974
3	21.9309	5	12978
3	22.0583	10	13013
3	22.2048	15	13073
3	22.3723	20	13158
3	22.5589	25	13268
3	22.7355	30	13403
3	22.9187	35	13563
3	23.1096	40	13748
3	23.3048	45	13958
3	23.5214	50	14193
3	23.761	55	14453
3	24.0237	60	14738
3	24.3094	65	15048
3	24.6	34	15364
3	24.6006	35	15364
3	24.65	36	15418
3	24.7	37	15444
3	24.75	37	15470
3	24.8	38	15499
3	24.85	39	15537
3	24.8615	40	15549
3	24.9	40	15577
3	24.95	41	15619
3	25	21	15657
3	25.05	23	15694
3	25.1	24	15713
3	25.1201	25	15726
3	25.15	25	15735
3	25.25	13	15799
3	25.282	15	15813
3	25.3	15	15824
3	25.35	16	15840
3	25.4	8	15857
3	25.4141	10	15866
3	25.45	10	15876
3	25.55	7	15916
3	25.589	10	15933
3	25.6	5	15940
3	25.6782	10	15970
3	25.8075	15	16030
3	25.9454	20	16115
3	26.1057	25	16225
3	26.2701	30	16360
3	26.4431	35	16520
3	26.6355	40	16705
3	26.859	45	16915
3	27	23	17043
3	27.0344	25	17067
3	27.25	28	17155
3	27.3457	30	17202
3	27.35	15	17205
3	27.55	18	17248
3	27.55	18	17248
3	27.6	9	17260
3	27.6	9	17260
3	27.6023	10	17260
3	27.65	10	17270
3	27.65	10	17270
3	27.65	10	17270
3	27.65	10	17270
3	27.8	7	17307
3	27.85	4	17319
3	27.85	4	17319
3	27.85	4	17319
3	27.8622	5	17319
3	28	4	17348
3	28	4	17348
3	28.0058	5	17348
3	28.1	4	17377
3	28.1	4	17377
3	28.1104	5	17377
3	28.2021	10	17412
3	28.3302	15	17472
3	28.4711	20	17557
3	28.6192	25	17667
3	28.7721	30	17802
3	28.9308	35	17962
3	29.1017	40	18147
3	29.289	45	18357
3	29.4977	50	18592
3	29.7291	55	18852
3	29.9825	60	19137
3	30.1	31	19261
3	30.1	31	19261
3	30.25	34	19337
3	30.3048	35	19360
3	30.4	36	19406
3	30.4	36	19406
3	30.4	36	19406
3	30.4	36	19406
3	30.55	19	19496
3	30.55	19	19496
3	30.55	19	19496
3	30.55	19	19496
3	30.5501	20	19496
3	30.85	12	19599
3	30.85	12	19599
3	30.85	12	19599
3	30.9	13	19612
3	30.9	13	19612
3	30.9	13	19612
3	30.95	14	19623
3	30.9797	15	19626
3	31	7	19634
3	31	7	19634
3	31	7	19634
3	31	7	19634
3	31	7	19634
3	31	7	19634
3	31.0681	10	19651
3	31.1	5	19663
3	31.1	5	19663
3	31.1	5	19663
3	31.1818	10	19693
3	31.3189	15	19753
3	31.4562	20	19838
3	31.611	25	19948
3	31.7653	30	20083
3	32.9	3	20168
3	32.9	3	20168
3	32.9	3	20168
3	32.922	5	20172
3	33.3003	10	20207
3	33.95	6	20251
3	33.95	6	20251
3	33.95	6	20251
3	34	7	20255
3	34	7	20255
3	34.05	7	20258
3	34.1	4	20260
3	34.1004	5	20260
3	34.2	2	20264
3	34.35	3	20265
3	34.45	3	20267
3	34.45	3	20267
3	34.5181	5	20271
3	34.65	4	20290
3	34.659	5	20290
3	34.8542	10	20325
3	35.05	7	20382
3	35.1	4	20397
3	35.1067	5	20397
3	35.2383	10	20432
3	35.4115	15	20492
3	35.5925	20	20577
3	35.7985	25	20687
3	36.005	30	20822
3	36.2222	35	20982
3	36.5156	40	21167
3	36.8597	45	21377
3	37.15	24	21555
3	37.15	24	21555
3	37.1554	25	21555
3	37.25	26	21595
3	37.25	26	21595
3	37.3	27	21607
3	37.3	27	21607
3	37.35	27	21627
3	37.35	27	21627
3	37.4	28	21649
3	37.5	14	21688
3	37.5008	15	21688
3	37.55	16	21708
3	37.6	16	21717
3	37.65	17	21734
3	37.7	9	21748
3	37.7172	10	21748
3	37.75	5	21761
3	37.8	3	21768
3	37.8	3	21768
3	37.8613	5	21772
3	37.9	2	21775
3	37.9485	5	21782
3	37.95	2	21783
3	38.0321	5	21790
3	38.05	2	21793
3	38.1	2	21799
3	38.1574	5	21806
3	38.2908	10	21841
3	38.4918	15	21901
3	38.6661	20	21986
3	38.8474	25	22096
3	39.0484	30	22231
3	39.2508	35	22391
3	39.4681	40	22576
3	39.7444	45	22786
3	40.0553	50	23021
3	40.4161	55	23281
3	40.45	27	23297
3	40.45	27	23297
3	40.5	29	23331
3	40.55	29	23342
3	40.598	30	23354
3	40.6	30	23357
3	40.6	30	23357
3	40.65	30	23372
3	40.7	31	23388
3	40.75	31	23406
3	40.75	31	23406
3	40.8	32	23427
3	40.85	33	23454
3	40.95	17	23514
3	40.95	17	23514
3	41	19	23539
3	41.0418	20	23551
3	41.1	20	23566
3	41.1	20	23566
3	41.15	10	23582
3	41.2	12	23600
3	41.25	6	23614
3	41.3	4	23625
3	41.3252	5	23625
3	41.35	3	23632
3	41.3723	5	23636
3	41.4	2	23638
3	41.45	2	23644
3	41.4968	5	23651
3	41.6302	10	23686
3	41.8312	15	23746
3	42.0091	20	23831
3	42.1947	25	23941
3	42.4008	30	24076
3	42.5996	35	24236
3	42.851	40	24421
3	43.1846	45	24631
3	43.5449	50	24866
3	43.65	25	24936
3	43.7	27	24968
3	43.7	27	24968
3	43.75	27	24979
3	43.75	27	24979
3	43.8	28	24992
3	43.8	28	24992
3	43.85	28	25008
3	43.85	28	25008
3	43.9	29	25026
3	43.9468	30	25046
3	43.95	30	25050
3	44	30	25076
3	44.05	15	25101
3	44.15	18	25136
3	44.2	18	25149
3	44.25	9	25163
3	44.2589	10	25163
3	44.3	11	25178
3	44.35	6	25187
3	44.45	4	25207
3	44.4503	5	25207
3	44.5	3	25215
3	44.5236	5	25219
3	44.55	2	25221
3	44.6083	5	25228
3	44.65	3	25234
3	44.6544	5	25238
3	44.8419	10	25273
3	45.0937	15	25333
3	45.4888	20	25418
3	45.85	12	25506
3	45.9	13	25517
3	45.95	13	25519
3	46	14	25522
3	46.05	14	25527
3	46.1	14	25533
3	46.1261	15	25533
3	46.15	7	25540
3	46.15	7	25540
3	46.25	9	25551
3	46.3	9	25556
3	46.3373	10	25557
3	46.4	5	25567
3	46.6	4	25584
3	46.6287	5	25584
3	46.65	2	25589
3	46.75	2	25594
3	46.8	2	25599
3	46.85	2	25604
3	46.9257	5	25611
3	47.0964	10	25646
3	47.3009	15	25706
3	47.35	8	25731
3	47.3854	10	25740
3	47.5561	15	25800
3	47.733	20	25885
3	47.9332	25	25995
3	48.1189	30	26130
3	48.3191	35	26290
3	48.5192	40	26475
3	48.7182	45	26685
3	48.9276	50	26920
3	49.158	55	27180
3	49.4107	60	27465
3	49.6854	65	27775
3	49.9824	70	28110
3	50.2	36	28356
3	50.25	38	28412
3	50.3	39	28438
3	50.35	39	28464
3	50.3622	40	28470
3	50.4	40	28493
3	50.45	41	28531
3	50.5	42	28572
3	50.55	43	28614
3	50.6	22	28650
3	50.65	24	28687
3	50.6751	25	28697
3	50.7	25	28705
3	50.75	26	28726
3	50.85	14	28788
3	50.8503	15	28788
3	50.9	16	28812
3	50.95	8	28827
3	50.9739	10	28836
3	51	10	28843
3	51.05	5	28853
3	51.15	4	28879
3	51.154	5	28879
3	51.2	3	28889
3	51.2317	5	28893
3	51.398	10	28928
3	51.5679	15	28988
3	51.7439	20	29073
3	51.944	25	29183
3	52.1289	30	29318
3	52.329	35	29478
3	52.5291	40	29663
3	52.7273	45	29873
3	52.9358	50	30108
3	54.1	2	30249
3	54.1	2	30249
3	54.1	2	30249
3	54.1	2	30249
3	54.1	2	30249
3	54.1	2	30249
3	54.1	2	30249
3	54.1	2	30249
3	54.1	2	30249
3	54.1	2	30249
3	54.1	2	30249
3	54.1226	5	30256
3	54.2501	10	30291
3	54.407	15	30351
3	54.5817	20	30436
3	54.7804	25	30546
3	55.0342	30	30681
3	55.3368	35	30841
3	55.6635	40	31026
3	55.75	20	31065
3	55.8	22	31091
3	55.8	22	31091
3	55.85	22	31104
3	55.9	23	31117
3	55.95	24	31132
3	56	24	31149
3	56.0113	25	31155
3	56.05	12	31167
3	56.1	14	31186
3	56.1362	15	31194
3	56.15	15	31200
3	56.2	8	31213
3	56.2325	10	31222
3	56.3	5	31234
3	56.35	3	31243
3	56.3655	5	31247
3	56.4	2	31249
3	56.4502	5	31256
3	56.5	3	31265
3	56.5358	5	31269
3	56.55	2	31272
3	56.6201	5	31279
3	56.65	3	31286
3	56.6683	5	31290
3	56.7	2	31295
3	56.7182	5	31302
3	56.9111	10	31337
3	57.1576	15	31397
3	57.4131	20	31482
3	57.7274	25	31592
3	57.8	12	31614
3	57.85	14	31631
3	57.9	14	31639
3	57.9136	15	31641
3	57.95	15	31648
3	58.2058	20	31726
3	58.25	10	31744
3	58.35	6	31769
3	58.4	4	31779
3	58.4141	5	31779
3	58.45	3	31785
3	58.4617	5	31789
3	58.5	2	31790
3	58.5454	5	31797
3	58.55	2	31800
3	58.6	2	31806
3	58.6711	5	31813
3	58.7	3	31819
3	58.7157	5	31823
3	58.75	2	31828
3	58.7613	5	31835
3	58.8916	10	31870
3	59.0581	15	31930
3	59.2274	20	32015
3	59.4023	25	32125
3	59.6046	30	32260
3	59.8218	35	32420
3	60.0796	40	32605
3	60.3715	45	32815
3	60.6782	50	33050
3	60.7	25	33073
3	60.75	27	33113
3	60.8	28	33132
3	60.85	28	33153
3	60.9	29	33182
3	60.9015	30	33183
3	60.95	15	33214
3	61	17	33240
3	61.05	18	33254
3	61.1211	20	33284
3	61.15	10	33288
3	61.2	12	33306
3	61.292	15	33338
3	61.3	7	33342
3	61.35	9	33357
3	61.3739	10	33359
3	61.45	5	33380
3	61.55	4	33410
3	61.5521	5	33410
3	61.65	4	33435
3	61.6688	5	33435
3	61.7778	10	33470
3	61.9311	15	33530
3	62.1006	20	33615
3	62.2929	25	33725
3	62.5313	30	33860
3	62.7956	35	34020
3	63.0996	40	34205
3	63.35	21	34360
3	63.4	23	34391
3	63.5	24	34417
3	63.5273	25	34429
3	63.55	25	34432
3	63.55	25	34432
3	63.6	25	34451
3	63.6	25	34451
3	63.7	13	34505
3	63.7382	15	34519
3	63.75	15	34527
3	63.85	8	34552
3	63.8703	10	34561
3	63.9	10	34566
3	64	6	34592
3	64.05	4	34603
3	64.0777	5	34603
3	64.1	3	34611
3	64.1253	5	34615
3	64.25	4	34635
3	64.25	4	34635
3	64.25	5	34635
3	64.35	4	34663
3	64.3737	5	34663
3	64.4695	10	34698
3	64.6352	15	34758
3	64.8045	20	34843
3	64.9784	25	34953
3	65.158	30	35088
3	65.3498	35	35248
3	65.5559	40	35433
3	65.7873	45	35643
3	66.0674	50	35878
3	66.374	55	36138
3	66.6	29	36334
3	66.6103	30	36334
3	66.65	31	36377
3	66.7	31	36395
3	66.7	31	36395
3	66.75	32	36415
3	66.75	32	36415
3	66.8	33	36438
3	66.8912	35	36494
3	66.9	17	36503
3	66.95	19	36530
3	66.9833	20	36540
3	67	20	36543
3	67.05	20	36558
3	67.1	21	36575
3	67.15	11	36601
3	67.2	13	36620
3	67.25	7	36632
3	67.3	4	36645
3	67.3135	5	36645
3	67.4	3	36661
3	67.4039	5	36665
3	67.45	3	36675
3	67.4885	5	36679
3	67.5	2	36683
3	67.5341	5	36690
3	67.6	3	36700
3	67.616	5	36704
3	67.7444	10	36739
3	67.9082	15	36799
3	68.0757	20	36884
3	68.2479	25	36994
3	68.4264	30	37129
3	68.6115	35	37289
3	68.815	40	37474
3	69.0541	45	37684
3	69.3173	50	37919
3	69.6127	55	38179
3	69.85	29	38393
3	69.8506	30	38393
3	69.9	31	38437
3	69.95	32	38456
3	70.05	33	38499
3	70.1	34	38530
3	70.1413	35	38553
3	70.15	17	38561
3	70.2	19	38587
3	70.2418	20	38598
3	70.25	20	38599
3	70.3	20	38613
3	70.35	21	38629
3	70.4	11	38654
3	70.45	13	38672
3	70.5	7	38683
3	70.55	4	38695
3	70.5645	5	38695
3	70.6	3	38703
3	70.613	5	38707
3	70.7	3	38721
3	70.7386	5	38725
3	70.75	2	38729
3	70.8	2	38736
3	70.85	2	38743
3	70.8698	5	38750
3	71.0306	10	38785
3	71.1683	15	38845
3	71.3386	20	38930
3	71.5135	25	39040
3	71.7053	30	39175
3	71.8876	35	39335
3	72.0784	40	39520
3	72.2741	45	39730
3	72.4918	50	39965
3	72.7327	55	40225
3	73.85	2	40332
3	73.85	2	40332
3	73.85	2	40332
3	73.85	2	40332
3	73.85	2	40332
3	73.85	2	40332
3	73.85	2	40332
3	73.85	2	40332
3	73.85	2	40332
3	73.85	2	40332
3	73.85	2	40332
3	73.85	2	40332
3	73.85	2	40332
3	73.85	2	40332
3	73.85	2	40332
3	73.85	2	40332
3	73.85	2	40332
3	73.85	2	40332
3	73.85	2	40332
3	73.85	2	40332
3	73.85	2	40332
3	73.85	2	40332
3	73.85	2	40332
3	73.85	2	40332
3	73.85	2	40332
3	73.85	2	40332
3	73.85	2	40332
3	73.85	2	40332
3	73.85	2	40332
3	73.85	2	40332
3	73.85	2	40332
3	73.85	2	40332
3	73.85	2	40332
3	73.8918	5	40339
3	73.9832	10	40374
3	74.1302	15	40434
3	74.2991	20	40519
3	74.4931	25	40629
3	74.7098	30	40764
3	74.9492	35	40924
3	75.1776	40	41109
3	75.4373	45	41319
3	75.6	23	41457
3	75.6341	25	41481
3	75.65	25	41499
3	75.7	26	41521
3	75.75	27	41545
3	75.85	14	41608
3	75.8509	15	41608
3	76.0369	20	41693
3	76.25	12	41803
3	76.3251	15	41830
3	76.35	7	41842
3	76.4	9	41858
3	76.4127	10	41859
3	76.5	6	41889
3	76.55	4	41909
3	76.5717	5	41909
3	76.6759	10	41944
3	76.8426	15	42004
3	77.0361	20	42089
3	77.2218	25	42199
3	77.4173	30	42334
3	77.6033	35	42494
3	77.7988	40	42679
3	77.9967	45	42889
3	78.05	23	42947
3	78.0727	25	42971
3	78.2494	30	43106
3	78.4427	35	43266
3	78.6555	40	43451
3	78.9075	45	43661
3	79.2001	50	43896
3	79.5177	55	44156
3	79.6	28	44218
3	79.6291	30	44247
3	79.65	30	44258
3	79.7	30	44276
3	79.75	31	44294
3	79.75	31	44294
3	79.8	32	44322
3	79.85	33	44348
3	79.9	17	44376
3	79.95	19	44402
3	79.9841	20	44413
3	80	20	44415
3	80.05	20	44430
3	80.1	10	44454
3	80.15	12	44471
3	80.25	7	44492
3	80.3	4	44504
3	80.3073	5	44504
3	80.35	3	44512
3	80.3557	5	44516
3	80.4	3	44523
3	80.4395	5	44527
3	80.5	3	44537
3	80.5241	5	44541
3	80.55	2	44545
3	80.5697	5	44552
3	80.6	2	44553
3	80.6125	5	44560
3	80.7428	10	44595
3	80.9093	15	44655
3	81.0787	20	44740
3	81.2536	25	44850
3	81.4444	30	44985
3	81.6258	35	45145
3	81.8169	40	45330
3	82.0425	45	45540
3	82.291	50	45775
3	82.5533	55	46035
3	82.8386	60	46320
3	82.95	30	46434
3	83	32	46485
3	83.1	34	46534
3	83.1485	35	46564
3	83.15	35	46565
3	83.2	35	46597
3	83.3	19	46675
3	83.3008	20	46675
3	83.4	22	46725
3	83.5	12	46768
3	83.55	14	46789
3	83.5575	15	46795
3	83.6	7	46809
3	83.65	9	46823
3	83.6794	10	46826
3	83.7	5	46833
3	83.75	3	46844
3	83.7669	5	46848
3	83.8	2	46853
3	83.8175	5	46860
3	83.95	4	46892
3	83.9753	5	46892
3	84.0719	10	46927
3	84.2368	15	46987
3	84.4061	20	47072
3	84.5801	25	47182
3	84.7596	30	47317
3	84.9514	35	47477
3	85.1393	40	47662
3	85.3375	45	47872
3	85.5721	50	48107
3	85.8206	55	48367
3	86.0861	60	48652
3	86.3739	65	48962
3	86.45	33	49045
3	86.4823	35	49079
3	86.55	36	49133
3	86.55	36	49133
3	86.6	37	49165
3	86.7	39	49246
3	86.7167	40	49264
3	86.9	21	49429
3	86.9	21	49429
3	86.95	23	49470
3	87.0051	25	49498
3	87.05	13	49527
3	87.0637	15	49541
3	87.1	15	49554
3	87.15	8	49578
3	87.1745	10	49587
3	87.2	5	49598
3	87.3093	10	49628
3	87.447	15	49688
3	87.6173	20	49773
3	87.8044	25	49883
3	87.984	30	50018
3	88.1663	35	50178
3	88.3572	40	50363
3	89.45	4	50418
3	89.45	4	50418
3	89.45	4	50418
3	89.45	4	50418
3	89.45	4	50418
3	89.4502	5	50418
3	89.5786	10	50453
3	89.7424	15	50513
3	89.9099	20	50598
3	90.082	25	50708
3	90.26	30	50843
3	90.4744	35	51003
3	90.7174	40	51188
3	90.9825	45	51398
3	91.2735	50	51633
3	91.5	26	51831
3	91.55	28	51875
3	91.6	29	51896
3	91.6265	30	51915
3	91.65	30	51919
3	91.7	31	51952
3	91.75	16	51986
3	91.8	18	52014
3	91.8732	20	52040
3	91.9	10	52047
3	91.95	12	52065
3	92.0453	15	52097
3	92.05	7	52102
3	92.1	9	52117
3	92.1282	10	52119
3	92.2	5	52140
3	92.3	4	52166
3	92.3002	5	52166
3	92.4	4	52197
3	92.4231	5	52197
3	92.5207	10	52232
3	92.6872	15	52292
3	92.8556	20	52377
3	93.0311	25	52487
3	93.2137	30	52622
3	93.4169	35	52782
3	93.6468	40	52967
3	93.9009	45	53177
3	94.1685	50	53412
3	94.4518	55	53672
3	94.5	27	53725
3	94.55	29	53774
3	94.5742	30	53782
3	94.6	30	53799
3	94.65	31	53826
3	94.75	33	53902
3	94.8	17	53942
3	94.8714	20	53979
3	94.9	20	53994
3	95	11	54045
3	95.0936	15	54084
3	95.1	7	54090
3	95.1654	10	54107
3	95.2	5	54119
3	95.3049	10	54149
3	95.35	5	54166
3	95.4621	10	54196
3	95.6026	15	54256
3	95.7711	20	54341
3	95.9451	25	54451
3	96.1368	30	54586
3	96.3191	35	54746
3	96.51	40	54931
3	96.7056	45	55141
3	96.9233	50	55376
3	97.1642	55	55636
3	97.4282	60	55921
3	97.7154	65	56231
3	98	34	56539
3	98.0007	35	56539
3	98.05	36	56593
3	98.1	37	56619
3	98.15	37	56645
3	98.2	38	56674
3	98.25	39	56712
3	98.262	40	56724
3	98.3	40	56751
3	98.35	41	56793
3	98.4	21	56832
3	98.45	23	56869
3	98.5	24	56888
3	98.5207	25	56901
3	98.55	25	56909
3	98.65	13	56973
3	98.6817	15	56987
3	98.7	15	56998
3	98.75	16	57014
3	98.8	8	57031
3	98.8138	10	57040
3	98.85	10	57050
3	98.95	7	57090
3	99	4	57107
3	99.0022	5	57107
3	99.119	10	57142
3	99.2846	15	57202
3	99.4531	20	57287
3	99.6271	25	57397
3	99.8066	30	57532
3	99.9975	35	57692
3	100.185	40	57877
3	100.381	45	58087
3	100.599	50	58322
3	100.84	55	58582
3	101.104	60	58867
3	101.391	65	59177
3	101.65	34	59457
3	101.65	35	59457
3	101.7	36	59511
3	101.75	37	59537
3	101.8	37	59560
3	101.85	38	59585
3	101.9	39	59616
3	101.939	40	59642
3	101.95	40	59650
3	102.05	21	59727
3	102.1	23	59759
3	102.15	24	59775
3	102.2	24	59792
3	102.211	25	59796
3	102.25	25	59812
3	102.3	13	59841
3	102.336	15	59855
3	102.35	15	59862
3	102.4	8	59875
3	102.426	10	59884
3	102.5	5	59897
3	102.55	3	59907
3	102.569	5	59911
3	102.6	2	59914
3	102.65	2	59920
3	102.7	5	59927
3	102.75	3	59937
3	102.75	3	59937
3	102.75	3	59937
3	102.785	5	59941
3	102.914	10	59976
3	103.077	15	60036
3	103.245	20	60121
3	103.417	25	60231
3	103.608	30	60366
3	104.85	10	60502
3	104.85	5	60503
3	104.85	5	60503
3	104.998	10	60533
3	105.193	15	60593
3	105.425	20	60678
3	105.687	25	60788
3	106.038	30	60923
3	106.4	17	61071
3	106.45	19	61090
3	106.5	19	61098
3	106.55	19	61106
3	106.574	20	61108
3	106.6	20	61115
3	106.65	20	61126
3	106.7	10	61139
3	106.75	12	61152
3	106.85	6	61165
3	106.9	7	61172
3	107	4	61179
3	107.001	5	61179
3	107.05	2	61183
3	107.1	3	61185
3	107.194	5	61190
3	107.2	2	61191
3	107.279	5	61198
3	107.3	2	61199
3	107.35	2	61204
3	107.405	5	61211
3	107.576	10	61246
3	107.781	15	61306
3	107.96	20	61391
3	108.165	25	61501
3	108.37	30	61636
3	108.57	35	61796
3	108.788	40	61981
3	109.041	45	62191
3	109.329	50	62426
3	109.64	55	62686
3	109.85	29	62862
3	109.85	30	62862
3	109.9	31	62903
3	109.95	31	62921
3	110	32	62939
3	110.05	33	62959
3	110.1	33	62985
3	110.15	34	63015
3	110.157	35	63022
3	110.25	18	63077
3	110.281	20	63096
3	110.3	20	63104
3	110.35	21	63117
3	110.4	21	63132
3	110.45	11	63153
3	110.55	7	63179
3	110.6	4	63189
3	110.615	5	63189
3	110.65	3	63195
3	110.703	5	63199
3	110.75	3	63206
3	110.79	5	63210
3	110.8	2	63211
3	110.85	2	63216
3	110.916	5	63223
3	111.087	10	63258
3	111.294	15	63318
3	111.477	20	63403
3	111.687	25	63513
3	111.907	30	63648
3	112.167	35	63808
3	112.475	40	63993
3	112.83	45	64203
3	113	23	64308
3	113	23	64308
3	113.041	25	64332
3	113.05	25	64338
3	113.05	25	64338
3	113.1	25	64350
3	113.15	26	64363
3	113.2	26	64378
3	113.25	27	64397
3	113.3	28	64421
3	113.35	14	64444
3	113.352	15	64444
3	113.45	16	64474
3	113.5	17	64484
3	113.55	9	64496
3	113.556	10	64496
3	113.65	6	64520
3	113.7	4	64528
3	113.731	5	64528
3	113.8	3	64536
3	113.85	2	64540
3	113.944	5	64547
3	113.95	2	64550
3	114	2	64555
3	114.072	5	64562
3	114.264	10	64597
3	114.519	15	64657
3	114.869	20	64742
3	115.226	25	64852
3	115.3	13	64883
3	115.32	15	64897
3	115.35	15	64901
3	115.45	8	64927
3	115.491	10	64936
3	115.5	5	64937
3	115.6	3	64944
3	115.7	4	64948
3	115.703	5	64948
3	115.75	2	64952
3	115.8	3	64955
3	115.871	5	64959
3	115.9	2	64962
3	115.95	2	64967
3	115.998	5	64974
3	116.169	10	65009
3	116.374	15	65069
3	116.554	20	65154
3	116.758	25	65264
3	116.981	30	65399
3	117.245	35	65559
3	117.585	40	65744
3	117.946	45	65954
3	118	22	65987
3	118.05	24	66015
3	118.05	24	66015
3	118.1	24	66027
3	118.1	24	66027
3	118.134	25	66034
3	118.15	25	66040
3	118.2	25	66055
3	118.25	26	66071
3	118.35	27	66112
3	118.4	14	66134
3	118.4	15	66134
3	118.45	16	66155
3	118.5	8	66166
3	118.535	10	66175
3	118.55	10	66178
3	118.65	5	66192
3	118.75	4	66209
3	118.765	5	66209
3	118.8	3	66215
3	118.835	5	66219
3	118.9	3	66225
3	118.92	5	66229
3	118.95	2	66231
3	119.006	5	66238
3	119.192	10	66273
3	119.371	15	66333
3	119.579	20	66418
3	119.8	25	66528
3	120.052	30	66663
3	120.355	35	66823
3	120.701	40	67008
3	120.85	20	67089
3	120.9	22	67116
3	120.95	22	67126
3	121	23	67137
3	121.1	24	67174
3	121.13	25	67179
3	121.15	12	67189
3	121.2	14	67205
3	121.25	14	67212
3	121.266	15	67216
3	121.3	15	67220
3	121.4	8	67248
3	121.438	10	67257
3	121.45	10	67260
3	121.5	10	67267
3	121.6	6	67284
3	121.65	4	67295
3	121.65	5	67295
3	121.75	3	67311
3	121.778	5	67315
3	121.8	2	67319
3	121.862	5	67326
3	122.032	10	67361
3	122.216	15	67421
3	122.415	20	67506
3	122.619	25	67616
3	122.824	30	67751
3	123.017	35	67911
3	123.221	40	68096
3	123.426	45	68306
3	123.643	50	68541
3	123.882	55	68801
3	124.145	60	69086
3	124.431	65	69396
3	124.739	70	69731
3	124.85	35	69852
3	124.9	37	69906
3	124.95	38	69931
3	125	38	69956
3	125.05	39	69983
3	125.068	40	70002
3	125.15	41	70058
3	125.2	42	70096
3	125.25	21	70132
3	125.3	23	70167
3	125.35	24	70183
3	125.4	24	70201
3	125.403	25	70201
3	125.45	25	70226
3	125.55	14	70285
3	125.555	15	70285
3	125.6	16	70309
3	125.65	8	70324
3	125.673	10	70333
3	125.7	10	70340
3	125.75	5	70350
3	125.85	4	70376
3	125.853	5	70376
3	126.018	10	70411
3	126.222	15	70471
3	126.402	20	70556
3	127.45	5	70581
3	127.45	5	70581
3	127.45	5	70581
3	127.45	5	70581
3	127.45	5	70581
3	127.45	5	70581
3	127.45	5	70581
3	127.45	5	70581
3	127.45	5	70581
3	127.45	5	70581
3	127.45	5	70581
3	127.45	5	70581
3	127.45	5	70581
3	127.45	5	70581
3	127.45	5	70581
3	127.45	5	70581
3	127.45	5	70581
3	127.45	5	70581
3	127.45	5	70581
3	127.45	5	70581
3	127.45	5	70581
3	127.45	5	70581
3	127.471	10	70585
3	127.475	15	70590
3	127.492	20	70595
3	127.496	25	70600
3	127.598	30	70711
3	127.74	35	70871
3	127.904	40	71056
3	128.091	45	71266
3	128.299	50	71501
3	128.5	27	71727
3	128.5	27	71727
3	128.588	30	71784
3	128.65	31	71816
3	128.7	32	71849
3	128.7	32	71849
3	128.75	16	71881
3	128.75	16	71881
3	128.8	18	71901
3	128.85	18	71914
3	128.85	18	71914
3	128.9	19	71930
3	128.914	20	71935
3	128.95	10	71950
3	128.95	10	71950
3	129	12	71963
3	129.05	6	71976
3	129.1	7	71983
3	129.1	7	71983
3	129.15	4	71990
3	129.152	5	71990
3	129.2	3	71996
3	129.227	5	72000
3	129.25	2	72004
3	129.3	2	72009
3	129.3	2	72009
3	129.35	2	72016
3	129.375	5	72023
3	129.4	3	72034
3	129.419	5	72038
3	129.45	3	72050
3	129.462	5	72054
3	129.5	3	72070
3	129.505	5	72074
3	129.571	10	72109
3	129.651	15	72169
3	129.735	20	72254
3	129.832	25	72364
3	129.952	30	72499
3	130.094	35	72659
3	130.259	40	72844
3	130.445	45	73054
3	130.654	50	73289
3	130.885	55	73549
3	130.95	28	73623
3	130.976	30	73652
3	131	30	73663
3	131	30	73663
3	131.05	31	73684
3	131.05	31	73684
3	131.1	31	73712
3	131.1	31	73712
3	131.15	33	73750
3	131.2	17	73791
3	131.2	17	73791
3	131.25	19	73816
3	131.283	20	73828
3	131.3	20	73831
3	131.3	20	73831
3	131.35	10	73857
3	131.4	12	73870
3	131.45	12	73878
3	131.45	12	73878
3	131.5	7	73895
3	131.55	4	73906
3	131.559	5	73906
3	131.6	5	73911
3	131.65	3	73918
3	131.688	5	73922
3	131.7	2	73924
3	131.7	2	73924
3	131.75	2	73930
3	131.775	5	73937
3	131.8	3	73945
3	131.817	5	73949
3	131.85	3	73959
3	131.86	5	73963
3	131.9	3	73976
3	131.904	5	73980
3	131.95	4	74003
3	131.95	5	74003
3	132.015	10	74038
3	132.096	15	74098
3	132.182	20	74183
3	132.28	25	74293
3	132.399	30	74428
3	132.542	35	74588
3	132.706	40	74773
3	132.892	45	74983
3	133.101	50	75218
3	133.332	55	75478
3	133.4	28	75555
3	133.4	28	75555
3	133.426	30	75584
3	133.45	30	75596
3	133.5	31	75617
3	133.5	31	75617
3	133.55	32	75646
3	133.55	32	75646
3	133.6	33	75684
3	133.65	17	75724
3	133.65	17	75724
3	133.7	19	75749
3	133.732	20	75761
3	133.75	20	75765
3	133.75	20	75765
3	133.8	10	75790
3	133.85	12	75803
3	133.9	12	75811
3	133.9	12	75811
3	133.95	7	75828
3	134	4	75839
3	134.009	5	75839
3	134.05	5	75844
3	134.1	3	75851
3	134.138	5	75855
3	134.15	2	75857
3	134.15	2	75857
3	134.2	2	75863
3	134.224	5	75870
3	134.25	3	75878
3	134.267	5	75882
3	134.3	3	75892
3	134.309	5	75896
3	134.35	3	75910
3	134.354	5	75914
3	134.4	4	75937
3	134.4	5	75937
3	134.465	10	75972
3	134.547	15	76032
3	134.632	20	76117
3	134.73	25	76227
3	134.85	30	76362
3	134.99	35	76522
3	135.15	40	76707
3	135.333	45	76917
3	135.537	50	77152
3	135.762	55	77412
3	135.85	28	77514
3	135.85	28	77514
3	135.876	30	77543
3	135.9	30	77556
3	135.95	31	77576
3	135.95	31	77576
3	136	32	77605
3	136.05	33	77643
3	136.05	33	77643
3	136.1	17	77681
3	136.1	17	77681
3	136.198	20	77718
3	136.2	20	77721
3	136.2	20	77721
3	136.25	10	77742
3	136.25	10	77742
3	136.3	12	77754
3	136.35	12	77762
3	136.4	6	77776
3	136.4	6	77776
3	136.45	4	77784
3	136.456	5	77784
3	136.5	2	77789
3	136.5	2	77789
3	136.6	2	77793
3	136.6	2	77793
3	136.648	5	77800
3	136.65	2	77802
3	136.691	5	77809
3	136.75	3	77825
3	136.75	3	77825
3	136.755	5	77829
3	136.8	4	77848
3	136.8	5	77848
3	136.85	4	77871
3	136.857	5	77871
3	136.91	10	77906
3	136.993	15	77966
3	137.078	20	78051
3	137.173	25	78161
3	137.29	30	78296
3	137.429	35	78456
3	137.589	40	78641
3	137.771	45	78851
3	137.974	50	79086
3	138.199	55	79346
3	138.3	28	79463
3	138.326	30	79492
3	138.35	30	79503
3	138.35	30	79503
3	138.35	30	79503
3	138.4	31	79527
3	138.45	32	79554
3	138.45	32	79554
3	138.5	33	79593
3	138.55	34	79634
3	138.569	35	79652
3	138.6	17	79681
3	138.6	17	79681
3	138.65	19	79709
3	138.68	20	79718
3	138.7	20	79726
3	138.7	20	79726
3	138.75	21	79755
3	138.8	11	79784
3	138.8	11	79784
3	138.85	13	79806
3	138.896	15	79823
3	138.9	7	79828
3	138.95	9	79843
3	138.95	9	79843
3	138.962	10	79845
3	139.05	6	79884
3	139.05	6	79884
3	139.1	4	79903
3	139.107	5	79903
3	139.195	10	79938
3	139.2	5	79944
3	139.2	5	79944
3	139.25	4	79965
3	139.25	4	79965
3	139.256	5	79965
3	139.32	10	80000
3	139.394	15	80060
3	139.48	20	80145
3	139.575	25	80255
3	139.692	30	80390
3	139.83	35	80550
3	140.95	3	80666
3	140.95	3	80666
3	140.95	3	80666
3	140.95	3	80666
3	140.95	3	80666
3	140.95	3	80666
3	140.95	3	80666
3	140.95	3	80666
3	140.95	3	80666
3	140.95	3	80666
3	140.95	3	80666
3	140.95	3	80666
3	140.95	3	80666
3	140.95	3	80666
3	140.95	3	80666
3	140.95	3	80666
3	140.95	3	80666
3	140.95	3	80666
3	140.95	3	80666
3	140.95	3	80666
3	140.95	3	80666
3	140.95	3	80666
3	140.95	3	80666
3	140.95	3	80666
3	140.95	3	80666
3	140.95	3	80666
3	140.95	3	80666
3	140.95	3	80666
3	140.95	3	80666
3	140.95	3	80666
3	140.95	3	80666
3	140.95	3	80666
3	140.95	3	80666
3	140.971	5	80670
3	141.022	10	80705
3	141.097	15	80765
3	141.174	20	80850
3	141.268	25	80960
3	141.383	30	81095
3	141.52	35	81255
3	141.678	40	81440
3	141.857	45	81650
3	142.058	50	81885
3	142.28	55	82145
3	142.35	28	82228
3	142.375	30	82257
3	142.4	30	82270
3	142.4	30	82270
3	142.45	31	82293
3	142.45	31	82293
3	142.5	32	82324
3	142.5	32	82324
3	142.55	33	82366
3	142.55	33	82366
3	142.6	17	82412
3	142.65	19	82440
3	142.65	19	82440
3	142.678	20	82449
3	142.7	20	82460
3	142.75	10	82489
3	142.75	10	82489
3	142.8	12	82506
3	142.85	6	82519
3	142.9	4	82528
3	142.9	4	82528
3	142.904	5	82528
3	142.95	3	82534
3	142.99	5	82538
3	143	2	82539
3	143.05	2	82544
3	143.095	5	82551
3	143.1	2	82554
3	143.138	5	82561
3	143.15	2	82564
3	143.15	2	82564
3	143.179	5	82571
3	143.2	3	82578
3	143.204	5	82582
3	143.25	4	82605
3	143.25	5	82605
3	143.3	4	82629
3	143.305	5	82629
3	143.35	4	82657
3	143.351	5	82657
3	143.4	10	82692
3	143.469	15	82752
3	143.549	20	82837
3	143.643	25	82947
3	143.758	30	83082
3	143.895	35	83242
3	144.053	40	83427
3	144.232	45	83637
3	144.433	50	83872
3	144.655	55	84132
3	144.75	28	84244
3	144.75	28	84244
3	144.775	30	84273
3	144.8	30	84286
3	144.8	30	84286
3	144.85	31	84309
3	144.85	31	84309
3	144.9	32	84340
3	144.9	32	84340
3	144.95	33	84382
3	145	34	84426
3	145	34	84426
3	145.008	35	84433
3	145.05	18	84479
3	145.067	20	84498
3	145.1	20	84512
3	145.1	20	84512
3	145.15	21	84538
3	145.2	11	84573
3	145.2	11	84573
3	145.25	13	84595
3	145.3	7	84612
3	145.35	4	84629
3	145.35	4	84629
3	145.354	5	84629
3	145.4	3	84637
3	145.431	5	84641
3	145.45	2	84644
3	145.476	5	84651
3	145.5	3	84657
3	145.519	5	84661
3	145.55	3	84669
3	145.561	5	84673
3	145.6	3	84683
3	145.604	5	84687
3	145.65	4	84708
3	145.651	5	84708
3	145.7	4	84729
3	145.707	5	84729
3	145.75	4	84753
3	145.75	4	84753
3	145.75	5	84753
3	145.799	10	84788
3	145.869	15	84848
3	145.949	20	84933
3	146.043	25	85043
3	146.158	30	85178
3	146.294	35	85338
3	146.452	40	85523
3	146.632	45	85733
3	146.832	50	85968
3	147.054	55	86228
3	147.15	28	86341
3	147.15	28	86341
3	147.175	30	86370
3	147.2	30	86383
3	147.2	30	86383
3	147.25	31	86406
3	147.25	31	86406
3	147.3	32	86437
3	147.3	32	86437
3	147.35	33	86479
3	147.4	34	86523
3	147.4	34	86523
3	147.408	35	86530
3	147.45	18	86575
3	147.467	20	86594
3	147.5	20	86608
3	147.5	20	86608
3	147.55	21	86634
3	147.6	11	86669
3	147.6	11	86669
3	147.65	13	86691
3	147.699	15	86708
3	147.7	7	86709
3	147.75	9	86725
3	147.75	9	86725
3	147.762	10	86726
3	147.8	5	86741
3	147.85	4	86757
3	147.852	5	86757
3	147.9	3	86773
3	147.918	5	86777
3	147.95	3	86787
3	147.962	5	86791
3	148	3	86801
3	148.005	5	86805
3	148.05	4	86824
3	148.05	5	86824
3	148.1	4	86847
3	148.107	5	86847
3	148.15	4	86871
3	148.15	4	86871
3	148.15	5	86871
3	148.2	10	86906
3	148.269	15	86966
3	148.349	20	87051
3	148.443	25	87161
3	148.558	30	87296
3	148.694	35	87456
3	148.852	40	87641
3	149.032	45	87851
3	149.232	50	88086
3	149.454	55	88346
3	149.55	28	88459
3	149.55	28	88459
3	149.575	30	88488
3	149.6	30	88501
3	149.6	30	88501
3	149.65	31	88524
3	149.65	31	88524
3	149.7	32	88555
3	149.7	32	88555
3	149.75	33	88596
3	149.8	34	88641
3	149.8	34	88641
3	149.809	35	88648
3	149.85	18	88693
3	149.867	20	88712
3	149.9	20	88726
3	149.9	20	88726
3	149.95	21	88752
3	150	11	88787
3	150	11	88787
3	150.05	13	88809
3	150.1	15	88826
3	150.1	7	88827
3	150.15	9	88843
3	150.15	9	88843
3	150.162	10	88844
3	150.2	5	88859
3	150.25	4	88875
3	150.252	5	88875
3	150.3	3	88891
3	150.318	5	88895
3	150.35	3	88905
3	150.362	5	88909
3	150.4	3	88919
3	150.405	5	88923
3	150.45	4	88942
3	150.45	5	88942
3	150.5	4	88965
3	150.507	5	88965
3	150.55	4	88989
3	150.55	4	88989
3	150.55	5	88989
3	150.6	10	89024
3	150.669	15	89084
3	150.749	20	89169
3	150.843	25	89279
3	150.958	30	89414
3	151.094	35	89574
3	151.252	40	89759
3	151.432	45	89969
3	151.632	50	90204
3	151.854	55	90464
3	151.95	28	90577
3	151.95	28	90577
3	151.975	30	90606
3	152	30	90619
3	152	30	90619
3	152.05	31	90642
3	152.05	31	90642
3	152.1	32	90673
3	152.1	32	90673
3	152.15	33	90714
3	153.2	5	90747
3	153.2	5	90747
3	153.2	5	90747
3	153.2	5	90747
3	153.2	5	90747
3	153.2	5	90747
3	153.2	5	90747
3	153.2	5	90747
3	153.2	5	90747
3	153.2	5	90747
3	153.2	5	90747
3	153.2	5	90747
3	153.2	5	90747
3	153.2	5	90747
3	153.2	5	90747
3	153.2	5	90747
3	153.2	5	90747
3	153.2	5	90747
3	153.2	5	90747
3	153.224	10	90751
3	153.233	15	90756
3	153.245	20	90761
3	153.249	25	90766
3	153.415	30	90877
3	153.601	35	91037
3	153.797	40	91222
3	153.992	45	91432
3	154.201	50	91667
3	154.3	26	91780
3	154.392	30	91864
3	154.58	35	92024
3	154.784	40	92209
3	155.055	45	92419
3	155.381	50	92654
3	155.75	27	92887
3	155.8	29	92917
3	155.8	29	92917
3	155.85	29	92925
3	155.85	29	92925
3	155.9	29	92935
3	155.937	30	92944
3	155.95	30	92946
3	155.95	30	92946
3	156	30	92966
3	156	30	92966
3	156.05	31	92982
3	156.1	31	93000
3	156.1	31	93000
3	156.15	32	93022
3	156.15	32	93022
3	156.2	16	93045
3	156.2	16	93045
3	156.25	18	93068
3	156.25	18	93068
3	156.25	18	93068
3	156.35	19	93095
3	156.373	20	93099
3	156.4	10	93112
3	156.5	6	93137
3	156.5	6	93137
3	156.55	4	93147
3	156.551	5	93147
3	156.65	3	93164
3	156.65	3	93164
3	156.69	5	93168
3	156.75	3	93180
3	156.75	3	93180
3	156.775	5	93184
3	156.906	10	93219
3	157.077	15	93279
3	157.2	8	93327
3	157.209	10	93336
3	157.38	15	93396
3	157.55	20	93481
3	157.728	25	93591
3	157.935	30	93726
3	158.194	35	93886
3	158.495	40	94071
3	158.774	45	94281
3	158.85	23	94344
3	158.85	23	94344
3	158.872	25	94368
3	158.9	25	94381
3	158.95	26	94400
3	158.95	26	94400
3	159.05	14	94458
3	159.05	14	94458
3	159.051	15	94458
3	159.1	16	94482
3	159.15	8	94497
3	159.17	10	94506
3	159.3	6	94542
3	159.35	4	94555
3	159.35	4	94555
3	159.378	5	94555
3	159.45	3	94573
3	159.45	3	94573
3	159.466	5	94577
3	159.595	10	94612
3	159.764	15	94672
3	159.935	20	94757
3	160.111	25	94867
3	160.298	30	95002
3	160.541	35	95162
3	160.837	40	95347
3	161.161	45	95557
3	161.35	23	95664
3	161.395	25	95688
3	161.4	25	95694
3	161.4	25	95694
3	161.45	25	95705
3	161.45	25	95705
3	161.5	26	95718
3	161.5	26	95718
3	161.55	26	95734
3	161.6	27	95751
3	161.65	28	95770
3	161.75	14	95823
3	161.75	15	95823
3	161.8	16	95845
3	161.85	17	95856
3	161.9	17	95869
3	161.9	17	95869
3	162	9	95907
3	162.001	10	95907
3	162.05	11	95924
3	162.1	6	95935
3	162.1	6	95935
3	162.2	4	95957
3	162.205	5	95957
3	162.25	3	95969
3	162.254	5	95973
3	162.35	4	95997
3	162.375	5	95997
3	162.47	10	96032
3	162.636	15	96092
3	162.808	20	96177
3	162.986	25	96287
3	163.192	30	96422
3	163.416	35	96582
3	163.713	40	96767
3	164.058	45	96977
3	164.25	23	97090
3	164.25	23	97090
3	164.273	25	97114
3	164.3	25	97121
3	164.3	25	97121
3	164.35	25	97134
3	164.35	25	97134
3	164.4	26	97155
3	164.45	27	97177
3	164.5	28	97196
3	164.55	28	97217
3	164.608	30	97249
3	164.65	15	97272
3	164.7	17	97296
3	164.75	18	97309
3	164.75	18	97309
3	164.8	9	97325
3	164.801	10	97325
3	164.9	6	97355
3	164.95	4	97366
3	164.951	5	97366
3	165	3	97374
3	165	3	97374
3	165.024	5	97378
3	165.15	4	97406
3	165.15	4	97406
3	165.151	5	97406
3	165.276	10	97441
3	165.427	15	97501
3	165.596	20	97586
3	165.78	25	97696
3	165.96	30	97831
3	166.156	35	97991
3	166.408	40	98176
3	166.745	45	98386
3	167.111	50	98621
3	167.2	25	98668
3	167.2	25	98668
3	167.25	27	98698
3	167.25	27	98698
3	167.3	27	98709
3	167.3	27	98709
3	167.35	28	98725
3	167.35	28	98725
3	167.4	28	98741
3	167.4	28	98741
3	167.45	29	98759
3	167.45	29	98759
3	167.494	30	98778
3	167.5	30	98780
3	167.5	30	98780
3	167.55	30	98804
3	167.65	16	98851
3	167.7	18	98875
3	167.75	19	98887
3	167.801	20	98905
3	167.85	10	98921
3	167.9	12	98936
3	167.9	12	98936
3	168	6	98957
3	168.05	4	98968
3	168.051	5	98968
3	168.1	3	98977
3	168.137	5	98981
3	168.15	2	98983
3	168.197	5	98990
3	168.388	10	99025
3	168.561	15	99085
3	168.6	7	99098
3	168.6	7	99098
3	168.6	7	99098
3	168.645	10	99115
3	168.811	15	99175
3	169.005	20	99260
3	169.279	25	99370
3	169.678	30	99505
3	169.95	16	99588
3	170	17	99602
3	170	17	99602
3	170.05	17	99604
3	170.05	17	99604
3	170.1	18	99608
3	170.15	18	99614
3	170.2	18	99621
3	170.2	18	99621
3	170.25	19	99630
3	170.297	20	99642
3	170.3	10	99645
3	170.3	10	99645
3	170.35	12	99657
3	170.45	6	99671
3	170.45	6	99671
3	170.5	4	99679
3	170.508	5	99679
3	170.55	2	99684
3	170.6	3	99687
3	170.644	5	99691
3	170.7	3	99698
3	170.7	3	99698
3	170.729	5	99702
3	170.8	3	99711
3	170.813	5	99715
3	170.9	4	99735
3	170.9	4	99735
3	170.901	5	99735
3	171.029	10	99770
3	171.195	15	99830
3	171.364	20	99915
3	171.538	25	100025
3	171.73	30	100160
3	171.933	35	100320
3	172.193	40	100505
3	172.529	45	100715
3	173.7	2	100830
3	173.7	2	100830
3	173.7	2	100830
3	173.7	2	100830
3	173.7	2	100830
3	173.7	2	100830
3	173.7	2	100830
3	173.7	2	100830
3	173.7	2	100830
3	173.7	2	100830
3	173.7	2	100830
3	173.7	2	100830
3	173.7	2	100830
3	173.7	2	100830
3	173.7	2	100830
3	173.7	2	100830
3	173.7	2	100830
3	173.7	2	100830
3	173.7	2	100830
3	173.7	2	100830
3	173.7	2	100830
3	173.7	2	100830
3	173.7	2	100830
3	173.7	2	100830
3	173.7	2	100830
3	173.7	2	100830
3	173.7	2	100830
3	173.742	5	100837
3	173.872	10	100872
3	174.124	15	100932
3	174.394	20	101017
3	174.645	25	101127
3	174.8	14	101213
3	174.8	14	101213
3	174.8	14	101213
3	174.808	15	101213
3	174.85	16	101238
3	174.991	20	101298
3	175	10	101308
3	175.1	6	101343
3	175.15	4	101358
3	175.161	5	101358
3	175.2	3	101369
3	175.209	5	101373
3	175.337	10	101408
3	175.501	15	101468
3	175.669	20	101553
3	175.852	25	101663
3	176.034	30	101798
3	176.243	35	101958
3	176.495	40	102143
3	176.788	45	102353
3	177.098	50	102588
3	177.2	25	102668
3	177.2	25	102668
3	177.25	27	102707
3	177.3	28	102725
3	177.35	28	102745
3	177.4	29	102766
3	177.414	30	102778
3	177.45	30	102795
3	177.5	15	102828
3	177.55	17	102854
3	177.6	18	102868
3	177.67	20	102898
3	177.7	10	102903
3	177.75	12	102922
3	177.841	15	102953
3	177.85	7	102956
3	177.9	9	102971
3	177.922	10	102973
3	178	5	102994
3	178.098	10	103024
3	178.1	5	103026
3	178.2	4	103050
3	178.217	5	103050
3	178.313	10	103085
3	178.486	15	103145
3	178.684	20	103230
3	178.931	25	103340
3	179.191	30	103475
3	179.491	35	103635
3	179.6	18	103700
3	179.643	20	103719
3	179.7	20	103739
3	179.75	21	103752
3	179.85	11	103783
3	179.9	13	103800
3	179.988	15	103822
3	180	7	103825
3	180.1	9	103842
3	180.113	10	103842
3	180.2	5	103861
3	180.25	3	103870
3	180.283	5	103874
3	180.3	2	103876
3	180.368	5	103883
3	180.4	2	103886
3	180.452	5	103893
3	180.5	3	103905
3	180.538	5	103909
3	180.55	2	103914
3	180.585	5	103921
3	180.6	2	103922
3	180.627	5	103929
3	180.768	10	103964
3	180.967	15	104024
3	181.17	20	104109
3	181.354	25	104219
3	181.554	30	104354
3	181.743	35	104514
3	181.9	19	104657
3	181.9	20	104657
3	181.95	21	104698
3	182.057	25	104767
3	182.235	30	104902
3	182.43	35	105062
3	182.646	40	105247
3	182.904	45	105457
3	183.198	50	105692
3	183.516	55	105952
3	183.6	28	106016
3	183.6	28	106016
3	183.64	30	106045
3	183.65	30	106057
3	183.7	30	106075
3	183.7	30	106075
3	183.75	31	106095
3	183.8	32	106117
3	183.9	17	106179
3	183.95	19	106205
3	183.985	20	106216
3	184	20	106218
3	184.05	20	106233
3	184.1	10	106250
3	184.15	12	106267
3	184.25	7	106294
3	184.3	4	106306
3	184.317	5	106306
3	184.35	3	106314
3	184.366	5	106318
3	184.4	2	106320
3	184.449	5	106327
3	184.5	3	106338
3	184.535	5	106342
3	184.55	2	106346
3	184.58	5	106353
3	184.6	2	106354
3	184.623	5	106361
3	184.753	10	106396
3	184.92	15	106456
3	185.089	20	106541
3	185.264	25	106651
3	185.459	30	106786
3	185.665	35	106946
3	185.914	40	107131
3	186.187	45	107341
3	186.492	50	107576
3	186.65	26	107700
3	186.7	28	107738
3	186.75	29	107756
3	186.8	29	107775
3	186.823	30	107784
3	186.85	30	107795
3	186.9	31	107820
3	186.95	16	107850
3	187	18	107875
3	187.05	19	107888
3	187.1	19	107903
3	187.107	20	107904
3	187.2	10	107945
3	187.25	12	107963
3	187.35	7	107986
3	187.4	4	107999
3	187.404	5	107999
3	187.45	3	108010
3	187.459	5	108014
3	187.5	3	108020
3	187.535	5	108024
3	187.6	3	108037
3	187.62	5	108041
3	187.65	3	108047
3	187.664	5	108051
3	187.792	10	108086
3	187.956	15	108146
3	188.124	20	108231
3	188.296	25	108341
3	188.473	30	108476
3	188.662	35	108636
3	188.888	40	108821
3	189.142	45	109031
3	189.431	50	109266
3	189.749	55	109526
3	189.85	28	109608
3	189.85	28	109608
3	189.89	30	109637
3	189.9	30	109648
3	189.95	30	109667
3	190	31	109686
3	190.05	32	109709
3	190.1	33	109732
3	190.15	17	109764
3	190.2	19	109790
3	190.237	20	109801
3	190.25	20	109803
3	190.3	20	109819
3	190.35	10	109836
3	190.4	12	109853
3	190.45	6	109866
3	190.5	4	109877
3	190.511	5	109877
3	190.6	3	109890
3	190.617	5	109894
3	190.65	2	109897
3	190.7	2	109904
3	190.744	5	109911
3	190.75	2	109916
3	190.79	5	109923
3	190.85	3	109933
3	190.872	5	109937
3	191	10	109972
3	191.165	15	110032
3	191.333	20	110117
3	191.505	25	110227
3	191.683	30	110362
3	191.867	35	110522
3	192.059	40	110707
3	193.25	2	110913
3	193.25	2	110913
3	193.25	2	110913
3	193.25	2	110913
3	193.25	2	110913
3	193.25	2	110913
3	193.25	2	110913
3	193.25	2	110913
3	193.25	2	110913
3	193.25	2	110913
3	193.25	2	110913
3	193.25	2	110913
3	193.25	2	110913
3	193.25	2	110913
3	193.25	2	110913
3	193.25	2	110913
3	193.25	2	110913
3	193.25	2	110913
3	193.25	2	110913
3	193.25	2	110913
3	193.25	2	110913
3	193.25	2	110913
3	193.25	2	110913
3	193.25	2	110913
3	193.25	2	110913
3	193.25	2	110913
3	193.25	2	110913
3	193.25	2	110913
3	193.25	2	110913
3	193.25	2	110913
3	193.25	2	110913
3	193.25	2	110913
3	193.25	2	110913
3	193.25	2	110913
3	193.25	2	110913
3	193.25	2	110913
3	193.25	2	110913
3	193.25	2	110913
3	193.25	2	110913
3	193.25	2	110913
3	193.25	2	110913
3	193.25	2	110913
3	193.25	2	110913
3	193.25	2	110913
3	193.25	2	110913
3	193.25	2	110913
3	193.25	2	110913
3	193.25	2	110913
3	193.296	5	110920
3	193.364	10	110955
3	193.512	15	111015
3	193.696	20	111100
3	193.939	25	111210
3	194.225	30	111345
3	194.553	35	111505
3	194.7	18	111573
3	194.737	20	111592
3	194.75	20	111596
3	194.8	20	111607
3	194.85	21	111618
3	194.9	21	111631
3	194.95	11	111649
3	195	13	111664
3	195.05	13	111672
3	195.1	7	111681
3	195.2	4	111697
3	195.207	5	111697
3	195.25	3	111703
3	195.298	5	111707
3	195.3	2	111708
3	195.35	2	111713
3	195.434	5	111720
3	195.45	2	111722
3	195.5	2	111728
3	195.562	5	111735
3	195.6	3	111741
3	195.62	5	111745
3	195.65	2	111750
3	195.673	5	111757
3	195.911	10	111792
3	196.23	15	111852
3	196.7	9	111935
3	196.7	9	111935
3	196.711	10	111935
3	196.75	10	111944
3	196.8	11	111947
3	196.85	11	111952
3	196.95	6	111967
3	197	7	111974
3	197.05	4	111978
3	197.059	5	111978
3	197.1	2	111983
3	197.2	2	111988
3	197.25	2	111993
3	197.328	5	112000
3	197.35	2	112003
3	197.412	5	112010
3	197.45	2	112015
3	197.495	5	112022
3	197.55	3	112038
3	197.583	5	112042
3	197.65	3	112058
3	197.668	5	112062
3	197.797	10	112097
3	197.96	15	112157
3	198.13	20	112242
3	198.304	25	112352
3	198.491	30	112487
3	198.709	35	112647
3	198.943	40	112832
3	199.191	45	113042
3	199.461	50	113277
3	199.727	55	113537
3	199.75	27	113562
3	199.823	30	113619
3	199.85	30	113635
3	199.9	31	113662
