4	1.04641	10	4
4	1.08913	15	9
4	1.09374	20	14
4	1.13271	25	19
4	1.32152	30	130
4	1.5507	35	290
4	1.80898	40	475
4	2.1	22	684
4	2.1	22	684
4	2.17491	25	731
4	2.46282	30	866
4	2.7602	35	1026
4	2.85	18	1069
4	2.86814	20	1088
4	2.9	20	1097
4	2.95	21	1112
4	2.95	21	1112
4	3	11	1136
4	3.05	13	1154
4	3.12756	15	1175
4	3.38053	20	1260
4	3.62711	25	1370
4	3.75	13	1437
4	3.76377	15	1451
4	3.8	15	1462
4	3.97863	20	1536
4	4.19256	25	1646
4	4.4065	30	1781
4	4.63875	35	1941
4	4.92815	40	2126
4	5.24336	45	2336
4	5.59635	50	2571
4	5.65	25	2609
4	5.7	27	2642
4	5.75	27	2656
4	5.75	27	2656
4	5.85	28	2687
4	5.9	29	2704
4	5.9174	30	2719
4	5.95	30	2731
4	6	15	2759
4	6.05	17	2781
4	6.15	18	2801
4	6.2	9	2813
4	6.20214	10	2813
4	6.35	6	2844
4	6.4	7	2851
4	6.45	4	2855
4	6.46433	5	2855
4	6.55	3	2864
4	6.59412	5	2868
4	6.6	2	2869
4	6.67969	5	2876
4	6.89363	10	2911
4	7.10756	15	2971
4	7.3215	20	3056
4	7.53544	25	3166
4	7.74937	30	3301
4	7.96331	35	3461
4	8.1781	40	3646
4	8.4016	45	3856
4	8.66504	50	4091
4	8.95048	55	4351
4	9.27728	60	4636
4	9.55	32	4883
4	9.6	34	4927
4	9.65	34	4945
4	9.67588	35	4950
4	9.7	35	4963
4	9.7	35	4963
4	9.75	35	4984
4	9.8	36	5010
4	9.85	37	5041
4	9.9	38	5075
4	9.99391	40	5135
4	10	20	5136
4	10.05	22	5166
4	10.1	23	5180
4	10.15	23	5198
4	10.2063	25	5226
4	10.25	12	5246
4	10.3	14	5265
4	10.3349	15	5273
4	10.35	15	5275
4	10.45	8	5301
4	10.4674	10	5310
4	10.5	5	5314
4	10.55	3	5322
4	10.5752	5	5326
4	10.7891	10	5361
4	11.0031	15	5421
4	11.217	20	5506
4	11.4309	25	5616
4	11.6449	30	5751
4	11.8632	35	5911
4	12.1288	40	6096
4	12.405	45	6306
4	12.7375	50	6541
4	13.05	27	6791
4	13.1	29	6830
4	13.15	29	6846
4	13.1647	30	6848
4	13.2	30	6863
4	13.25	31	6886
4	13.3	32	6915
4	13.35	16	6943
4	13.45	18	6977
4	13.5	19	6988
4	13.5172	20	6997
4	13.55	10	7001
4	13.6	12	7016
4	13.7	6	7037
4	13.75	4	7046
4	13.7701	5	7046
4	13.85	3	7054
4	13.8984	5	7058
4	13.9	2	7060
4	13.9849	5	7067
4	14.1988	10	7102
4	14.4127	15	7162
4	14.6267	20	7247
4	14.8406	25	7357
4	15.0587	30	7492
4	15.3244	35	7652
4	15.5961	40	7837
4	15.9111	45	8047
4	16.2666	50	8282
4	16.3	25	8298
4	16.35	27	8331
4	16.4	27	8345
4	16.45	28	8359
4	16.5	28	8375
4	16.55	29	8392
4	16.5756	30	8408
4	16.6	30	8417
4	16.7	16	8470
4	16.75	18	8493
4	16.8	18	8504
4	16.8672	20	8524
4	16.9	10	8529
4	16.95	12	8543
4	17	6	8556
4	17.15	4	8575
4	17.162	5	8575
4	17.25	3	8586
4	17.2931	5	8590
4	17.3	2	8592
4	17.3796	5	8599
4	17.5935	10	8634
4	17.8074	15	8694
4	18.0214	20	8779
4	18.2353	25	8889
4	18.4492	30	9024
4	18.6632	35	9184
4	18.886	40	9369
4	19.1487	45	9579
4	19.4249	50	9814
4	19.7361	55	10074
4	20.8001	10	10087
4	20.8419	15	10092
4	20.8465	20	10097
4	20.8838	25	10102
4	21.0664	30	10213
4	21.3145	35	10373
4	21.6037	40	10558
4	21.8414	45	10768
4	22.0825	50	11003
4	22.3	27	11238
4	22.35	29	11287
4	22.3731	30	11295
4	22.4	30	11313
4	22.5	32	11380
4	22.55	16	11419
4	22.6643	20	11473
4	22.8782	25	11583
4	23.0921	30	11718
4	23.3105	35	11878
4	23.5621	40	12063
4	23.8427	45	12273
4	24.1199	50	12508
4	24.4066	55	12768
4	24.45	27	12808
4	24.5	29	12855
4	24.5263	30	12865
4	24.65	32	12935
4	24.75	17	12997
4	24.822	20	13034
4	24.85	20	13041
4	25.075	25	13144
4	25.3	14	13270
4	25.3057	15	13270
4	25.35	16	13296
4	25.45	9	13327
4	25.4508	10	13327
4	25.6313	15	13387
4	25.8452	20	13472
4	26.0604	25	13582
4	26.2968	30	13717
4	26.5876	35	13877
4	26.9041	40	14062
4	27.2971	45	14272
4	27.35	22	14302
4	27.4	24	14328
4	27.45	24	14337
4	27.5	24	14346
4	27.5239	25	14349
4	27.55	25	14356
4	27.6	25	14368
4	27.65	26	14383
4	27.75	27	14423
4	27.75	27	14423
4	27.8	14	14441
4	27.8019	15	14441
4	27.85	16	14460
4	27.95	8	14478
4	27.9769	10	14487
4	28	10	14488
4	28.1	5	14500
4	28.15	6	14506
4	28.25	3	14513
4	28.25	3	14513
4	28.3	4	14517
4	28.3054	5	14517
4	28.5193	10	14552
4	28.7332	15	14612
4	28.948	20	14697
4	29.1683	25	14807
4	29.3868	30	14942
4	29.6086	35	15102
4	29.8637	40	15287
4	30.1619	45	15497
4	30.495	50	15732
4	30.75	26	15920
4	30.8	28	15956
4	30.85	28	15971
4	30.9	29	15987
4	30.9439	30	16004
4	30.95	30	16011
4	31	30	16032
4	31.05	31	16052
4	31.15	16	16104
4	31.25	18	16138
4	31.3	19	16149
4	31.3116	20	16158
4	31.4	10	16188
4	31.45	12	16203
4	31.5	12	16211
4	31.6	7	16230
4	31.65	4	16241
4	31.6502	5	16241
4	31.75	3	16257
4	31.7849	5	16261
4	31.9988	10	16296
4	32.2129	15	16356
4	32.4277	20	16441
4	32.6425	25	16551
4	32.8564	30	16686
4	33.0704	35	16846
4	33.2957	40	17031
4	33.5709	45	17241
4	33.87	50	17476
4	34.1893	55	17736
4	34.35	28	17880
4	34.3807	30	17909
4	34.4	30	17923
4	34.5	31	17960
4	34.55	32	17984
4	34.6	33	18014
4	34.65	34	18045
4	34.6922	35	18069
4	34.7	17	18072
4	34.75	19	18099
4	34.7787	20	18109
4	34.8	20	18112
4	34.9	21	18148
4	34.95	11	18173
4	35.0782	15	18212
4	35.1	7	18213
4	35.15	9	18225
4	35.1629	10	18230
4	35.2	5	18233
4	35.334	10	18263
4	35.548	15	18323
4	35.7619	20	18408
4	35.9802	25	18518
4	36.2037	30	18653
4	36.4909	35	18813
4	36.8103	40	18998
4	37.2087	45	19208
4	37.3	22	19251
4	37.35	24	19276
4	37.35	24	19276
4	37.4	24	19285
4	37.4	24	19285
4	37.45	24	19295
4	37.4759	25	19298
4	37.5	25	19306
4	37.55	25	19319
4	37.65	27	19356
4	37.7	14	19377
4	37.7063	15	19377
4	37.75	16	19395
4	37.85	8	19411
4	37.85	8	19411
4	37.9	9	19420
4	37.9099	10	19420
4	38	5	19432
4	38.1	3	19440
4	38.15	4	19443
4	38.1918	5	19444
4	38.25	2	19449
4	38.25	2	19449
4	38.3601	5	19456
4	38.5741	10	19491
4	38.788	15	19551
4	39.0036	20	19636
4	39.247	25	19746
4	39.5479	30	19881
4	39.9013	35	20041
4	41.2	2	20166
4	41.2	2	20166
4	41.2	2	20166
4	41.2	2	20166
4	41.2	2	20166
4	41.2	2	20166
4	41.2	2	20166
4	41.2	2	20166
4	41.2	2	20166
4	41.2	2	20166
4	41.2	2	20166
4	41.2	2	20166
4	41.2	2	20166
4	41.2418	5	20173
4	41.3681	10	20208
4	41.5132	15	20268
4	41.6825	20	20353
4	41.8565	25	20463
4	42.0426	30	20598
4	42.234	35	20758
4	42.4439	40	20943
4	42.6929	45	21153
4	42.9761	50	21388
4	43.286	55	21648
4	43.4	28	21746
4	43.4391	30	21775
4	43.45	30	21787
4	43.5	31	21806
4	43.55	31	21826
4	43.6	32	21847
4	43.65	33	21875
4	43.7	17	21907
4	43.7851	20	21944
4	43.8	20	21945
4	43.85	20	21959
4	43.9	10	21975
4	43.95	12	21991
4	44	6	22005
4	44.05	4	22015
4	44.0772	5	22015
4	44.1	3	22021
4	44.1	3	22021
4	44.1247	5	22025
4	44.2	3	22032
4	44.2084	5	22036
4	44.25	3	22042
4	44.2893	5	22046
4	44.3	3	22053
4	44.3348	5	22057
4	44.35	2	22062
4	44.3804	5	22069
4	44.5106	10	22104
4	44.6771	15	22164
4	44.8465	20	22249
4	45.0213	25	22359
4	45.2122	30	22494
4	45.4052	35	22654
4	45.6276	40	22839
4	45.8987	45	23049
4	46.1801	50	23284
4	46.4919	55	23544
4	46.5	27	23545
4	46.55	29	23587
4	46.5851	30	23602
4	46.6	30	23605
4	46.65	30	23625
4	46.7	31	23651
4	46.75	32	23681
4	46.8	33	23714
4	46.85	17	23742
4	46.9	19	23770
4	46.9259	20	23779
4	47	10	23801
4	47.05	12	23818
4	47.1	6	23836
4	47.2	4	23854
4	47.2208	5	23854
4	47.25	3	23862
4	47.2692	5	23866
4	47.35	3	23874
4	47.3539	5	23878
4	47.4	3	23888
4	47.4386	5	23892
4	47.45	2	23896
4	47.4841	5	23903
4	47.5	2	23904
4	47.5269	5	23911
4	47.6572	10	23946
4	47.8236	15	24006
4	47.993	20	24091
4	48.1679	25	24201
4	48.3706	30	24336
4	48.5878	35	24496
4	48.8431	40	24681
4	49.1389	45	24891
4	49.449	50	25126
4	49.45	25	25128
4	49.5	27	25166
4	49.55	28	25187
4	49.6	28	25208
4	49.65	29	25230
4	49.661	30	25238
4	49.7	30	25259
4	49.75	15	25292
4	49.8	17	25319
4	49.85	18	25334
4	49.9	9	25351
4	49.9047	10	25351
4	49.95	11	25369
4	50.05	7	25405
4	50.1	4	25420
4	50.1242	5	25420
4	50.25	4	25451
4	50.2526	5	25451
4	50.35	4	25485
4	50.3501	5	25485
4	50.4767	10	25520
4	50.6423	15	25580
4	50.8116	20	25665
4	50.9911	25	25775
4	51.2233	30	25910
4	51.4375	35	26070
4	51.6781	40	26255
4	51.9458	45	26465
4	52.1	23	26593
4	52.1335	25	26617
4	52.15	25	26635
4	52.2	26	26659
4	52.2	26	26659
4	52.3521	30	26752
4	52.5744	35	26912
4	52.6	17	26929
4	52.65	19	26964
4	52.6591	20	26966
4	52.7	20	26986
4	52.75	11	27017
4	52.8	13	27042
4	52.832	15	27056
4	53.0013	20	27141
4	53.1768	25	27251
4	53.3548	30	27386
4	53.5466	35	27546
4	53.7397	40	27731
4	53.965	45	27941
4	54.2213	50	28176
4	54.503	55	28436
4	54.8243	60	28721
4	54.9	30	28793
4	54.95	32	28837
4	55	32	28856
4	55.05	33	28875
4	55.05	33	28875
4	55.1	34	28897
4	55.147	35	28923
4	55.15	35	28927
4	55.2	36	28960
4	55.25	36	28994
4	55.3	18	29026
4	55.3274	20	29045
4	55.35	20	29056
4	55.4	21	29071
4	55.45	22	29088
4	55.55	12	29142
4	55.6	14	29163
4	55.6297	15	29169
4	55.65	7	29176
4	55.7	9	29190
4	55.7163	10	29193
4	55.75	5	29200
4	55.8	3	29212
4	55.8046	5	29216
4	55.85	3	29226
4	55.8874	5	29230
4	55.9	2	29235
4	55.9329	5	29242
4	56.0632	10	29277
4	56.2288	15	29337
4	56.3981	20	29422
4	56.5721	25	29532
4	56.7629	30	29667
4	56.9442	35	29827
4	57.133	40	30012
4	57.3285	45	30222
4	58.3981	10	30253
4	58.4	5	30254
4	58.4	5	30254
4	58.5437	10	30284
4	58.7377	15	30344
4	58.9424	20	30429
4	59.1338	25	30539
4	59.3432	30	30674
4	59.5631	35	30834
4	59.8177	40	31019
4	60.1166	45	31229
4	60.4386	50	31464
4	60.65	26	31617
4	60.7	28	31653
4	60.75	28	31667
4	60.75	28	31667
4	60.8	29	31683
4	60.85	29	31701
4	60.857	30	31701
4	60.9	30	31722
4	60.95	31	31751
4	61	16	31779
4	61.05	18	31803
4	61.15	19	31828
4	61.1621	20	31833
4	61.2	10	31843
4	61.25	12	31859
4	61.3	6	31870
4	61.4	4	31886
4	61.4169	5	31886
4	61.45	3	31893
4	61.4653	5	31897
4	61.55	3	31908
4	61.5909	5	31912
4	61.6	2	31914
4	61.6737	5	31921
4	61.8439	10	31956
4	62.0206	15	32016
4	62.2263	20	32101
4	62.431	25	32211
4	62.6357	30	32346
4	62.8282	35	32506
4	63.0329	40	32691
4	63.2376	45	32901
4	63.4548	50	33136
4	63.695	55	33396
4	63.9584	60	33681
4	64.2448	65	33991
4	64.5543	70	34326
4	64.7	36	34484
4	64.75	38	34538
4	64.8	39	34563
4	64.85	39	34588
4	64.8666	40	34598
4	64.9	40	34615
4	64.95	41	34652
4	65	42	34691
4	65.05	43	34731
4	65.1	22	34768
4	65.15	24	34804
4	65.1791	25	34815
4	65.2	25	34821
4	65.3	26	34865
4	65.35	14	34895
4	65.3503	15	34895
4	65.4	16	34918
4	65.45	8	34932
4	65.475	10	34941
4	65.5	10	34947
4	65.6	6	34967
4	65.65	4	34983
4	65.6632	5	34983
4	65.7	3	34992
4	65.7336	5	34996
4	65.9048	10	35031
4	66.1095	15	35091
4	66.2908	20	35176
4	66.5255	25	35286
4	66.7882	30	35421
4	67.1339	35	35581
4	67.5	19	35761
4	67.5223	20	35761
4	67.55	21	35785
4	67.6	21	35793
4	67.65	21	35802
4	67.7	22	35812
4	67.75	22	35824
4	67.8	23	35838
4	67.8967	25	35871
4	67.9	12	35875
4	67.9	12	35875
4	67.95	14	35892
4	68	14	35901
4	68.0302	15	35902
4	68.1	8	35922
4	68.1301	10	35931
4	68.15	5	35934
4	68.2	3	35941
4	68.2243	5	35945
4	68.3	2	35950
4	68.3546	5	35957
4	68.4	3	35963
4	68.4463	5	35967
4	68.45	2	35969
4	68.5395	5	35976
4	68.7452	10	36011
4	69.14	15	36071
4	69.6	9	36153
4	69.6008	10	36153
4	69.65	10	36162
4	69.7	11	36164
4	69.75	11	36168
4	69.85	6	36178
4	69.9	7	36184
4	70.05	4	36195
4	70.0881	5	36195
4	70.15	5	36200
4	70.25	3	36205
4	70.3495	5	36209
4	70.35	2	36210
4	70.45	3	36213
4	70.55	2	36217
4	70.6955	5	36224
4	71.05	4	36247
4	71.0549	5	36247
4	71.35	3	36265
4	71.4952	5	36269
4	71.65	3	36276
4	71.7	2	36279
4	71.8	2	36283
4	71.8983	5	36290
4	71.9	2	36291
4	71.982	5	36298
4	72.1914	10	36333
4	72.25	5	36353
4	72.37	10	36383
4	72.5756	15	36443
4	72.7803	20	36528
4	72.9635	25	36638
4	73.1682	30	36773
4	73.3879	35	36933
4	73.6426	40	37118
4	73.9415	45	37328
4	74.2635	50	37563
4	74.45	26	37690
4	74.5	28	37725
4	74.55	28	37740
4	74.6	29	37756
4	74.6	29	37756
4	74.6439	30	37774
4	74.65	30	37781
4	74.7	30	37802
4	74.8	16	37845
4	74.85	18	37868
4	74.9	18	37880
4	74.9495	20	37899
4	74.95	10	37900
4	75.05	12	37921
4	75.1	6	37929
4	75.15	4	37938
4	75.1597	5	37938
4	75.25	3	37949
4	75.3	2	37953
4	75.35	1	37956
4	75.45	2	37963
4	75.4984	5	37970
4	75.6723	10	38005
4	75.9109	15	38065
4	76.1722	20	38150
4	76.5257	25	38260
4	76.85	14	38363
4	76.8595	15	38363
4	76.95	16	38384
4	77	16	38390
4	77.05	8	38397
4	77.15	9	38406
4	77.1733	10	38406
4	77.2	10	38408
4	77.25	10	38412
4	77.35	5	38425
4	77.4	6	38431
4	77.5	3	38438
4	77.55	4	38442
4	77.5518	5	38442
4	77.65	3	38451
4	77.6784	5	38455
4	77.7	2	38457
4	77.763	5	38464
4	77.8	2	38467
4	77.8468	5	38474
4	78.017	10	38509
4	78.1973	15	38569
4	78.3994	20	38654
4	78.6058	25	38764
4	78.8168	30	38899
4	79.0393	35	39059
4	79.326	40	39244
4	79.6358	45	39454
4	79.95	24	39669
4	79.9502	25	39669
4	80	26	39703
4	80.05	26	39716
4	80.1	27	39730
4	80.15	27	39746
4	80.25	29	39790
4	80.2875	30	39804
4	80.3	15	39817
4	80.35	17	39838
4	80.4	17	39848
4	80.45	18	39859
4	80.5	9	39872
4	80.5024	10	39872
4	80.6	6	39897
4	80.65	4	39905
4	80.6781	5	39905
4	80.7	2	39910
4	80.8	2	39915
4	80.85	2	39920
4	80.9339	5	39927
4	80.95	2	39930
4	81.0176	5	39937
4	81.1878	10	39972
4	81.3645	15	40032
4	81.5711	20	40117
4	81.7749	25	40227
4	82.95	2	40332
4	82.95	2	40332
4	82.95	2	40332
4	82.95	2	40332
4	82.95	2	40332
4	82.95	2	40332
4	82.95	2	40332
4	82.95	2	40332
4	82.95	2	40332
4	82.95	2	40332
4	82.95	2	40332
4	82.95	2	40332
4	82.95	2	40332
4	82.95	2	40332
4	82.95	2	40332
4	82.95	2	40332
4	82.95	2	40332
4	82.95	2	40332
4	82.95	2	40332
4	82.95	2	40332
4	82.95	2	40332
4	82.95	2	40332
4	82.95	2	40332
4	82.95	2	40332
4	82.95	2	40332
4	82.9918	5	40339
4	83.0861	10	40374
4	83.3226	15	40434
4	83.6676	20	40519
4	84.0829	25	40629
4	84.1	12	40635
4	84.1	12	40635
4	84.15	13	40647
4	84.2	14	40652
4	84.25	14	40658
4	84.2774	15	40662
4	84.3	15	40665
4	84.35	15	40674
4	84.4	8	40685
4	84.4337	10	40694
4	84.45	5	40696
4	84.55	3	40705
4	84.6	4	40709
4	84.6028	5	40709
4	84.7	3	40720
4	84.7351	5	40724
4	84.75	2	40725
4	84.8189	5	40732
4	84.85	2	40735
4	84.9	2	40741
4	84.9445	5	40748
4	85	3	40763
4	85.031	5	40767
4	85.1	3	40783
4	85.1165	5	40787
4	85.2448	10	40822
4	85.4086	15	40882
4	85.5769	20	40967
4	85.7526	25	41077
4	85.9388	30	41212
4	86.1725	35	41372
4	86.4346	40	41557
4	86.7353	45	41767
4	87.05	24	41996
4	87.0508	25	41996
4	87.1	26	42031
4	87.15	26	42047
4	87.15	26	42047
4	87.2	27	42064
4	87.25	28	42083
4	87.3	29	42106
4	87.3468	30	42131
4	87.35	15	42135
4	87.4	17	42159
4	87.45	18	42172
4	87.5	9	42187
4	87.5053	10	42187
4	87.65	6	42229
4	87.7	4	42240
4	87.729	5	42240
4	87.75	3	42247
4	87.7765	5	42251
4	87.8	2	42253
4	87.8593	5	42260
4	87.9	2	42265
4	87.943	5	42272
4	87.95	3	42279
4	87.9885	5	42283
4	88	2	42288
4	88.0341	5	42295
4	88.1668	10	42330
4	88.3583	15	42390
4	88.6065	20	42475
4	88.8889	25	42585
4	89.14	30	42720
4	89.35	17	42856
4	89.4	19	42886
4	89.4124	20	42893
4	89.45	20	42906
4	89.5	10	42932
4	89.55	12	42952
4	89.6	6	42965
4	89.65	4	42979
4	89.6617	5	42979
4	89.7	3	42989
4	89.7092	5	42993
4	89.75	3	43000
4	89.7538	5	43004
4	89.8865	10	43039
4	90.0486	15	43099
4	90.218	20	43184
4	90.407	25	43294
4	90.5982	30	43429
4	90.8202	35	43589
4	91.106	40	43774
4	91.4157	45	43984
4	91.65	24	44135
4	91.6516	25	44135
4	91.7	26	44169
4	91.75	26	44183
4	91.8	27	44201
4	91.8	27	44201
4	91.85	28	44224
4	91.9	14	44250
4	91.9161	15	44250
4	91.95	16	44271
4	92	16	44281
4	92.1	9	44304
4	92.1006	10	44304
4	92.15	5	44318
4	92.2	3	44325
4	92.25	4	44329
4	92.2753	5	44329
4	92.3	2	44332
4	92.3773	5	44339
4	92.4	2	44340
4	92.45	2	44346
4	92.5	2	44351
4	92.5459	5	44358
4	92.6	3	44371
4	92.6311	5	44375
4	92.65	3	44381
4	92.6753	5	44385
4	92.8036	10	44420
4	92.9674	15	44480
4	93.1349	20	44565
4	93.3208	25	44675
4	93.5395	30	44810
4	93.8224	35	44970
4	94.1319	40	45155
4	94.4	21	45319
4	94.4	21	45319
4	94.45	23	45348
4	94.5	23	45362
4	94.55	24	45376
4	94.5779	25	45388
4	94.6	25	45392
4	94.65	25	45411
4	94.7	13	45438
4	94.7366	15	45452
4	94.75	15	45458
4	94.85	8	45481
4	94.8687	10	45490
4	94.9	5	45493
4	94.95	3	45500
4	94.9602	5	45504
4	95	2	45506
4	95.0807	5	45513
4	95.1	2	45516
4	95.15	2	45521
4	95.2	2	45526
4	95.2491	5	45533
4	95.3	3	45547
4	95.3382	5	45551
4	95.35	3	45557
4	95.382	5	45561
4	95.5113	10	45596
4	95.6751	15	45656
4	95.8425	20	45741
4	96.0146	25	45851
4	96.1922	30	45986
4	96.3812	35	46146
4	96.573	40	46331
4	96.7682	45	46541
4	96.9848	50	46776
4	97.2244	55	47036
4	97.4871	60	47321
4	97.7802	65	47631
4	98.05	34	47915
4	98.0507	35	47915
4	98.1	36	47967
4	98.15	37	47991
4	98.2	37	48015
4	98.25	38	48041
4	98.3	39	48077
4	98.3379	40	48100
4	98.45	21	48185
4	98.5	23	48217
4	98.5	23	48217
4	98.5	23	48217
4	98.5	23	48217
4	98.55	24	48235
4	98.55	24	48235
4	98.5927	25	48254
4	98.65	13	48283
4	98.6764	15	48297
4	98.7	15	48306
4	98.75	8	48320
4	98.7721	10	48329
4	98.8	5	48335
4	98.85	3	48345
4	98.8595	5	48349
4	98.95	3	48367
4	98.986	5	48371
4	99	2	48376
4	99.0324	5	48383
4	99.05	2	48384
4	99.0752	5	48391
4	99.2054	10	48426
4	99.3719	15	48486
4	99.5428	20	48571
4	99.7258	25	48681
4	99.9432	30	48816
4	100.194	35	48976
4	100.475	40	49161
4	100.772	45	49371
4	100.85	23	49430
4	100.88	25	49454
4	100.9	25	49467
4	100.95	26	49485
4	101	26	49505
4	101.05	27	49530
4	101.1	14	49556
4	101.101	15	49556
4	101.15	16	49580
4	101.2	8	49594
4	101.221	10	49603
4	101.25	10	49609
4	101.447	15	49663
4	101.45	7	49665
4	101.45	7	49665
4	101.5	9	49680
4	101.5	9	49680
4	101.525	10	49682
4	101.55	5	49693
4	101.66	10	49723
4	101.826	15	49783
4	101.993	20	49868
4	102.174	25	49978
4	102.351	30	50113
4	102.534	35	50273
4	103.7	5	50415
4	103.7	5	50415
4	103.7	5	50415
4	103.7	5	50415
4	103.7	5	50415
4	103.7	5	50415
4	103.7	5	50415
4	103.7	5	50415
4	103.7	5	50415
4	103.7	5	50415
4	103.7	5	50415
4	103.7	5	50415
4	103.7	5	50415
4	103.7	5	50415
4	103.7	5	50415
4	103.7	5	50415
4	103.7	5	50415
4	103.7	5	50415
4	103.7	5	50415
4	103.7	5	50415
4	103.7	5	50415
4	103.7	5	50415
4	103.7	5	50415
4	103.7	5	50415
4	103.7	5	50415
4	103.7	5	50415
4	103.7	5	50415
4	103.7	5	50415
4	103.7	5	50415
4	103.7	5	50415
4	103.7	5	50415
4	103.724	10	50419
4	103.729	15	50424
4	103.745	20	50429
4	103.75	25	50434
4	103.972	30	50545
4	104.285	35	50705
4	104.677	40	50890
4	104.8	20	50961
4	104.8	20	50961
4	104.8	20	50961
4	104.8	20	50961
4	104.8	20	50961
4	104.8	20	50961
4	104.8	20	50961
4	104.8	20	50961
4	104.8	20	50961
4	104.8	20	50961
4	105.024	25	51051
4	105.05	12	51053
4	105.1	14	51072
4	105.117	15	51080
4	105.2	8	51101
4	105.24	10	51110
4	105.25	5	51113
4	105.3	3	51120
4	105.328	5	51124
4	105.4	2	51129
4	105.45	2	51133
4	105.497	5	51140
4	105.55	3	51148
4	105.582	5	51152
4	105.6	2	51155
4	105.663	5	51162
4	105.7	3	51169
4	105.709	5	51173
4	105.75	3	51181
4	105.755	5	51185
4	105.885	10	51220
4	106.051	15	51280
4	106.221	20	51365
4	106.396	25	51475
4	106.621	30	51610
4	106.875	35	51770
4	107.152	40	51955
4	107.465	45	52165
4	107.55	23	52236
4	107.572	25	52260
4	107.6	25	52272
4	107.65	26	52289
4	107.65	26	52289
4	107.7	27	52314
4	107.75	27	52337
4	107.845	30	52395
4	107.85	15	52397
4	107.9	17	52423
4	107.95	18	52438
4	108	9	52455
4	108.003	10	52455
4	108.05	11	52473
4	108.1	6	52492
4	108.2	4	52516
4	108.217	5	52516
4	108.25	3	52527
4	108.267	5	52531
4	108.3	2	52536
4	108.313	5	52543
4	108.443	10	52578
4	108.61	15	52638
4	108.779	20	52723
4	108.954	25	52833
4	109.163	30	52968
4	109.388	35	53128
4	109.681	40	53313
4	109.996	45	53523
4	110.2	23	53656
4	110.2	23	53656
4	110.243	25	53680
4	110.25	25	53688
4	110.3	25	53703
4	110.35	26	53718
4	110.35	26	53718
4	110.4	27	53736
4	110.45	27	53757
4	110.5	28	53786
4	110.549	30	53815
4	110.6	15	53844
4	110.65	17	53869
4	110.7	18	53883
4	110.75	9	53899
4	110.751	10	53899
4	110.8	11	53916
4	110.9	7	53949
4	110.95	4	53963
4	110.97	5	53963
4	111	3	53973
4	111.019	5	53977
4	111.1	3	53990
4	111.104	5	53994
4	111.15	3	54007
4	111.187	5	54011
4	111.314	10	54046
4	111.478	15	54106
4	111.646	20	54191
4	111.818	25	54301
4	111.995	30	54436
4	112.179	35	54596
4	112.371	40	54781
4	112.567	45	54991
4	112.784	50	55226
4	113.024	55	55486
4	113.287	60	55771
4	113.574	65	56081
4	113.85	34	56380
4	113.85	35	56380
4	113.9	36	56434
4	113.95	37	56460
4	114	37	56486
4	114.05	38	56515
4	114.1	39	56553
4	114.111	40	56565
4	114.15	40	56593
4	114.2	41	56635
4	114.25	21	56673
4	114.3	23	56710
4	114.37	25	56742
4	114.4	25	56750
4	114.45	13	56781
4	114.484	15	56795
4	114.5	15	56805
4	114.55	8	56820
4	114.574	10	56829
4	114.6	5	56836
4	114.65	3	56847
4	114.663	5	56851
4	114.75	3	56867
4	114.767	5	56871
4	114.8	3	56877
4	114.83	5	56881
4	114.85	3	56887
4	114.873	5	56891
4	115.002	10	56926
4	115.165	15	56986
4	115.333	20	57071
4	115.505	25	57181
4	115.683	30	57316
4	115.867	35	57476
4	116.06	40	57661
4	116.271	45	57871
4	116.516	50	58106
4	116.783	55	58366
4	117.079	60	58651
4	117.3	31	58862
4	117.35	33	58911
4	117.4	34	58932
4	117.45	34	58955
4	117.46	35	58961
4	117.5	35	58983
4	117.55	36	59016
4	117.6	37	59052
4	117.65	19	59087
4	117.651	20	59087
4	117.7	21	59118
4	117.75	22	59134
4	117.8	11	59152
4	117.85	13	59171
4	117.91	15	59191
4	117.95	7	59202
4	118	9	59215
4	118.028	10	59219
4	118.05	5	59224
4	118.1	3	59234
4	118.115	5	59238
4	118.15	2	59242
4	118.198	5	59249
4	118.25	3	59264
4	118.284	5	59268
4	118.3	3	59274
4	118.328	5	59278
4	118.456	10	59313
4	118.62	15	59373
4	118.787	20	59458
4	118.96	25	59568
4	119.137	30	59703
4	119.321	35	59863
4	119.513	40	60048
4	119.709	45	60258
4	119.926	50	60493
4	120.95	2	60498
4	120.95	2	60498
4	120.95	2	60498
4	120.95	2	60498
4	120.95	2	60498
4	120.95	2	60498
4	120.95	2	60498
4	120.95	2	60498
4	120.95	2	60498
4	120.95	2	60498
4	120.95	2	60498
4	120.95	2	60498
4	120.95	2	60498
4	120.95	2	60498
4	120.95	2	60498
4	120.95	2	60498
4	120.95	2	60498
4	120.95	2	60498
4	120.95	2	60498
4	120.95	2	60498
4	120.95	2	60498
4	120.95	2	60498
4	120.95	2	60498
4	120.95	2	60498
4	120.95	2	60498
4	120.95	2	60498
4	120.95	2	60498
4	120.95	2	60498
4	120.95	2	60498
4	120.95	2	60498
4	120.95	2	60498
4	120.95	2	60498
4	120.992	5	60505
4	121.077	10	60540
4	121.231	15	60600
4	121.398	20	60685
4	121.585	25	60795
4	121.765	30	60930
4	121.963	35	61090
4	122.209	40	61275
4	122.497	45	61485
4	122.806	50	61720
4	123	26	61870
4	123.05	28	61909
4	123.1	29	61926
4	123.1	29	61926
4	123.15	29	61946
4	123.159	30	61954
4	123.2	30	61975
4	123.25	31	62005
4	123.3	16	62032
4	123.35	18	62058
4	123.4	19	62072
4	123.434	20	62086
4	123.45	10	62088
4	123.5	12	62105
4	123.6	7	62136
4	123.65	4	62149
4	123.669	5	62149
4	123.75	3	62165
4	123.759	5	62169
4	123.85	4	62188
4	123.883	5	62188
4	123.9	3	62198
4	123.93	5	62202
4	123.95	2	62207
4	123.976	5	62214
4	124.106	10	62249
4	124.272	15	62309
4	124.442	20	62394
4	124.617	25	62504
4	124.811	30	62639
4	125.018	35	62799
4	125.246	40	62984
4	125.492	45	63194
4	125.763	50	63429
4	126	26	63634
4	126.13	30	63718
4	126.15	30	63722
4	126.25	16	63785
4	126.35	19	63824
4	126.4	19	63839
4	126.407	20	63839
4	126.45	10	63857
4	126.5	12	63875
4	126.55	6	63891
4	126.671	10	63915
4	126.7	5	63920
4	126.75	3	63930
4	126.75	3	63930
4	126.758	5	63934
4	126.8	3	63942
4	126.838	5	63946
4	126.9	3	63964
4	126.926	5	63968
4	127.054	10	64003
4	127.219	15	64063
4	127.387	20	64148
4	127.561	25	64258
4	127.738	30	64393
4	127.921	35	64553
4	128.113	40	64738
4	128.308	45	64948
4	128.525	50	65183
4	128.764	55	65443
4	129.027	60	65728
4	129.317	65	66038
4	129.6	34	66326
4	129.6	35	66326
4	129.65	36	66377
4	129.7	37	66398
4	129.75	37	66420
4	129.8	38	66445
4	129.85	39	66475
4	129.9	39	66508
4	129.903	40	66511
4	129.95	40	66545
4	130	41	66580
4	130.05	21	66615
4	130.15	24	66664
4	130.2	24	66681
4	130.2	24	66681
4	130.2	24	66681
4	130.2	24	66681
4	130.204	25	66684
4	130.25	25	66708
4	130.3	13	66738
4	130.333	15	66752
4	130.35	15	66763
4	130.4	16	66778
4	130.45	8	66795
4	130.45	8	66795
4	130.465	10	66804
4	130.55	6	66831
4	130.6	4	66849
4	130.601	5	66849
4	130.723	10	66884
4	130.887	15	66944
4	131.056	20	67029
4	131.23	25	67139
4	131.409	30	67274
4	131.613	35	67434
4	131.829	40	67619
4	132.076	45	67829
4	132.353	50	68064
4	132.636	55	68324
4	132.75	28	68424
4	132.781	30	68453
4	132.85	31	68489
4	132.9	31	68511
4	132.95	32	68538
4	133	33	68571
4	133.05	17	68606
4	133.1	19	68634
4	133.131	20	68643
4	133.15	20	68649
4	133.2	10	68666
4	133.359	15	68716
4	133.4	7	68728
4	133.45	9	68741
4	133.473	10	68745
4	133.5	5	68750
4	133.55	3	68760
4	133.559	5	68764
4	133.6	2	68769
4	133.643	5	68776
4	133.65	2	68781
4	133.689	5	68788
4	133.75	3	68798
4	133.771	5	68802
4	133.9	10	68837
4	134.063	15	68897
4	134.231	20	68982
4	134.403	25	69092
4	134.586	30	69227
4	134.818	35	69387
4	135.079	40	69572
4	135.38	45	69782
4	135.7	24	70017
4	135.701	25	70017
4	135.75	26	70052
4	135.8	26	70068
4	135.85	27	70084
4	135.85	27	70084
4	135.9	28	70103
4	135.95	29	70126
4	135.996	30	70152
4	136	15	70157
4	136.05	17	70181
4	136.1	18	70194
4	136.15	9	70209
4	136.159	10	70209
4	136.25	6	70235
4	136.35	4	70255
4	136.352	5	70255
4	136.4	3	70264
4	136.428	5	70268
4	136.45	2	70270
4	136.5	2	70276
4	136.549	5	70283
4	136.6	3	70296
4	136.634	5	70300
4	136.65	3	70306
4	136.68	5	70310
4	136.808	10	70345
4	136.97	15	70405
4	137.139	20	70490
4	138.3	2	70581
4	138.3	2	70581
4	138.3	2	70581
4	138.3	2	70581
4	138.3	2	70581
4	138.3	2	70581
4	138.3	2	70581
4	138.3	2	70581
4	138.3	2	70581
4	138.3	2	70581
4	138.3	2	70581
4	138.3	2	70581
4	138.3	2	70581
4	138.3	2	70581
4	138.3	2	70581
4	138.3	2	70581
4	138.341	5	70588
4	138.447	10	70623
4	138.602	15	70683
4	138.77	20	70768
4	138.95	25	70878
4	139.132	30	71013
4	139.333	35	71173
4	139.575	40	71358
4	139.845	45	71568
4	140.15	50	71803
4	140.35	26	71956
4	140.4	28	71994
4	140.45	29	72012
4	140.5	29	72031
4	140.522	30	72040
4	140.55	30	72051
4	140.6	31	72078
4	140.65	16	72108
4	140.7	18	72133
4	140.75	19	72146
4	140.8	19	72161
4	140.807	20	72162
4	140.85	10	72180
4	140.95	6	72210
4	141	4	72221
4	141.018	5	72221
4	141.05	3	72228
4	141.072	5	72232
4	141.1	2	72234
4	141.155	5	72241
4	141.2	3	72251
4	141.239	5	72255
4	141.25	2	72260
4	141.286	5	72267
4	141.3	2	72268
4	141.329	5	72275
4	141.459	10	72310
4	141.639	15	72370
4	141.876	20	72455
4	142.131	25	72565
4	142.444	30	72700
4	142.65	16	72792
4	142.7	18	72813
4	142.75	18	72824
4	142.8	19	72835
4	142.836	20	72846
4	143	11	72893
4	143.05	13	72909
4	143.1	13	72918
4	143.15	7	72931
4	143.2	4	72942
4	143.225	5	72942
4	143.25	3	72949
4	143.281	5	72953
4	143.35	3	72959
4	143.368	5	72963
4	143.4	2	72965
4	143.45	2	72972
4	143.494	5	72979
4	143.55	3	72992
4	143.579	5	72996
4	143.6	3	73002
4	143.623	5	73006
4	143.751	10	73041
4	143.915	15	73101
4	144.083	20	73186
4	144.255	25	73296
4	144.434	30	73431
4	144.624	35	73591
4	144.833	40	73776
4	145.07	45	73986
4	145.336	50	74221
4	145.628	55	74481
4	145.9	29	74723
4	145.901	30	74723
4	145.95	31	74769
4	146	32	74789
4	146.05	32	74811
4	146.1	33	74841
4	146.15	34	74872
4	146.176	35	74883
4	146.2	35	74907
4	146.25	18	74938
4	146.279	20	74957
4	146.3	20	74968
4	146.35	21	74984
4	146.4	11	75002
4	146.45	13	75021
4	146.501	15	75041
4	146.55	8	75057
4	146.583	10	75066
4	146.6	5	75072
4	146.65	3	75082
4	146.67	5	75086
4	146.7	2	75090
4	146.753	5	75097
4	146.8	3	75110
4	146.838	5	75114
4	146.85	3	75121
4	146.882	5	75125
4	147.011	10	75160
4	147.175	15	75220
4	147.342	20	75305
4	147.514	25	75415
4	147.692	30	75550
4	147.876	35	75710
4	148.068	40	75895
4	148.264	45	76105
4	148.481	50	76340
4	148.722	55	76600
4	148.986	60	76885
4	149.273	65	77195
4	149.55	34	77494
4	149.55	35	77494
4	149.6	36	77548
4	149.65	37	77574
4	149.7	37	77600
4	149.75	38	77629
4	149.8	39	77667
4	149.812	40	77679
4	149.85	40	77707
4	149.9	41	77747
4	149.95	21	77787
4	150	23	77824
4	150.05	24	77843
4	150.071	25	77856
4	150.15	13	77895
4	150.184	15	77909
4	150.2	15	77919
4	150.25	8	77933
4	150.273	10	77942
4	150.3	5	77949
4	150.444	10	77979
4	150.45	5	77985
4	150.5	3	77996
4	150.5	3	77996
4	150.531	5	78000
4	150.55	2	78005
4	150.577	5	78012
4	150.707	10	78047
4	150.873	15	78107
4	151.043	20	78192
4	151.218	25	78302
4	151.412	30	78437
4	151.624	35	78597
4	151.878	40	78782
4	152.168	45	78992
4	152.479	50	79227
4	152.55	25	79287
4	152.6	27	79325
4	152.65	28	79341
4	152.7	28	79359
4	152.75	29	79378
4	152.786	30	79397
4	152.8	30	79402
4	152.85	15	79433
4	152.9	17	79457
4	152.95	18	79469
4	153.05	9	79497
4	153.051	10	79497
4	153.1	11	79512
4	153.2	6	79539
4	153.25	4	79550
4	153.271	5	79550
4	153.3	3	79557
4	153.32	5	79561
4	153.35	2	79563
4	153.403	5	79570
4	153.45	3	79582
4	153.489	5	79586
4	153.5	2	79591
4	153.535	5	79598
4	153.55	2	79599
4	153.578	5	79606
4	153.708	10	79641
4	153.875	15	79701
4	154.044	20	79786
4	154.219	25	79896
4	154.41	30	80031
4	154.594	35	80191
4	154.815	40	80376
4	155.063	45	80586
4	156.199	10	80668
4	156.2	5	80670
4	156.342	10	80700
4	156.511	15	80760
4	156.678	20	80845
4	156.866	25	80955
4	157.054	30	81090
4	157.271	35	81250
4	157.545	40	81435
4	157.888	45	81645
4	158.2	24	81824
4	158.2	24	81824
4	158.2	24	81824
4	158.2	24	81824
4	158.202	25	81824
4	158.25	25	81847
4	158.25	25	81847
4	158.35	26	81861
4	158.4	26	81871
4	158.4	26	81871
4	158.4	26	81871
4	158.4	26	81871
4	158.55	28	81920
4	158.6	14	81938
4	158.6	14	81938
4	158.6	14	81938
4	158.6	15	81938
4	158.65	16	81954
4	158.8	17	81983
4	158.85	9	81995
4	158.85	9	81995
4	158.85	10	81995
4	158.9	10	82005
4	159	6	82023
4	159	6	82023
4	159.05	7	82030
4	159.05	7	82030
4	159.05	7	82030
4	159.15	4	82045
4	159.151	5	82045
4	159.303	10	82080
4	159.479	15	82140
4	159.664	20	82225
4	159.838	25	82335
4	160.028	30	82470
4	160.225	35	82630
4	160.433	40	82815
4	160.658	45	83025
4	160.91	50	83260
4	161.205	55	83520
4	161.35	28	83651
4	161.379	30	83680
4	161.4	30	83692
4	161.5	31	83726
4	161.5	31	83726
4	161.6	33	83780
4	161.698	35	83840
4	161.7	17	83841
4	161.75	19	83864
4	161.75	19	83864
4	161.75	19	83864
4	161.816	20	83878
4	161.9	21	83904
4	161.9	21	83904
4	161.9	21	83904
4	161.9	21	83904
4	161.9	21	83904
4	161.9	21	83904
4	162.068	25	83988
4	162.1	13	84014
4	162.1	13	84014
4	162.129	15	84028
4	162.15	15	84038
4	162.324	20	84113
4	162.501	25	84223
4	162.697	30	84358
4	162.889	35	84518
4	163.092	40	84703
4	163.334	45	84913
4	163.62	50	85148
4	163.938	55	85408
4	164.05	28	85488
4	164.05	28	85488
4	164.05	28	85488
4	164.094	30	85517
4	164.1	30	85519
4	164.25	31	85554
4	164.25	31	85554
4	164.3	31	85571
4	164.3	31	85571
4	164.35	32	85590
4	164.35	32	85590
4	164.45	33	85635
4	164.45	33	85635
4	164.45	33	85635
4	164.45	33	85635
4	164.5	17	85659
4	164.55	19	85682
4	164.618	20	85696
4	164.7	10	85719
4	164.8	12	85738
4	164.8	12	85738
4	164.8	12	85738
4	164.954	15	85769
4	165	7	85782
4	165	7	85782
4	165	7	85782
4	165	7	85782
4	165.05	9	85793
4	165.05	9	85793
4	165.074	10	85799
4	165.253	15	85859
4	165.436	20	85944
4	165.609	25	86054
4	165.782	30	86189
4	165.973	35	86349
4	166.168	40	86534
4	166.362	45	86744
4	166.578	50	86979
4	166.815	55	87239
4	167.072	60	87524
4	167.3	32	87777
4	167.3	32	87777
4	167.404	35	87844
4	167.45	35	87866
4	167.45	35	87866
4	167.7	19	88010
4	167.7	19	88010
4	167.7	19	88010
4	167.7	19	88010
4	167.7	19	88010
4	167.7	19	88010
4	167.7	19	88010
4	167.701	20	88010
4	167.8	22	88055
4	167.85	22	88072
4	167.9	23	88090
4	167.9	23	88090
4	167.9	23	88090
4	167.9	23	88090
4	167.947	25	88120
4	168.05	13	88182
4	168.067	15	88196
4	168.15	8	88228
4	168.15	8	88228
4	168.168	10	88237
4	168.3	6	88275
4	168.3	6	88275
4	168.375	10	88299
4	168.542	15	88359
4	168.69	20	88444
4	168.806	25	88554
4	168.928	30	88689
4	169.068	35	88849
4	169.231	40	89034
4	169.42	45	89244
4	169.631	50	89479
4	169.871	55	89739
4	170.138	60	90024
4	170.15	30	90036
4	170.25	32	90087
4	170.25	32	90087
4	170.25	32	90087
4	170.35	34	90133
4	170.35	34	90133
4	170.35	34	90133
4	170.35	34	90133
4	170.35	34	90133
4	170.35	34	90133
4	170.4	34	90160
4	170.414	35	90166
4	170.5	36	90227
4	170.55	18	90270
4	170.55	18	90270
4	170.583	20	90289
4	170.65	21	90314
4	170.7	22	90335
4	170.7	22	90335
4	170.827	25	90399
4	170.85	12	90412
4	170.85	12	90412
4	170.85	12	90412
4	170.9	14	90438
4	170.909	15	90439
4	170.95	15	90454
4	171.088	20	90524
4	171.15	10	90564
4	171.15	10	90564
4	171.15	10	90564
4	171.249	15	90614
4	171.381	20	90699
4	172.496	10	90751
4	172.538	15	90756
4	172.543	20	90761
4	172.58	25	90766
4	172.833	30	90877
4	173.187	35	91037
4	173.598	40	91222
4	173.6	20	91224
4	173.6	20	91224
4	173.6	20	91224
4	173.6	20	91224
4	173.65	22	91246
4	173.7	22	91255
4	173.85	23	91286
4	173.9	24	91298
4	173.95	24	91313
4	173.952	25	91314
4	174.05	13	91344
4	174.098	15	91358
4	174.1	15	91360
4	174.2	8	91375
4	174.25	9	91383
4	174.285	10	91384
4	174.3	5	91386
4	174.35	6	91390
4	174.45	3	91394
4	174.55	4	91398
4	174.56	5	91398
4	174.6	2	91400
4	174.717	5	91407
4	174.98	10	91442
4	175.05	5	91455
4	175.194	10	91485
4	175.408	15	91545
4	175.622	20	91630
4	175.836	25	91740
4	176.05	30	91875
4	176.279	35	92035
4	176.562	40	92220
4	176.872	45	92430
4	177.22	50	92665
4	177.35	25	92764
4	177.4	27	92799
4	177.45	27	92812
4	177.45	27	92812
4	177.55	28	92843
4	177.6	29	92862
4	177.614	30	92874
4	177.65	30	92888
4	177.7	15	92915
4	177.75	17	92937
4	177.85	18	92957
4	177.9	9	92969
4	177.902	10	92969
4	178.05	6	93000
4	178.1	7	93007
4	178.15	4	93011
4	178.166	5	93011
4	178.25	3	93019
4	178.295	5	93023
4	178.3	2	93024
4	178.38	5	93031
4	178.595	10	93066
4	178.835	15	93126
4	179.136	20	93211
4	179.49	25	93321
4	179.85	14	93439
4	179.85	15	93439
4	180	16	93463
4	180.05	16	93468
4	180.15	17	93481
4	180.2	9	93489
4	180.205	10	93489
4	180.3	5	93500
4	180.35	6	93503
4	181.45	6	93503
4	181.5	6	93504
4	181.5	6	93504
4	181.5	6	93504
4	181.5	6	93504
4	181.5	6	93504
4	181.671	10	93530
4	181.885	15	93590
4	182.099	20	93675
4	182.313	25	93785
4	182.527	30	93920
4	182.75	35	94080
4	183.025	40	94265
4	183.33	45	94475
4	183.654	50	94710
4	183.85	26	94850
4	183.95	28	94901
4	183.95	28	94901
4	184	29	94917
4	184.042	30	94934
4	184.05	30	94935
4	184.1	30	94957
4	184.15	31	94986
4	184.2	16	95015
4	184.3	18	95050
4	184.35	19	95062
4	184.364	20	95069
4	184.4	10	95077
4	184.55	7	95114
4	184.6	4	95124
4	184.618	5	95124
4	184.75	3	95141
4	184.792	5	95145
4	184.8	2	95146
4	184.877	5	95153
4	185.091	10	95188
4	185.305	15	95248
4	185.519	20	95333
4	185.733	25	95443
4	185.947	30	95578
4	186.161	35	95738
4	186.388	40	95923
4	186.659	45	96133
4	186.94	50	96368
4	187.229	55	96628
4	187.494	60	96913
4	187.5	30	96920
4	187.6	33	96993
4	187.65	34	97018
4	187.698	35	97050
4	187.7	35	97052
4	187.75	36	97088
4	187.8	18	97126
4	187.831	20	97145
4	187.85	20	97158
4	187.9	21	97175
4	187.95	22	97194
4	188.05	12	97250
4	188.126	15	97277
4	188.34	20	97362
4	188.554	25	97472
4	188.768	30	97607
4	188.982	35	97767
4	189.196	40	97952
4	189.41	45	98162
4	189.629	50	98397
4	189.869	55	98657
4	190.132	60	98942
4	190.419	65	99252
4	190.728	70	99587
4	190.95	36	99827
4	191	38	99881
4	191.05	39	99905
4	191.1	39	99929
4	191.119	40	99941
4	191.15	40	99955
4	191.2	41	99989
4	191.3	42	100064
4	191.35	43	100100
4	191.4	22	100135
4	191.45	24	100170
4	191.476	25	100182
4	191.5	25	100186
4	191.55	25	100206
4	191.65	14	100262
4	191.653	15	100262
4	191.7	16	100284
4	191.75	8	100297
4	191.776	10	100306
4	191.85	5	100318
4	191.9	3	100327
4	191.925	5	100331
4	191.95	2	100333
4	192.021	5	100340
4	192.235	10	100375
4	192.451	15	100435
4	192.671	20	100520
4	192.89	25	100630
4	193.109	30	100765
4	194.248	10	100834
4	194.25	5	100835
4	194.25	5	100835
4	194.44	10	100865
4	194.743	15	100925
4	195.155	20	101010
4	195.35	10	101045
4	195.45	11	101056
4	195.5	12	101058
4	195.55	12	101062
4	195.6	12	101068
4	195.65	6	101073
4	195.75	7	101080
4	195.8	4	101082
4	195.842	5	101082
4	195.9	2	101086
4	196	3	101087
4	196.1	3	101089
4	196.196	5	101093
4	196.2	2	101094
4	196.3	2	101101
4	196.433	5	101108
4	196.65	4	101127
4	196.652	5	101127
4	196.99	10	101162
4	197.245	15	101222
4	197.25	7	101225
4	197.329	10	101242
4	197.45	6	101265
4	197.5	4	101280
4	197.501	5	101280
4	197.65	4	101305
4	197.664	5	101305
4	197.8	10	101340
4	198.006	15	101400
4	198.211	20	101485
4	198.397	25	101595
4	198.61	30	101730
4	198.852	35	101890
4	199.123	40	102075
4	199.414	45	102285
4	199.71	50	102520
4	199.75	25	102556
4	199.85	28	102616
4	199.9	28	102637
4	199.95	29	102662
4	199.958	30	102666
